"","date","BuyAmount_Inst","SellAmount_Inst","NetBuyAmount_Inst","BuyAmount_Indv","SellAmount_Indv","NetBuyAmount_Indv","BuyAmount_Frgn","SellAmount_Frgn","NetBuyAmount_Frgn","BuyAmount_All","SellAmount_All"
"3",1990-01-03,NA,NA,0,NA,NA,0,NA,NA,0,NA,NA
"4",1990-01-04,NA,NA,0,NA,NA,0,NA,NA,0,NA,NA
"5",1990-01-05,NA,NA,0,NA,NA,0,NA,NA,0,NA,NA
"6",1990-01-06,NA,NA,0,NA,NA,0,NA,NA,0,NA,NA
"7",1990-01-08,NA,NA,0,NA,NA,0,NA,NA,0,NA,NA
"8",1990-01-09,NA,NA,0,NA,NA,0,NA,NA,0,NA,NA
"9",1990-01-10,NA,NA,0,NA,NA,0,NA,NA,0,NA,NA
"10",1990-01-11,NA,NA,0,NA,NA,0,NA,NA,0,NA,NA
"11",1990-01-12,NA,NA,0,NA,NA,0,NA,NA,0,NA,NA
"12",1990-01-13,NA,NA,0,NA,NA,0,NA,NA,0,NA,NA
"13",1990-01-15,NA,NA,0,NA,NA,0,NA,NA,0,NA,NA
"14",1990-01-16,NA,NA,0,NA,NA,0,NA,NA,0,NA,NA
"15",1990-01-17,NA,NA,0,NA,NA,0,NA,NA,0,NA,NA
"16",1990-01-18,NA,NA,0,NA,NA,0,NA,NA,0,NA,NA
"17",1990-01-19,NA,NA,0,NA,NA,0,NA,NA,0,NA,NA
"18",1990-01-20,NA,NA,0,NA,NA,0,NA,NA,0,NA,NA
"19",1990-01-22,NA,NA,0,NA,NA,0,NA,NA,0,NA,NA
"20",1990-01-23,NA,NA,0,NA,NA,0,NA,NA,0,NA,NA
"21",1990-01-24,NA,NA,0,NA,NA,0,NA,NA,0,NA,NA
"22",1990-01-25,NA,NA,0,NA,NA,0,NA,NA,0,NA,NA
"23",1990-01-29,NA,NA,0,NA,NA,0,NA,NA,0,NA,NA
"24",1990-01-30,NA,NA,0,NA,NA,0,NA,NA,0,NA,NA
"25",1990-01-31,NA,NA,0,NA,NA,0,NA,NA,0,NA,NA
"26",1990-02-01,NA,NA,0,NA,NA,0,NA,NA,0,NA,NA
"27",1990-02-02,NA,NA,0,NA,NA,0,NA,NA,0,NA,NA
"28",1990-02-03,NA,NA,0,NA,NA,0,NA,NA,0,NA,NA
"29",1990-02-05,NA,NA,0,NA,NA,0,NA,NA,0,NA,NA
"30",1990-02-06,NA,NA,0,NA,NA,0,NA,NA,0,NA,NA
"31",1990-02-07,NA,NA,0,NA,NA,0,NA,NA,0,NA,NA
"32",1990-02-08,NA,NA,0,NA,NA,0,NA,NA,0,NA,NA
"33",1990-02-09,NA,NA,0,NA,NA,0,NA,NA,0,NA,NA
"34",1990-02-10,NA,NA,0,NA,NA,0,NA,NA,0,NA,NA
"35",1990-02-12,NA,NA,0,NA,NA,0,NA,NA,0,NA,NA
"36",1990-02-13,NA,NA,0,NA,NA,0,NA,NA,0,NA,NA
"37",1990-02-14,NA,NA,0,NA,NA,0,NA,NA,0,NA,NA
"38",1990-02-15,NA,NA,0,NA,NA,0,NA,NA,0,NA,NA
"39",1990-02-16,NA,NA,0,NA,NA,0,NA,NA,0,NA,NA
"40",1990-02-17,NA,NA,0,NA,NA,0,NA,NA,0,NA,NA
"41",1990-02-19,NA,NA,0,NA,NA,0,NA,NA,0,NA,NA
"42",1990-02-20,NA,NA,0,NA,NA,0,NA,NA,0,NA,NA
"43",1990-02-21,NA,NA,0,NA,NA,0,NA,NA,0,NA,NA
"44",1990-02-22,NA,NA,0,NA,NA,0,NA,NA,0,NA,NA
"45",1990-02-23,NA,NA,0,NA,NA,0,NA,NA,0,NA,NA
"46",1990-02-24,NA,NA,0,NA,NA,0,NA,NA,0,NA,NA
"47",1990-02-26,NA,NA,0,NA,NA,0,NA,NA,0,NA,NA
"48",1990-02-27,NA,NA,0,NA,NA,0,NA,NA,0,NA,NA
"49",1990-02-28,NA,NA,0,NA,NA,0,NA,NA,0,NA,NA
"50",1990-03-02,NA,NA,0,NA,NA,0,NA,NA,0,NA,NA
"51",1990-03-03,NA,NA,0,NA,NA,0,NA,NA,0,NA,NA
"52",1990-03-05,NA,NA,0,NA,NA,0,NA,NA,0,NA,NA
"53",1990-03-06,NA,NA,0,NA,NA,0,NA,NA,0,NA,NA
"54",1990-03-07,NA,NA,0,NA,NA,0,NA,NA,0,NA,NA
"55",1990-03-08,NA,NA,0,NA,NA,0,NA,NA,0,NA,NA
"56",1990-03-09,NA,NA,0,NA,NA,0,NA,NA,0,NA,NA
"57",1990-03-12,NA,NA,0,NA,NA,0,NA,NA,0,NA,NA
"58",1990-03-13,NA,NA,0,NA,NA,0,NA,NA,0,NA,NA
"59",1990-03-14,NA,NA,0,NA,NA,0,NA,NA,0,NA,NA
"60",1990-03-15,NA,NA,0,NA,NA,0,NA,NA,0,NA,NA
"61",1990-03-16,NA,NA,0,NA,NA,0,NA,NA,0,NA,NA
"62",1990-03-17,NA,NA,0,NA,NA,0,NA,NA,0,NA,NA
"63",1990-03-19,NA,NA,0,NA,NA,0,NA,NA,0,NA,NA
"64",1990-03-20,NA,NA,0,NA,NA,0,NA,NA,0,NA,NA
"65",1990-03-21,NA,NA,0,NA,NA,0,NA,NA,0,NA,NA
"66",1990-03-22,NA,NA,0,NA,NA,0,NA,NA,0,NA,NA
"67",1990-03-23,NA,NA,0,NA,NA,0,NA,NA,0,NA,NA
"68",1990-03-24,NA,NA,0,NA,NA,0,NA,NA,0,NA,NA
"69",1990-03-26,NA,NA,0,NA,NA,0,NA,NA,0,NA,NA
"70",1990-03-27,NA,NA,0,NA,NA,0,NA,NA,0,NA,NA
"71",1990-03-28,NA,NA,0,NA,NA,0,NA,NA,0,NA,NA
"72",1990-03-29,NA,NA,0,NA,NA,0,NA,NA,0,NA,NA
"73",1990-03-30,NA,NA,0,NA,NA,0,NA,NA,0,NA,NA
"74",1990-03-31,NA,NA,0,NA,NA,0,NA,NA,0,NA,NA
"75",1990-04-02,NA,NA,0,NA,NA,0,NA,NA,0,NA,NA
"76",1990-04-03,NA,NA,0,NA,NA,0,NA,NA,0,NA,NA
"77",1990-04-04,NA,NA,0,NA,NA,0,NA,NA,0,NA,NA
"78",1990-04-06,NA,NA,0,NA,NA,0,NA,NA,0,NA,NA
"79",1990-04-07,NA,NA,0,NA,NA,0,NA,NA,0,NA,NA
"80",1990-04-09,NA,NA,0,NA,NA,0,NA,NA,0,NA,NA
"81",1990-04-10,NA,NA,0,NA,NA,0,NA,NA,0,NA,NA
"82",1990-04-11,NA,NA,0,NA,NA,0,NA,NA,0,NA,NA
"83",1990-04-12,NA,NA,0,NA,NA,0,NA,NA,0,NA,NA
"84",1990-04-13,NA,NA,0,NA,NA,0,NA,NA,0,NA,NA
"85",1990-04-14,NA,NA,0,NA,NA,0,NA,NA,0,NA,NA
"86",1990-04-16,NA,NA,0,NA,NA,0,NA,NA,0,NA,NA
"87",1990-04-17,NA,NA,0,NA,NA,0,NA,NA,0,NA,NA
"88",1990-04-18,NA,NA,0,NA,NA,0,NA,NA,0,NA,NA
"89",1990-04-19,NA,NA,0,NA,NA,0,NA,NA,0,NA,NA
"90",1990-04-20,NA,NA,0,NA,NA,0,NA,NA,0,NA,NA
"91",1990-04-21,NA,NA,0,NA,NA,0,NA,NA,0,NA,NA
"92",1990-04-23,NA,NA,0,NA,NA,0,NA,NA,0,NA,NA
"93",1990-04-24,NA,NA,0,NA,NA,0,NA,NA,0,NA,NA
"94",1990-04-25,NA,NA,0,NA,NA,0,NA,NA,0,NA,NA
"95",1990-04-26,NA,NA,0,NA,NA,0,NA,NA,0,NA,NA
"96",1990-04-27,NA,NA,0,NA,NA,0,NA,NA,0,NA,NA
"97",1990-04-28,NA,NA,0,NA,NA,0,NA,NA,0,NA,NA
"98",1990-04-30,NA,NA,0,NA,NA,0,NA,NA,0,NA,NA
"99",1990-05-01,NA,NA,0,NA,NA,0,NA,NA,0,NA,NA
"100",1990-05-03,NA,NA,0,NA,NA,0,NA,NA,0,NA,NA
"101",1990-05-04,NA,NA,0,NA,NA,0,NA,NA,0,NA,NA
"102",1990-05-07,NA,NA,0,NA,NA,0,NA,NA,0,NA,NA
"103",1990-05-08,NA,NA,0,NA,NA,0,NA,NA,0,NA,NA
"104",1990-05-09,NA,NA,0,NA,NA,0,NA,NA,0,NA,NA
"105",1990-05-10,NA,NA,0,NA,NA,0,NA,NA,0,NA,NA
"106",1990-05-11,NA,NA,0,NA,NA,0,NA,NA,0,NA,NA
"107",1990-05-12,NA,NA,0,NA,NA,0,NA,NA,0,NA,NA
"108",1990-05-14,NA,NA,0,NA,NA,0,NA,NA,0,NA,NA
"109",1990-05-15,NA,NA,0,NA,NA,0,NA,NA,0,NA,NA
"110",1990-05-16,NA,NA,0,NA,NA,0,NA,NA,0,NA,NA
"111",1990-05-17,NA,NA,0,NA,NA,0,NA,NA,0,NA,NA
"112",1990-05-18,NA,NA,0,NA,NA,0,NA,NA,0,NA,NA
"113",1990-05-19,NA,NA,0,NA,NA,0,NA,NA,0,NA,NA
"114",1990-05-21,NA,NA,0,NA,NA,0,NA,NA,0,NA,NA
"115",1990-05-22,NA,NA,0,NA,NA,0,NA,NA,0,NA,NA
"116",1990-05-23,NA,NA,0,NA,NA,0,NA,NA,0,NA,NA
"117",1990-05-24,NA,NA,0,NA,NA,0,NA,NA,0,NA,NA
"118",1990-05-25,NA,NA,0,NA,NA,0,NA,NA,0,NA,NA
"119",1990-05-26,NA,NA,0,NA,NA,0,NA,NA,0,NA,NA
"120",1990-05-28,NA,NA,0,NA,NA,0,NA,NA,0,NA,NA
"121",1990-05-29,NA,NA,0,NA,NA,0,NA,NA,0,NA,NA
"122",1990-05-30,NA,NA,0,NA,NA,0,NA,NA,0,NA,NA
"123",1990-05-31,NA,NA,0,NA,NA,0,NA,NA,0,NA,NA
"124",1990-06-01,NA,NA,0,NA,NA,0,NA,NA,0,NA,NA
"125",1990-06-02,NA,NA,0,NA,NA,0,NA,NA,0,NA,NA
"126",1990-06-04,NA,NA,0,NA,NA,0,NA,NA,0,NA,NA
"127",1990-06-05,NA,NA,0,NA,NA,0,NA,NA,0,NA,NA
"128",1990-06-07,NA,NA,0,NA,NA,0,NA,NA,0,NA,NA
"129",1990-06-08,NA,NA,0,NA,NA,0,NA,NA,0,NA,NA
"130",1990-06-09,NA,NA,0,NA,NA,0,NA,NA,0,NA,NA
"131",1990-06-11,NA,NA,0,NA,NA,0,NA,NA,0,NA,NA
"132",1990-06-12,NA,NA,0,NA,NA,0,NA,NA,0,NA,NA
"133",1990-06-13,NA,NA,0,NA,NA,0,NA,NA,0,NA,NA
"134",1990-06-14,NA,NA,0,NA,NA,0,NA,NA,0,NA,NA
"135",1990-06-15,NA,NA,0,NA,NA,0,NA,NA,0,NA,NA
"136",1990-06-16,NA,NA,0,NA,NA,0,NA,NA,0,NA,NA
"137",1990-06-18,NA,NA,0,NA,NA,0,NA,NA,0,NA,NA
"138",1990-06-19,NA,NA,0,NA,NA,0,NA,NA,0,NA,NA
"139",1990-06-20,NA,NA,0,NA,NA,0,NA,NA,0,NA,NA
"140",1990-06-21,NA,NA,0,NA,NA,0,NA,NA,0,NA,NA
"141",1990-06-22,NA,NA,0,NA,NA,0,NA,NA,0,NA,NA
"142",1990-06-23,NA,NA,0,NA,NA,0,NA,NA,0,NA,NA
"143",1990-06-25,NA,NA,0,NA,NA,0,NA,NA,0,NA,NA
"144",1990-06-26,NA,NA,0,NA,NA,0,NA,NA,0,NA,NA
"145",1990-06-27,NA,NA,0,NA,NA,0,NA,NA,0,NA,NA
"146",1990-06-28,NA,NA,0,NA,NA,0,NA,NA,0,NA,NA
"147",1990-06-29,NA,NA,0,NA,NA,0,NA,NA,0,NA,NA
"148",1990-06-30,NA,NA,0,NA,NA,0,NA,NA,0,NA,NA
"149",1990-07-02,NA,NA,0,NA,NA,0,NA,NA,0,NA,NA
"150",1990-07-03,NA,NA,0,NA,NA,0,NA,NA,0,NA,NA
"151",1990-07-04,NA,NA,0,NA,NA,0,NA,NA,0,NA,NA
"152",1990-07-05,NA,NA,0,NA,NA,0,NA,NA,0,NA,NA
"153",1990-07-06,NA,NA,0,NA,NA,0,NA,NA,0,NA,NA
"154",1990-07-07,NA,NA,0,NA,NA,0,NA,NA,0,NA,NA
"155",1990-07-09,NA,NA,0,NA,NA,0,NA,NA,0,NA,NA
"156",1990-07-10,NA,NA,0,NA,NA,0,NA,NA,0,NA,NA
"157",1990-07-11,NA,NA,0,NA,NA,0,NA,NA,0,NA,NA
"158",1990-07-12,NA,NA,0,NA,NA,0,NA,NA,0,NA,NA
"159",1990-07-13,NA,NA,0,NA,NA,0,NA,NA,0,NA,NA
"160",1990-07-14,NA,NA,0,NA,NA,0,NA,NA,0,NA,NA
"161",1990-07-16,NA,NA,0,NA,NA,0,NA,NA,0,NA,NA
"162",1990-07-18,NA,NA,0,NA,NA,0,NA,NA,0,NA,NA
"163",1990-07-19,NA,NA,0,NA,NA,0,NA,NA,0,NA,NA
"164",1990-07-20,NA,NA,0,NA,NA,0,NA,NA,0,NA,NA
"165",1990-07-21,NA,NA,0,NA,NA,0,NA,NA,0,NA,NA
"166",1990-07-23,NA,NA,0,NA,NA,0,NA,NA,0,NA,NA
"167",1990-07-24,NA,NA,0,NA,NA,0,NA,NA,0,NA,NA
"168",1990-07-25,NA,NA,0,NA,NA,0,NA,NA,0,NA,NA
"169",1990-07-26,NA,NA,0,NA,NA,0,NA,NA,0,NA,NA
"170",1990-07-27,NA,NA,0,NA,NA,0,NA,NA,0,NA,NA
"171",1990-07-28,NA,NA,0,NA,NA,0,NA,NA,0,NA,NA
"172",1990-07-30,NA,NA,0,NA,NA,0,NA,NA,0,NA,NA
"173",1990-07-31,NA,NA,0,NA,NA,0,NA,NA,0,NA,NA
"174",1990-08-01,NA,NA,0,NA,NA,0,NA,NA,0,NA,NA
"175",1990-08-02,NA,NA,0,NA,NA,0,NA,NA,0,NA,NA
"176",1990-08-03,NA,NA,0,NA,NA,0,NA,NA,0,NA,NA
"177",1990-08-04,NA,NA,0,NA,NA,0,NA,NA,0,NA,NA
"178",1990-08-06,NA,NA,0,NA,NA,0,NA,NA,0,NA,NA
"179",1990-08-07,NA,NA,0,NA,NA,0,NA,NA,0,NA,NA
"180",1990-08-08,NA,NA,0,NA,NA,0,NA,NA,0,NA,NA
"181",1990-08-09,NA,NA,0,NA,NA,0,NA,NA,0,NA,NA
"182",1990-08-10,NA,NA,0,NA,NA,0,NA,NA,0,NA,NA
"183",1990-08-11,NA,NA,0,NA,NA,0,NA,NA,0,NA,NA
"184",1990-08-13,NA,NA,0,NA,NA,0,NA,NA,0,NA,NA
"185",1990-08-14,NA,NA,0,NA,NA,0,NA,NA,0,NA,NA
"186",1990-08-16,NA,NA,0,NA,NA,0,NA,NA,0,NA,NA
"187",1990-08-17,NA,NA,0,NA,NA,0,NA,NA,0,NA,NA
"188",1990-08-18,NA,NA,0,NA,NA,0,NA,NA,0,NA,NA
"189",1990-08-20,NA,NA,0,NA,NA,0,NA,NA,0,NA,NA
"190",1990-08-21,NA,NA,0,NA,NA,0,NA,NA,0,NA,NA
"191",1990-08-22,NA,NA,0,NA,NA,0,NA,NA,0,NA,NA
"192",1990-08-23,NA,NA,0,NA,NA,0,NA,NA,0,NA,NA
"193",1990-08-24,NA,NA,0,NA,NA,0,NA,NA,0,NA,NA
"194",1990-08-25,NA,NA,0,NA,NA,0,NA,NA,0,NA,NA
"195",1990-08-27,NA,NA,0,NA,NA,0,NA,NA,0,NA,NA
"196",1990-08-28,NA,NA,0,NA,NA,0,NA,NA,0,NA,NA
"197",1990-08-29,NA,NA,0,NA,NA,0,NA,NA,0,NA,NA
"198",1990-08-30,NA,NA,0,NA,NA,0,NA,NA,0,NA,NA
"199",1990-08-31,NA,NA,0,NA,NA,0,NA,NA,0,NA,NA
"200",1990-09-01,NA,NA,0,NA,NA,0,NA,NA,0,NA,NA
"201",1990-09-03,NA,NA,0,NA,NA,0,NA,NA,0,NA,NA
"202",1990-09-04,NA,NA,0,NA,NA,0,NA,NA,0,NA,NA
"203",1990-09-05,NA,NA,0,NA,NA,0,NA,NA,0,NA,NA
"204",1990-09-06,NA,NA,0,NA,NA,0,NA,NA,0,NA,NA
"205",1990-09-07,NA,NA,0,NA,NA,0,NA,NA,0,NA,NA
"206",1990-09-08,NA,NA,0,NA,NA,0,NA,NA,0,NA,NA
"207",1990-09-10,NA,NA,0,NA,NA,0,NA,NA,0,NA,NA
"208",1990-09-11,NA,NA,0,NA,NA,0,NA,NA,0,NA,NA
"209",1990-09-12,NA,NA,0,NA,NA,0,NA,NA,0,NA,NA
"210",1990-09-13,NA,NA,0,NA,NA,0,NA,NA,0,NA,NA
"211",1990-09-14,NA,NA,0,NA,NA,0,NA,NA,0,NA,NA
"212",1990-09-15,NA,NA,0,NA,NA,0,NA,NA,0,NA,NA
"213",1990-09-17,NA,NA,0,NA,NA,0,NA,NA,0,NA,NA
"214",1990-09-18,NA,NA,0,NA,NA,0,NA,NA,0,NA,NA
"215",1990-09-19,NA,NA,0,NA,NA,0,NA,NA,0,NA,NA
"216",1990-09-20,NA,NA,0,NA,NA,0,NA,NA,0,NA,NA
"217",1990-09-21,NA,NA,0,NA,NA,0,NA,NA,0,NA,NA
"218",1990-09-22,NA,NA,0,NA,NA,0,NA,NA,0,NA,NA
"219",1990-09-24,NA,NA,0,NA,NA,0,NA,NA,0,NA,NA
"220",1990-09-25,NA,NA,0,NA,NA,0,NA,NA,0,NA,NA
"221",1990-09-26,NA,NA,0,NA,NA,0,NA,NA,0,NA,NA
"222",1990-09-27,NA,NA,0,NA,NA,0,NA,NA,0,NA,NA
"223",1990-09-28,NA,NA,0,NA,NA,0,NA,NA,0,NA,NA
"224",1990-09-29,NA,NA,0,NA,NA,0,NA,NA,0,NA,NA
"225",1990-10-05,NA,NA,0,NA,NA,0,NA,NA,0,NA,NA
"226",1990-10-06,NA,NA,0,NA,NA,0,NA,NA,0,NA,NA
"227",1990-10-08,NA,NA,0,NA,NA,0,NA,NA,0,NA,NA
"228",1990-10-10,NA,NA,0,NA,NA,0,NA,NA,0,NA,NA
"229",1990-10-11,NA,NA,0,NA,NA,0,NA,NA,0,NA,NA
"230",1990-10-12,NA,NA,0,NA,NA,0,NA,NA,0,NA,NA
"231",1990-10-13,NA,NA,0,NA,NA,0,NA,NA,0,NA,NA
"232",1990-10-15,NA,NA,0,NA,NA,0,NA,NA,0,NA,NA
"233",1990-10-16,NA,NA,0,NA,NA,0,NA,NA,0,NA,NA
"234",1990-10-17,NA,NA,0,NA,NA,0,NA,NA,0,NA,NA
"235",1990-10-18,NA,NA,0,NA,NA,0,NA,NA,0,NA,NA
"236",1990-10-19,NA,NA,0,NA,NA,0,NA,NA,0,NA,NA
"237",1990-10-20,NA,NA,0,NA,NA,0,NA,NA,0,NA,NA
"238",1990-10-22,NA,NA,0,NA,NA,0,NA,NA,0,NA,NA
"239",1990-10-23,NA,NA,0,NA,NA,0,NA,NA,0,NA,NA
"240",1990-10-24,NA,NA,0,NA,NA,0,NA,NA,0,NA,NA
"241",1990-10-25,NA,NA,0,NA,NA,0,NA,NA,0,NA,NA
"242",1990-10-26,NA,NA,0,NA,NA,0,NA,NA,0,NA,NA
"243",1990-10-27,NA,NA,0,NA,NA,0,NA,NA,0,NA,NA
"244",1990-10-29,NA,NA,0,NA,NA,0,NA,NA,0,NA,NA
"245",1990-10-30,NA,NA,0,NA,NA,0,NA,NA,0,NA,NA
"246",1990-10-31,NA,NA,0,NA,NA,0,NA,NA,0,NA,NA
"247",1990-11-01,NA,NA,0,NA,NA,0,NA,NA,0,NA,NA
"248",1990-11-02,NA,NA,0,NA,NA,0,NA,NA,0,NA,NA
"249",1990-11-03,NA,NA,0,NA,NA,0,NA,NA,0,NA,NA
"250",1990-11-05,NA,NA,0,NA,NA,0,NA,NA,0,NA,NA
"251",1990-11-06,NA,NA,0,NA,NA,0,NA,NA,0,NA,NA
"252",1990-11-07,NA,NA,0,NA,NA,0,NA,NA,0,NA,NA
"253",1990-11-08,NA,NA,0,NA,NA,0,NA,NA,0,NA,NA
"254",1990-11-09,NA,NA,0,NA,NA,0,NA,NA,0,NA,NA
"255",1990-11-10,NA,NA,0,NA,NA,0,NA,NA,0,NA,NA
"256",1990-11-12,NA,NA,0,NA,NA,0,NA,NA,0,NA,NA
"257",1990-11-13,NA,NA,0,NA,NA,0,NA,NA,0,NA,NA
"258",1990-11-14,NA,NA,0,NA,NA,0,NA,NA,0,NA,NA
"259",1990-11-15,NA,NA,0,NA,NA,0,NA,NA,0,NA,NA
"260",1990-11-16,NA,NA,0,NA,NA,0,NA,NA,0,NA,NA
"261",1990-11-17,NA,NA,0,NA,NA,0,NA,NA,0,NA,NA
"262",1990-11-19,NA,NA,0,NA,NA,0,NA,NA,0,NA,NA
"263",1990-11-20,NA,NA,0,NA,NA,0,NA,NA,0,NA,NA
"264",1990-11-21,NA,NA,0,NA,NA,0,NA,NA,0,NA,NA
"265",1990-11-22,NA,NA,0,NA,NA,0,NA,NA,0,NA,NA
"266",1990-11-23,NA,NA,0,NA,NA,0,NA,NA,0,NA,NA
"267",1990-11-24,NA,NA,0,NA,NA,0,NA,NA,0,NA,NA
"268",1990-11-26,NA,NA,0,NA,NA,0,NA,NA,0,NA,NA
"269",1990-11-27,NA,NA,0,NA,NA,0,NA,NA,0,NA,NA
"270",1990-11-28,NA,NA,0,NA,NA,0,NA,NA,0,NA,NA
"271",1990-11-29,NA,NA,0,NA,NA,0,NA,NA,0,NA,NA
"272",1990-11-30,NA,NA,0,NA,NA,0,NA,NA,0,NA,NA
"273",1990-12-01,NA,NA,0,NA,NA,0,NA,NA,0,NA,NA
"274",1990-12-03,NA,NA,0,NA,NA,0,NA,NA,0,NA,NA
"275",1990-12-04,NA,NA,0,NA,NA,0,NA,NA,0,NA,NA
"276",1990-12-05,NA,NA,0,NA,NA,0,NA,NA,0,NA,NA
"277",1990-12-06,NA,NA,0,NA,NA,0,NA,NA,0,NA,NA
"278",1990-12-07,NA,NA,0,NA,NA,0,NA,NA,0,NA,NA
"279",1990-12-08,NA,NA,0,NA,NA,0,NA,NA,0,NA,NA
"280",1990-12-10,NA,NA,0,NA,NA,0,NA,NA,0,NA,NA
"281",1990-12-11,NA,NA,0,NA,NA,0,NA,NA,0,NA,NA
"282",1990-12-12,NA,NA,0,NA,NA,0,NA,NA,0,NA,NA
"283",1990-12-13,NA,NA,0,NA,NA,0,NA,NA,0,NA,NA
"284",1990-12-14,NA,NA,0,NA,NA,0,NA,NA,0,NA,NA
"285",1990-12-15,NA,NA,0,NA,NA,0,NA,NA,0,NA,NA
"286",1990-12-17,NA,NA,0,NA,NA,0,NA,NA,0,NA,NA
"287",1990-12-18,NA,NA,0,NA,NA,0,NA,NA,0,NA,NA
"288",1990-12-19,NA,NA,0,NA,NA,0,NA,NA,0,NA,NA
"289",1990-12-20,NA,NA,0,NA,NA,0,NA,NA,0,NA,NA
"290",1990-12-21,NA,NA,0,NA,NA,0,NA,NA,0,NA,NA
"291",1990-12-22,NA,NA,0,NA,NA,0,NA,NA,0,NA,NA
"292",1990-12-24,NA,NA,0,NA,NA,0,NA,NA,0,NA,NA
"293",1990-12-26,NA,NA,0,NA,NA,0,NA,NA,0,NA,NA
"294",1991-01-03,NA,NA,0,NA,NA,0,NA,NA,0,NA,NA
"295",1991-01-04,NA,NA,0,NA,NA,0,NA,NA,0,NA,NA
"296",1991-01-05,NA,NA,0,NA,NA,0,NA,NA,0,NA,NA
"297",1991-01-07,NA,NA,0,NA,NA,0,NA,NA,0,NA,NA
"298",1991-01-08,NA,NA,0,NA,NA,0,NA,NA,0,NA,NA
"299",1991-01-09,NA,NA,0,NA,NA,0,NA,NA,0,NA,NA
"300",1991-01-10,NA,NA,0,NA,NA,0,NA,NA,0,NA,NA
"301",1991-01-11,NA,NA,0,NA,NA,0,NA,NA,0,NA,NA
"302",1991-01-12,NA,NA,0,NA,NA,0,NA,NA,0,NA,NA
"303",1991-01-14,NA,NA,0,NA,NA,0,NA,NA,0,NA,NA
"304",1991-01-15,NA,NA,0,NA,NA,0,NA,NA,0,NA,NA
"305",1991-01-16,NA,NA,0,NA,NA,0,NA,NA,0,NA,NA
"306",1991-01-17,NA,NA,0,NA,NA,0,NA,NA,0,NA,NA
"307",1991-01-18,NA,NA,0,NA,NA,0,NA,NA,0,NA,NA
"308",1991-01-19,NA,NA,0,NA,NA,0,NA,NA,0,NA,NA
"309",1991-01-21,NA,NA,0,NA,NA,0,NA,NA,0,NA,NA
"310",1991-01-22,NA,NA,0,NA,NA,0,NA,NA,0,NA,NA
"311",1991-01-23,NA,NA,0,NA,NA,0,NA,NA,0,NA,NA
"312",1991-01-24,NA,NA,0,NA,NA,0,NA,NA,0,NA,NA
"313",1991-01-25,NA,NA,0,NA,NA,0,NA,NA,0,NA,NA
"314",1991-01-26,NA,NA,0,NA,NA,0,NA,NA,0,NA,NA
"315",1991-01-28,NA,NA,0,NA,NA,0,NA,NA,0,NA,NA
"316",1991-01-29,NA,NA,0,NA,NA,0,NA,NA,0,NA,NA
"317",1991-01-30,NA,NA,0,NA,NA,0,NA,NA,0,NA,NA
"318",1991-01-31,NA,NA,0,NA,NA,0,NA,NA,0,NA,NA
"319",1991-02-01,NA,NA,0,NA,NA,0,NA,NA,0,NA,NA
"320",1991-02-02,NA,NA,0,NA,NA,0,NA,NA,0,NA,NA
"321",1991-02-04,NA,NA,0,NA,NA,0,NA,NA,0,NA,NA
"322",1991-02-05,NA,NA,0,NA,NA,0,NA,NA,0,NA,NA
"323",1991-02-06,NA,NA,0,NA,NA,0,NA,NA,0,NA,NA
"324",1991-02-07,NA,NA,0,NA,NA,0,NA,NA,0,NA,NA
"325",1991-02-08,NA,NA,0,NA,NA,0,NA,NA,0,NA,NA
"326",1991-02-09,NA,NA,0,NA,NA,0,NA,NA,0,NA,NA
"327",1991-02-11,NA,NA,0,NA,NA,0,NA,NA,0,NA,NA
"328",1991-02-12,NA,NA,0,NA,NA,0,NA,NA,0,NA,NA
"329",1991-02-13,NA,NA,0,NA,NA,0,NA,NA,0,NA,NA
"330",1991-02-18,NA,NA,0,NA,NA,0,NA,NA,0,NA,NA
"331",1991-02-19,NA,NA,0,NA,NA,0,NA,NA,0,NA,NA
"332",1991-02-20,NA,NA,0,NA,NA,0,NA,NA,0,NA,NA
"333",1991-02-21,NA,NA,0,NA,NA,0,NA,NA,0,NA,NA
"334",1991-02-22,NA,NA,0,NA,NA,0,NA,NA,0,NA,NA
"335",1991-02-23,NA,NA,0,NA,NA,0,NA,NA,0,NA,NA
"336",1991-02-25,NA,NA,0,NA,NA,0,NA,NA,0,NA,NA
"337",1991-02-26,NA,NA,0,NA,NA,0,NA,NA,0,NA,NA
"338",1991-02-27,NA,NA,0,NA,NA,0,NA,NA,0,NA,NA
"339",1991-02-28,NA,NA,0,NA,NA,0,NA,NA,0,NA,NA
"340",1991-03-02,NA,NA,0,NA,NA,0,NA,NA,0,NA,NA
"341",1991-03-04,NA,NA,0,NA,NA,0,NA,NA,0,NA,NA
"342",1991-03-05,NA,NA,0,NA,NA,0,NA,NA,0,NA,NA
"343",1991-03-06,NA,NA,0,NA,NA,0,NA,NA,0,NA,NA
"344",1991-03-07,NA,NA,0,NA,NA,0,NA,NA,0,NA,NA
"345",1991-03-08,NA,NA,0,NA,NA,0,NA,NA,0,NA,NA
"346",1991-03-09,NA,NA,0,NA,NA,0,NA,NA,0,NA,NA
"347",1991-03-11,NA,NA,0,NA,NA,0,NA,NA,0,NA,NA
"348",1991-03-12,NA,NA,0,NA,NA,0,NA,NA,0,NA,NA
"349",1991-03-13,NA,NA,0,NA,NA,0,NA,NA,0,NA,NA
"350",1991-03-14,NA,NA,0,NA,NA,0,NA,NA,0,NA,NA
"351",1991-03-15,NA,NA,0,NA,NA,0,NA,NA,0,NA,NA
"352",1991-03-16,NA,NA,0,NA,NA,0,NA,NA,0,NA,NA
"353",1991-03-18,NA,NA,0,NA,NA,0,NA,NA,0,NA,NA
"354",1991-03-19,NA,NA,0,NA,NA,0,NA,NA,0,NA,NA
"355",1991-03-20,NA,NA,0,NA,NA,0,NA,NA,0,NA,NA
"356",1991-03-21,NA,NA,0,NA,NA,0,NA,NA,0,NA,NA
"357",1991-03-22,NA,NA,0,NA,NA,0,NA,NA,0,NA,NA
"358",1991-03-23,NA,NA,0,NA,NA,0,NA,NA,0,NA,NA
"359",1991-03-25,NA,NA,0,NA,NA,0,NA,NA,0,NA,NA
"360",1991-03-27,NA,NA,0,NA,NA,0,NA,NA,0,NA,NA
"361",1991-03-28,NA,NA,0,NA,NA,0,NA,NA,0,NA,NA
"362",1991-03-29,NA,NA,0,NA,NA,0,NA,NA,0,NA,NA
"363",1991-03-30,NA,NA,0,NA,NA,0,NA,NA,0,NA,NA
"364",1991-04-01,NA,NA,0,NA,NA,0,NA,NA,0,NA,NA
"365",1991-04-02,NA,NA,0,NA,NA,0,NA,NA,0,NA,NA
"366",1991-04-03,NA,NA,0,NA,NA,0,NA,NA,0,NA,NA
"367",1991-04-04,NA,NA,0,NA,NA,0,NA,NA,0,NA,NA
"368",1991-04-06,NA,NA,0,NA,NA,0,NA,NA,0,NA,NA
"369",1991-04-08,NA,NA,0,NA,NA,0,NA,NA,0,NA,NA
"370",1991-04-09,NA,NA,0,NA,NA,0,NA,NA,0,NA,NA
"371",1991-04-10,NA,NA,0,NA,NA,0,NA,NA,0,NA,NA
"372",1991-04-11,NA,NA,0,NA,NA,0,NA,NA,0,NA,NA
"373",1991-04-12,NA,NA,0,NA,NA,0,NA,NA,0,NA,NA
"374",1991-04-13,NA,NA,0,NA,NA,0,NA,NA,0,NA,NA
"375",1991-04-15,NA,NA,0,NA,NA,0,NA,NA,0,NA,NA
"376",1991-04-16,NA,NA,0,NA,NA,0,NA,NA,0,NA,NA
"377",1991-04-17,NA,NA,0,NA,NA,0,NA,NA,0,NA,NA
"378",1991-04-18,NA,NA,0,NA,NA,0,NA,NA,0,NA,NA
"379",1991-04-19,NA,NA,0,NA,NA,0,NA,NA,0,NA,NA
"380",1991-04-20,NA,NA,0,NA,NA,0,NA,NA,0,NA,NA
"381",1991-04-22,NA,NA,0,NA,NA,0,NA,NA,0,NA,NA
"382",1991-04-23,NA,NA,0,NA,NA,0,NA,NA,0,NA,NA
"383",1991-04-24,NA,NA,0,NA,NA,0,NA,NA,0,NA,NA
"384",1991-04-25,NA,NA,0,NA,NA,0,NA,NA,0,NA,NA
"385",1991-04-26,NA,NA,0,NA,NA,0,NA,NA,0,NA,NA
"386",1991-04-27,NA,NA,0,NA,NA,0,NA,NA,0,NA,NA
"387",1991-04-29,NA,NA,0,NA,NA,0,NA,NA,0,NA,NA
"388",1991-04-30,NA,NA,0,NA,NA,0,NA,NA,0,NA,NA
"389",1991-05-01,NA,NA,0,NA,NA,0,NA,NA,0,NA,NA
"390",1991-05-02,NA,NA,0,NA,NA,0,NA,NA,0,NA,NA
"391",1991-05-03,NA,NA,0,NA,NA,0,NA,NA,0,NA,NA
"392",1991-05-04,NA,NA,0,NA,NA,0,NA,NA,0,NA,NA
"393",1991-05-06,NA,NA,0,NA,NA,0,NA,NA,0,NA,NA
"394",1991-05-07,NA,NA,0,NA,NA,0,NA,NA,0,NA,NA
"395",1991-05-08,NA,NA,0,NA,NA,0,NA,NA,0,NA,NA
"396",1991-05-09,NA,NA,0,NA,NA,0,NA,NA,0,NA,NA
"397",1991-05-10,NA,NA,0,NA,NA,0,NA,NA,0,NA,NA
"398",1991-05-11,NA,NA,0,NA,NA,0,NA,NA,0,NA,NA
"399",1991-05-13,NA,NA,0,NA,NA,0,NA,NA,0,NA,NA
"400",1991-05-14,NA,NA,0,NA,NA,0,NA,NA,0,NA,NA
"401",1991-05-15,NA,NA,0,NA,NA,0,NA,NA,0,NA,NA
"402",1991-05-16,NA,NA,0,NA,NA,0,NA,NA,0,NA,NA
"403",1991-05-17,NA,NA,0,NA,NA,0,NA,NA,0,NA,NA
"404",1991-05-18,NA,NA,0,NA,NA,0,NA,NA,0,NA,NA
"405",1991-05-20,NA,NA,0,NA,NA,0,NA,NA,0,NA,NA
"406",1991-05-22,NA,NA,0,NA,NA,0,NA,NA,0,NA,NA
"407",1991-05-23,NA,NA,0,NA,NA,0,NA,NA,0,NA,NA
"408",1991-05-24,NA,NA,0,NA,NA,0,NA,NA,0,NA,NA
"409",1991-05-25,NA,NA,0,NA,NA,0,NA,NA,0,NA,NA
"410",1991-05-27,NA,NA,0,NA,NA,0,NA,NA,0,NA,NA
"411",1991-05-28,NA,NA,0,NA,NA,0,NA,NA,0,NA,NA
"412",1991-05-29,NA,NA,0,NA,NA,0,NA,NA,0,NA,NA
"413",1991-05-30,NA,NA,0,NA,NA,0,NA,NA,0,NA,NA
"414",1991-05-31,NA,NA,0,NA,NA,0,NA,NA,0,NA,NA
"415",1991-06-01,NA,NA,0,NA,NA,0,NA,NA,0,NA,NA
"416",1991-06-03,NA,NA,0,NA,NA,0,NA,NA,0,NA,NA
"417",1991-06-04,NA,NA,0,NA,NA,0,NA,NA,0,NA,NA
"418",1991-06-05,NA,NA,0,NA,NA,0,NA,NA,0,NA,NA
"419",1991-06-07,NA,NA,0,NA,NA,0,NA,NA,0,NA,NA
"420",1991-06-08,NA,NA,0,NA,NA,0,NA,NA,0,NA,NA
"421",1991-06-10,NA,NA,0,NA,NA,0,NA,NA,0,NA,NA
"422",1991-06-11,NA,NA,0,NA,NA,0,NA,NA,0,NA,NA
"423",1991-06-12,NA,NA,0,NA,NA,0,NA,NA,0,NA,NA
"424",1991-06-13,NA,NA,0,NA,NA,0,NA,NA,0,NA,NA
"425",1991-06-14,NA,NA,0,NA,NA,0,NA,NA,0,NA,NA
"426",1991-06-15,NA,NA,0,NA,NA,0,NA,NA,0,NA,NA
"427",1991-06-17,NA,NA,0,NA,NA,0,NA,NA,0,NA,NA
"428",1991-06-18,NA,NA,0,NA,NA,0,NA,NA,0,NA,NA
"429",1991-06-19,NA,NA,0,NA,NA,0,NA,NA,0,NA,NA
"430",1991-06-21,NA,NA,0,NA,NA,0,NA,NA,0,NA,NA
"431",1991-06-22,NA,NA,0,NA,NA,0,NA,NA,0,NA,NA
"432",1991-06-24,NA,NA,0,NA,NA,0,NA,NA,0,NA,NA
"433",1991-06-25,NA,NA,0,NA,NA,0,NA,NA,0,NA,NA
"434",1991-06-26,NA,NA,0,NA,NA,0,NA,NA,0,NA,NA
"435",1991-06-27,NA,NA,0,NA,NA,0,NA,NA,0,NA,NA
"436",1991-06-28,NA,NA,0,NA,NA,0,NA,NA,0,NA,NA
"437",1991-06-29,NA,NA,0,NA,NA,0,NA,NA,0,NA,NA
"438",1991-07-01,NA,NA,0,NA,NA,0,NA,NA,0,NA,NA
"439",1991-07-02,NA,NA,0,NA,NA,0,NA,NA,0,NA,NA
"440",1991-07-03,NA,NA,0,NA,NA,0,NA,NA,0,NA,NA
"441",1991-07-04,NA,NA,0,NA,NA,0,NA,NA,0,NA,NA
"442",1991-07-05,NA,NA,0,NA,NA,0,NA,NA,0,NA,NA
"443",1991-07-06,NA,NA,0,NA,NA,0,NA,NA,0,NA,NA
"444",1991-07-08,NA,NA,0,NA,NA,0,NA,NA,0,NA,NA
"445",1991-07-09,NA,NA,0,NA,NA,0,NA,NA,0,NA,NA
"446",1991-07-10,NA,NA,0,NA,NA,0,NA,NA,0,NA,NA
"447",1991-07-11,NA,NA,0,NA,NA,0,NA,NA,0,NA,NA
"448",1991-07-12,NA,NA,0,NA,NA,0,NA,NA,0,NA,NA
"449",1991-07-13,NA,NA,0,NA,NA,0,NA,NA,0,NA,NA
"450",1991-07-15,NA,NA,0,NA,NA,0,NA,NA,0,NA,NA
"451",1991-07-16,NA,NA,0,NA,NA,0,NA,NA,0,NA,NA
"452",1991-07-18,NA,NA,0,NA,NA,0,NA,NA,0,NA,NA
"453",1991-07-19,NA,NA,0,NA,NA,0,NA,NA,0,NA,NA
"454",1991-07-20,NA,NA,0,NA,NA,0,NA,NA,0,NA,NA
"455",1991-07-22,NA,NA,0,NA,NA,0,NA,NA,0,NA,NA
"456",1991-07-23,NA,NA,0,NA,NA,0,NA,NA,0,NA,NA
"457",1991-07-24,NA,NA,0,NA,NA,0,NA,NA,0,NA,NA
"458",1991-07-25,NA,NA,0,NA,NA,0,NA,NA,0,NA,NA
"459",1991-07-26,NA,NA,0,NA,NA,0,NA,NA,0,NA,NA
"460",1991-07-27,NA,NA,0,NA,NA,0,NA,NA,0,NA,NA
"461",1991-07-29,NA,NA,0,NA,NA,0,NA,NA,0,NA,NA
"462",1991-07-30,NA,NA,0,NA,NA,0,NA,NA,0,NA,NA
"463",1991-07-31,NA,NA,0,NA,NA,0,NA,NA,0,NA,NA
"464",1991-08-01,NA,NA,0,NA,NA,0,NA,NA,0,NA,NA
"465",1991-08-02,NA,NA,0,NA,NA,0,NA,NA,0,NA,NA
"466",1991-08-03,NA,NA,0,NA,NA,0,NA,NA,0,NA,NA
"467",1991-08-05,NA,NA,0,NA,NA,0,NA,NA,0,NA,NA
"468",1991-08-06,NA,NA,0,NA,NA,0,NA,NA,0,NA,NA
"469",1991-08-07,NA,NA,0,NA,NA,0,NA,NA,0,NA,NA
"470",1991-08-08,NA,NA,0,NA,NA,0,NA,NA,0,NA,NA
"471",1991-08-09,NA,NA,0,NA,NA,0,NA,NA,0,NA,NA
"472",1991-08-10,NA,NA,0,NA,NA,0,NA,NA,0,NA,NA
"473",1991-08-12,NA,NA,0,NA,NA,0,NA,NA,0,NA,NA
"474",1991-08-13,NA,NA,0,NA,NA,0,NA,NA,0,NA,NA
"475",1991-08-14,NA,NA,0,NA,NA,0,NA,NA,0,NA,NA
"476",1991-08-16,NA,NA,0,NA,NA,0,NA,NA,0,NA,NA
"477",1991-08-17,NA,NA,0,NA,NA,0,NA,NA,0,NA,NA
"478",1991-08-19,NA,NA,0,NA,NA,0,NA,NA,0,NA,NA
"479",1991-08-20,NA,NA,0,NA,NA,0,NA,NA,0,NA,NA
"480",1991-08-21,NA,NA,0,NA,NA,0,NA,NA,0,NA,NA
"481",1991-08-22,NA,NA,0,NA,NA,0,NA,NA,0,NA,NA
"482",1991-08-23,NA,NA,0,NA,NA,0,NA,NA,0,NA,NA
"483",1991-08-24,NA,NA,0,NA,NA,0,NA,NA,0,NA,NA
"484",1991-08-26,NA,NA,0,NA,NA,0,NA,NA,0,NA,NA
"485",1991-08-27,NA,NA,0,NA,NA,0,NA,NA,0,NA,NA
"486",1991-08-28,NA,NA,0,NA,NA,0,NA,NA,0,NA,NA
"487",1991-08-29,NA,NA,0,NA,NA,0,NA,NA,0,NA,NA
"488",1991-08-30,NA,NA,0,NA,NA,0,NA,NA,0,NA,NA
"489",1991-08-31,NA,NA,0,NA,NA,0,NA,NA,0,NA,NA
"490",1991-09-02,NA,NA,0,NA,NA,0,NA,NA,0,NA,NA
"491",1991-09-03,NA,NA,0,NA,NA,0,NA,NA,0,NA,NA
"492",1991-09-04,NA,NA,0,NA,NA,0,NA,NA,0,NA,NA
"493",1991-09-05,NA,NA,0,NA,NA,0,NA,NA,0,NA,NA
"494",1991-09-06,NA,NA,0,NA,NA,0,NA,NA,0,NA,NA
"495",1991-09-07,NA,NA,0,NA,NA,0,NA,NA,0,NA,NA
"496",1991-09-09,NA,NA,0,NA,NA,0,NA,NA,0,NA,NA
"497",1991-09-10,NA,NA,0,NA,NA,0,NA,NA,0,NA,NA
"498",1991-09-11,NA,NA,0,NA,NA,0,NA,NA,0,NA,NA
"499",1991-09-12,NA,NA,0,NA,NA,0,NA,NA,0,NA,NA
"500",1991-09-13,NA,NA,0,NA,NA,0,NA,NA,0,NA,NA
"501",1991-09-14,NA,NA,0,NA,NA,0,NA,NA,0,NA,NA
"502",1991-09-16,NA,NA,0,NA,NA,0,NA,NA,0,NA,NA
"503",1991-09-17,NA,NA,0,NA,NA,0,NA,NA,0,NA,NA
"504",1991-09-18,NA,NA,0,NA,NA,0,NA,NA,0,NA,NA
"505",1991-09-19,NA,NA,0,NA,NA,0,NA,NA,0,NA,NA
"506",1991-09-20,NA,NA,0,NA,NA,0,NA,NA,0,NA,NA
"507",1991-09-24,NA,NA,0,NA,NA,0,NA,NA,0,NA,NA
"508",1991-09-25,NA,NA,0,NA,NA,0,NA,NA,0,NA,NA
"509",1991-09-26,NA,NA,0,NA,NA,0,NA,NA,0,NA,NA
"510",1991-09-27,NA,NA,0,NA,NA,0,NA,NA,0,NA,NA
"511",1991-09-28,NA,NA,0,NA,NA,0,NA,NA,0,NA,NA
"512",1991-09-30,NA,NA,0,NA,NA,0,NA,NA,0,NA,NA
"513",1991-10-01,NA,NA,0,NA,NA,0,NA,NA,0,NA,NA
"514",1991-10-02,NA,NA,0,NA,NA,0,NA,NA,0,NA,NA
"515",1991-10-04,NA,NA,0,NA,NA,0,NA,NA,0,NA,NA
"516",1991-10-05,NA,NA,0,NA,NA,0,NA,NA,0,NA,NA
"517",1991-10-07,NA,NA,0,NA,NA,0,NA,NA,0,NA,NA
"518",1991-10-08,NA,NA,0,NA,NA,0,NA,NA,0,NA,NA
"519",1991-10-09,NA,NA,0,NA,NA,0,NA,NA,0,NA,NA
"520",1991-10-10,NA,NA,0,NA,NA,0,NA,NA,0,NA,NA
"521",1991-10-11,NA,NA,0,NA,NA,0,NA,NA,0,NA,NA
"522",1991-10-12,NA,NA,0,NA,NA,0,NA,NA,0,NA,NA
"523",1991-10-14,NA,NA,0,NA,NA,0,NA,NA,0,NA,NA
"524",1991-10-15,NA,NA,0,NA,NA,0,NA,NA,0,NA,NA
"525",1991-10-16,NA,NA,0,NA,NA,0,NA,NA,0,NA,NA
"526",1991-10-17,NA,NA,0,NA,NA,0,NA,NA,0,NA,NA
"527",1991-10-18,NA,NA,0,NA,NA,0,NA,NA,0,NA,NA
"528",1991-10-19,NA,NA,0,NA,NA,0,NA,NA,0,NA,NA
"529",1991-10-21,NA,NA,0,NA,NA,0,NA,NA,0,NA,NA
"530",1991-10-22,NA,NA,0,NA,NA,0,NA,NA,0,NA,NA
"531",1991-10-23,NA,NA,0,NA,NA,0,NA,NA,0,NA,NA
"532",1991-10-24,NA,NA,0,NA,NA,0,NA,NA,0,NA,NA
"533",1991-10-25,NA,NA,0,NA,NA,0,NA,NA,0,NA,NA
"534",1991-10-26,NA,NA,0,NA,NA,0,NA,NA,0,NA,NA
"535",1991-10-28,NA,NA,0,NA,NA,0,NA,NA,0,NA,NA
"536",1991-10-29,NA,NA,0,NA,NA,0,NA,NA,0,NA,NA
"537",1991-10-30,NA,NA,0,NA,NA,0,NA,NA,0,NA,NA
"538",1991-10-31,NA,NA,0,NA,NA,0,NA,NA,0,NA,NA
"539",1991-11-01,NA,NA,0,NA,NA,0,NA,NA,0,NA,NA
"540",1991-11-02,NA,NA,0,NA,NA,0,NA,NA,0,NA,NA
"541",1991-11-04,NA,NA,0,NA,NA,0,NA,NA,0,NA,NA
"542",1991-11-05,NA,NA,0,NA,NA,0,NA,NA,0,NA,NA
"543",1991-11-06,NA,NA,0,NA,NA,0,NA,NA,0,NA,NA
"544",1991-11-07,NA,NA,0,NA,NA,0,NA,NA,0,NA,NA
"545",1991-11-08,NA,NA,0,NA,NA,0,NA,NA,0,NA,NA
"546",1991-11-09,NA,NA,0,NA,NA,0,NA,NA,0,NA,NA
"547",1991-11-11,NA,NA,0,NA,NA,0,NA,NA,0,NA,NA
"548",1991-11-12,NA,NA,0,NA,NA,0,NA,NA,0,NA,NA
"549",1991-11-13,NA,NA,0,NA,NA,0,NA,NA,0,NA,NA
"550",1991-11-14,NA,NA,0,NA,NA,0,NA,NA,0,NA,NA
"551",1991-11-15,NA,NA,0,NA,NA,0,NA,NA,0,NA,NA
"552",1991-11-16,NA,NA,0,NA,NA,0,NA,NA,0,NA,NA
"553",1991-11-18,NA,NA,0,NA,NA,0,NA,NA,0,NA,NA
"554",1991-11-19,NA,NA,0,NA,NA,0,NA,NA,0,NA,NA
"555",1991-11-20,NA,NA,0,NA,NA,0,NA,NA,0,NA,NA
"556",1991-11-21,NA,NA,0,NA,NA,0,NA,NA,0,NA,NA
"557",1991-11-22,NA,NA,0,NA,NA,0,NA,NA,0,NA,NA
"558",1991-11-23,NA,NA,0,NA,NA,0,NA,NA,0,NA,NA
"559",1991-11-25,NA,NA,0,NA,NA,0,NA,NA,0,NA,NA
"560",1991-11-26,NA,NA,0,NA,NA,0,NA,NA,0,NA,NA
"561",1991-11-27,NA,NA,0,NA,NA,0,NA,NA,0,NA,NA
"562",1991-11-28,NA,NA,0,NA,NA,0,NA,NA,0,NA,NA
"563",1991-11-29,NA,NA,0,NA,NA,0,NA,NA,0,NA,NA
"564",1991-11-30,NA,NA,0,NA,NA,0,NA,NA,0,NA,NA
"565",1991-12-02,NA,NA,0,NA,NA,0,NA,NA,0,NA,NA
"566",1991-12-03,NA,NA,0,NA,NA,0,NA,NA,0,NA,NA
"567",1991-12-04,NA,NA,0,NA,NA,0,NA,NA,0,NA,NA
"568",1991-12-05,NA,NA,0,NA,NA,0,NA,NA,0,NA,NA
"569",1991-12-06,NA,NA,0,NA,NA,0,NA,NA,0,NA,NA
"570",1991-12-07,NA,NA,0,NA,NA,0,NA,NA,0,NA,NA
"571",1991-12-09,NA,NA,0,NA,NA,0,NA,NA,0,NA,NA
"572",1991-12-10,NA,NA,0,NA,NA,0,NA,NA,0,NA,NA
"573",1991-12-11,NA,NA,0,NA,NA,0,NA,NA,0,NA,NA
"574",1991-12-12,NA,NA,0,NA,NA,0,NA,NA,0,NA,NA
"575",1991-12-13,NA,NA,0,NA,NA,0,NA,NA,0,NA,NA
"576",1991-12-14,NA,NA,0,NA,NA,0,NA,NA,0,NA,NA
"577",1991-12-16,NA,NA,0,NA,NA,0,NA,NA,0,NA,NA
"578",1991-12-17,NA,NA,0,NA,NA,0,NA,NA,0,NA,NA
"579",1991-12-18,NA,NA,0,NA,NA,0,NA,NA,0,NA,NA
"580",1991-12-19,NA,NA,0,NA,NA,0,NA,NA,0,NA,NA
"581",1991-12-20,NA,NA,0,NA,NA,0,NA,NA,0,NA,NA
"582",1991-12-21,NA,NA,0,NA,NA,0,NA,NA,0,NA,NA
"583",1991-12-23,NA,NA,0,NA,NA,0,NA,NA,0,NA,NA
"584",1991-12-24,NA,NA,0,NA,NA,0,NA,NA,0,NA,NA
"585",1991-12-26,NA,NA,0,NA,NA,0,NA,NA,0,NA,NA
"586",1992-01-03,NA,NA,0,NA,NA,0,NA,NA,0,NA,NA
"587",1992-01-04,NA,NA,0,NA,NA,0,NA,NA,0,NA,NA
"588",1992-01-06,NA,NA,0,NA,NA,0,NA,NA,0,NA,NA
"589",1992-01-07,NA,NA,0,NA,NA,0,NA,NA,0,NA,NA
"590",1992-01-08,NA,NA,0,NA,NA,0,NA,NA,0,NA,NA
"591",1992-01-09,NA,NA,0,NA,NA,0,NA,NA,0,NA,NA
"592",1992-01-10,NA,NA,0,NA,NA,0,NA,NA,0,NA,NA
"593",1992-01-11,NA,NA,0,NA,NA,0,NA,NA,0,NA,NA
"594",1992-01-13,NA,NA,0,NA,NA,0,NA,NA,0,NA,NA
"595",1992-01-14,NA,NA,0,NA,NA,0,NA,NA,0,NA,NA
"596",1992-01-15,NA,NA,0,NA,NA,0,NA,NA,0,NA,NA
"597",1992-01-16,NA,NA,0,NA,NA,0,NA,NA,0,NA,NA
"598",1992-01-17,NA,NA,0,NA,NA,0,NA,NA,0,NA,NA
"599",1992-01-18,NA,NA,0,NA,NA,0,NA,NA,0,NA,NA
"600",1992-01-20,NA,NA,0,NA,NA,0,NA,NA,0,NA,NA
"601",1992-01-21,NA,NA,0,NA,NA,0,NA,NA,0,NA,NA
"602",1992-01-22,NA,NA,0,NA,NA,0,NA,NA,0,NA,NA
"603",1992-01-23,NA,NA,0,NA,NA,0,NA,NA,0,NA,NA
"604",1992-01-24,NA,NA,0,NA,NA,0,NA,NA,0,NA,NA
"605",1992-01-25,NA,NA,0,NA,NA,0,NA,NA,0,NA,NA
"606",1992-01-27,NA,NA,0,NA,NA,0,NA,NA,0,NA,NA
"607",1992-01-28,NA,NA,0,NA,NA,0,NA,NA,0,NA,NA
"608",1992-01-29,NA,NA,0,NA,NA,0,NA,NA,0,NA,NA
"609",1992-01-30,NA,NA,0,NA,NA,0,NA,NA,0,NA,NA
"610",1992-01-31,NA,NA,0,NA,NA,0,NA,NA,0,NA,NA
"611",1992-02-01,NA,NA,0,NA,NA,0,NA,NA,0,NA,NA
"612",1992-02-06,NA,NA,0,NA,NA,0,NA,NA,0,NA,NA
"613",1992-02-07,NA,NA,0,NA,NA,0,NA,NA,0,NA,NA
"614",1992-02-08,NA,NA,0,NA,NA,0,NA,NA,0,NA,NA
"615",1992-02-10,NA,NA,0,NA,NA,0,NA,NA,0,NA,NA
"616",1992-02-11,NA,NA,0,NA,NA,0,NA,NA,0,NA,NA
"617",1992-02-12,NA,NA,0,NA,NA,0,NA,NA,0,NA,NA
"618",1992-02-13,NA,NA,0,NA,NA,0,NA,NA,0,NA,NA
"619",1992-02-14,NA,NA,0,NA,NA,0,NA,NA,0,NA,NA
"620",1992-02-15,NA,NA,0,NA,NA,0,NA,NA,0,NA,NA
"621",1992-02-17,NA,NA,0,NA,NA,0,NA,NA,0,NA,NA
"622",1992-02-18,NA,NA,0,NA,NA,0,NA,NA,0,NA,NA
"623",1992-02-19,NA,NA,0,NA,NA,0,NA,NA,0,NA,NA
"624",1992-02-20,NA,NA,0,NA,NA,0,NA,NA,0,NA,NA
"625",1992-02-21,NA,NA,0,NA,NA,0,NA,NA,0,NA,NA
"626",1992-02-22,NA,NA,0,NA,NA,0,NA,NA,0,NA,NA
"627",1992-02-24,NA,NA,0,NA,NA,0,NA,NA,0,NA,NA
"628",1992-02-25,NA,NA,0,NA,NA,0,NA,NA,0,NA,NA
"629",1992-02-26,NA,NA,0,NA,NA,0,NA,NA,0,NA,NA
"630",1992-02-27,NA,NA,0,NA,NA,0,NA,NA,0,NA,NA
"631",1992-02-28,NA,NA,0,NA,NA,0,NA,NA,0,NA,NA
"632",1992-02-29,NA,NA,0,NA,NA,0,NA,NA,0,NA,NA
"633",1992-03-02,NA,NA,0,NA,NA,0,NA,NA,0,NA,NA
"634",1992-03-03,NA,NA,0,NA,NA,0,NA,NA,0,NA,NA
"635",1992-03-04,NA,NA,0,NA,NA,0,NA,NA,0,NA,NA
"636",1992-03-05,NA,NA,0,NA,NA,0,NA,NA,0,NA,NA
"637",1992-03-06,NA,NA,0,NA,NA,0,NA,NA,0,NA,NA
"638",1992-03-07,NA,NA,0,NA,NA,0,NA,NA,0,NA,NA
"639",1992-03-09,NA,NA,0,NA,NA,0,NA,NA,0,NA,NA
"640",1992-03-11,NA,NA,0,NA,NA,0,NA,NA,0,NA,NA
"641",1992-03-12,NA,NA,0,NA,NA,0,NA,NA,0,NA,NA
"642",1992-03-13,NA,NA,0,NA,NA,0,NA,NA,0,NA,NA
"643",1992-03-14,NA,NA,0,NA,NA,0,NA,NA,0,NA,NA
"644",1992-03-16,NA,NA,0,NA,NA,0,NA,NA,0,NA,NA
"645",1992-03-17,NA,NA,0,NA,NA,0,NA,NA,0,NA,NA
"646",1992-03-18,NA,NA,0,NA,NA,0,NA,NA,0,NA,NA
"647",1992-03-19,NA,NA,0,NA,NA,0,NA,NA,0,NA,NA
"648",1992-03-20,NA,NA,0,NA,NA,0,NA,NA,0,NA,NA
"649",1992-03-21,NA,NA,0,NA,NA,0,NA,NA,0,NA,NA
"650",1992-03-23,NA,NA,0,NA,NA,0,NA,NA,0,NA,NA
"651",1992-03-25,NA,NA,0,NA,NA,0,NA,NA,0,NA,NA
"652",1992-03-26,NA,NA,0,NA,NA,0,NA,NA,0,NA,NA
"653",1992-03-27,NA,NA,0,NA,NA,0,NA,NA,0,NA,NA
"654",1992-03-28,NA,NA,0,NA,NA,0,NA,NA,0,NA,NA
"655",1992-03-30,NA,NA,0,NA,NA,0,NA,NA,0,NA,NA
"656",1992-03-31,NA,NA,0,NA,NA,0,NA,NA,0,NA,NA
"657",1992-04-01,NA,NA,0,NA,NA,0,NA,NA,0,NA,NA
"658",1992-04-02,NA,NA,0,NA,NA,0,NA,NA,0,NA,NA
"659",1992-04-03,NA,NA,0,NA,NA,0,NA,NA,0,NA,NA
"660",1992-04-04,NA,NA,0,NA,NA,0,NA,NA,0,NA,NA
"661",1992-04-06,NA,NA,0,NA,NA,0,NA,NA,0,NA,NA
"662",1992-04-07,NA,NA,0,NA,NA,0,NA,NA,0,NA,NA
"663",1992-04-08,NA,NA,0,NA,NA,0,NA,NA,0,NA,NA
"664",1992-04-09,NA,NA,0,NA,NA,0,NA,NA,0,NA,NA
"665",1992-04-10,NA,NA,0,NA,NA,0,NA,NA,0,NA,NA
"666",1992-04-11,NA,NA,0,NA,NA,0,NA,NA,0,NA,NA
"667",1992-04-13,NA,NA,0,NA,NA,0,NA,NA,0,NA,NA
"668",1992-04-14,NA,NA,0,NA,NA,0,NA,NA,0,NA,NA
"669",1992-04-15,NA,NA,0,NA,NA,0,NA,NA,0,NA,NA
"670",1992-04-16,NA,NA,0,NA,NA,0,NA,NA,0,NA,NA
"671",1992-04-17,NA,NA,0,NA,NA,0,NA,NA,0,NA,NA
"672",1992-04-18,NA,NA,0,NA,NA,0,NA,NA,0,NA,NA
"673",1992-04-20,NA,NA,0,NA,NA,0,NA,NA,0,NA,NA
"674",1992-04-21,NA,NA,0,NA,NA,0,NA,NA,0,NA,NA
"675",1992-04-22,NA,NA,0,NA,NA,0,NA,NA,0,NA,NA
"676",1992-04-23,NA,NA,0,NA,NA,0,NA,NA,0,NA,NA
"677",1992-04-24,NA,NA,0,NA,NA,0,NA,NA,0,NA,NA
"678",1992-04-25,NA,NA,0,NA,NA,0,NA,NA,0,NA,NA
"679",1992-04-27,NA,NA,0,NA,NA,0,NA,NA,0,NA,NA
"680",1992-04-28,NA,NA,0,NA,NA,0,NA,NA,0,NA,NA
"681",1992-04-29,NA,NA,0,NA,NA,0,NA,NA,0,NA,NA
"682",1992-04-30,NA,NA,0,NA,NA,0,NA,NA,0,NA,NA
"683",1992-05-01,NA,NA,0,NA,NA,0,NA,NA,0,NA,NA
"684",1992-05-02,NA,NA,0,NA,NA,0,NA,NA,0,NA,NA
"685",1992-05-04,NA,NA,0,NA,NA,0,NA,NA,0,NA,NA
"686",1992-05-06,NA,NA,0,NA,NA,0,NA,NA,0,NA,NA
"687",1992-05-07,NA,NA,0,NA,NA,0,NA,NA,0,NA,NA
"688",1992-05-08,NA,NA,0,NA,NA,0,NA,NA,0,NA,NA
"689",1992-05-09,NA,NA,0,NA,NA,0,NA,NA,0,NA,NA
"690",1992-05-11,NA,NA,0,NA,NA,0,NA,NA,0,NA,NA
"691",1992-05-12,NA,NA,0,NA,NA,0,NA,NA,0,NA,NA
"692",1992-05-13,NA,NA,0,NA,NA,0,NA,NA,0,NA,NA
"693",1992-05-14,NA,NA,0,NA,NA,0,NA,NA,0,NA,NA
"694",1992-05-15,NA,NA,0,NA,NA,0,NA,NA,0,NA,NA
"695",1992-05-16,NA,NA,0,NA,NA,0,NA,NA,0,NA,NA
"696",1992-05-18,NA,NA,0,NA,NA,0,NA,NA,0,NA,NA
"697",1992-05-19,NA,NA,0,NA,NA,0,NA,NA,0,NA,NA
"698",1992-05-20,NA,NA,0,NA,NA,0,NA,NA,0,NA,NA
"699",1992-05-21,NA,NA,0,NA,NA,0,NA,NA,0,NA,NA
"700",1992-05-22,NA,NA,0,NA,NA,0,NA,NA,0,NA,NA
"701",1992-05-23,NA,NA,0,NA,NA,0,NA,NA,0,NA,NA
"702",1992-05-25,NA,NA,0,NA,NA,0,NA,NA,0,NA,NA
"703",1992-05-26,NA,NA,0,NA,NA,0,NA,NA,0,NA,NA
"704",1992-05-27,NA,NA,0,NA,NA,0,NA,NA,0,NA,NA
"705",1992-05-28,NA,NA,0,NA,NA,0,NA,NA,0,NA,NA
"706",1992-05-29,NA,NA,0,NA,NA,0,NA,NA,0,NA,NA
"707",1992-05-30,NA,NA,0,NA,NA,0,NA,NA,0,NA,NA
"708",1992-06-01,NA,NA,0,NA,NA,0,NA,NA,0,NA,NA
"709",1992-06-02,NA,NA,0,NA,NA,0,NA,NA,0,NA,NA
"710",1992-06-03,NA,NA,0,NA,NA,0,NA,NA,0,NA,NA
"711",1992-06-04,NA,NA,0,NA,NA,0,NA,NA,0,NA,NA
"712",1992-06-05,NA,NA,0,NA,NA,0,NA,NA,0,NA,NA
"713",1992-06-08,NA,NA,0,NA,NA,0,NA,NA,0,NA,NA
"714",1992-06-09,NA,NA,0,NA,NA,0,NA,NA,0,NA,NA
"715",1992-06-10,NA,NA,0,NA,NA,0,NA,NA,0,NA,NA
"716",1992-06-11,NA,NA,0,NA,NA,0,NA,NA,0,NA,NA
"717",1992-06-12,NA,NA,0,NA,NA,0,NA,NA,0,NA,NA
"718",1992-06-13,NA,NA,0,NA,NA,0,NA,NA,0,NA,NA
"719",1992-06-15,NA,NA,0,NA,NA,0,NA,NA,0,NA,NA
"720",1992-06-16,NA,NA,0,NA,NA,0,NA,NA,0,NA,NA
"721",1992-06-17,NA,NA,0,NA,NA,0,NA,NA,0,NA,NA
"722",1992-06-18,NA,NA,0,NA,NA,0,NA,NA,0,NA,NA
"723",1992-06-19,NA,NA,0,NA,NA,0,NA,NA,0,NA,NA
"724",1992-06-20,NA,NA,0,NA,NA,0,NA,NA,0,NA,NA
"725",1992-06-22,NA,NA,0,NA,NA,0,NA,NA,0,NA,NA
"726",1992-06-23,NA,NA,0,NA,NA,0,NA,NA,0,NA,NA
"727",1992-06-24,NA,NA,0,NA,NA,0,NA,NA,0,NA,NA
"728",1992-06-25,NA,NA,0,NA,NA,0,NA,NA,0,NA,NA
"729",1992-06-26,NA,NA,0,NA,NA,0,NA,NA,0,NA,NA
"730",1992-06-27,NA,NA,0,NA,NA,0,NA,NA,0,NA,NA
"731",1992-06-29,NA,NA,0,NA,NA,0,NA,NA,0,NA,NA
"732",1992-06-30,NA,NA,0,NA,NA,0,NA,NA,0,NA,NA
"733",1992-07-01,NA,NA,0,NA,NA,0,NA,NA,0,NA,NA
"734",1992-07-02,NA,NA,0,NA,NA,0,NA,NA,0,NA,NA
"735",1992-07-03,NA,NA,0,NA,NA,0,NA,NA,0,NA,NA
"736",1992-07-04,NA,NA,0,NA,NA,0,NA,NA,0,NA,NA
"737",1992-07-06,NA,NA,0,NA,NA,0,NA,NA,0,NA,NA
"738",1992-07-07,NA,NA,0,NA,NA,0,NA,NA,0,NA,NA
"739",1992-07-08,NA,NA,0,NA,NA,0,NA,NA,0,NA,NA
"740",1992-07-09,NA,NA,0,NA,NA,0,NA,NA,0,NA,NA
"741",1992-07-10,NA,NA,0,NA,NA,0,NA,NA,0,NA,NA
"742",1992-07-11,NA,NA,0,NA,NA,0,NA,NA,0,NA,NA
"743",1992-07-13,NA,NA,0,NA,NA,0,NA,NA,0,NA,NA
"744",1992-07-14,NA,NA,0,NA,NA,0,NA,NA,0,NA,NA
"745",1992-07-15,NA,NA,0,NA,NA,0,NA,NA,0,NA,NA
"746",1992-07-16,NA,NA,0,NA,NA,0,NA,NA,0,NA,NA
"747",1992-07-18,NA,NA,0,NA,NA,0,NA,NA,0,NA,NA
"748",1992-07-20,NA,NA,0,NA,NA,0,NA,NA,0,NA,NA
"749",1992-07-21,NA,NA,0,NA,NA,0,NA,NA,0,NA,NA
"750",1992-07-22,NA,NA,0,NA,NA,0,NA,NA,0,NA,NA
"751",1992-07-23,NA,NA,0,NA,NA,0,NA,NA,0,NA,NA
"752",1992-07-24,NA,NA,0,NA,NA,0,NA,NA,0,NA,NA
"753",1992-07-25,NA,NA,0,NA,NA,0,NA,NA,0,NA,NA
"754",1992-07-27,NA,NA,0,NA,NA,0,NA,NA,0,NA,NA
"755",1992-07-28,NA,NA,0,NA,NA,0,NA,NA,0,NA,NA
"756",1992-07-29,NA,NA,0,NA,NA,0,NA,NA,0,NA,NA
"757",1992-07-30,NA,NA,0,NA,NA,0,NA,NA,0,NA,NA
"758",1992-07-31,NA,NA,0,NA,NA,0,NA,NA,0,NA,NA
"759",1992-08-01,NA,NA,0,NA,NA,0,NA,NA,0,NA,NA
"760",1992-08-03,NA,NA,0,NA,NA,0,NA,NA,0,NA,NA
"761",1992-08-04,NA,NA,0,NA,NA,0,NA,NA,0,NA,NA
"762",1992-08-05,NA,NA,0,NA,NA,0,NA,NA,0,NA,NA
"763",1992-08-06,NA,NA,0,NA,NA,0,NA,NA,0,NA,NA
"764",1992-08-07,NA,NA,0,NA,NA,0,NA,NA,0,NA,NA
"765",1992-08-08,NA,NA,0,NA,NA,0,NA,NA,0,NA,NA
"766",1992-08-10,NA,NA,0,NA,NA,0,NA,NA,0,NA,NA
"767",1992-08-11,NA,NA,0,NA,NA,0,NA,NA,0,NA,NA
"768",1992-08-12,NA,NA,0,NA,NA,0,NA,NA,0,NA,NA
"769",1992-08-13,NA,NA,0,NA,NA,0,NA,NA,0,NA,NA
"770",1992-08-14,NA,NA,0,NA,NA,0,NA,NA,0,NA,NA
"771",1992-08-17,NA,NA,0,NA,NA,0,NA,NA,0,NA,NA
"772",1992-08-18,NA,NA,0,NA,NA,0,NA,NA,0,NA,NA
"773",1992-08-19,NA,NA,0,NA,NA,0,NA,NA,0,NA,NA
"774",1992-08-20,NA,NA,0,NA,NA,0,NA,NA,0,NA,NA
"775",1992-08-21,NA,NA,0,NA,NA,0,NA,NA,0,NA,NA
"776",1992-08-22,NA,NA,0,NA,NA,0,NA,NA,0,NA,NA
"777",1992-08-24,NA,NA,0,NA,NA,0,NA,NA,0,NA,NA
"778",1992-08-25,NA,NA,0,NA,NA,0,NA,NA,0,NA,NA
"779",1992-08-26,NA,NA,0,NA,NA,0,NA,NA,0,NA,NA
"780",1992-08-27,NA,NA,0,NA,NA,0,NA,NA,0,NA,NA
"781",1992-08-28,NA,NA,0,NA,NA,0,NA,NA,0,NA,NA
"782",1992-08-29,NA,NA,0,NA,NA,0,NA,NA,0,NA,NA
"783",1992-08-31,NA,NA,0,NA,NA,0,NA,NA,0,NA,NA
"784",1992-09-01,NA,NA,0,NA,NA,0,NA,NA,0,NA,NA
"785",1992-09-02,NA,NA,0,NA,NA,0,NA,NA,0,NA,NA
"786",1992-09-03,NA,NA,0,NA,NA,0,NA,NA,0,NA,NA
"787",1992-09-04,NA,NA,0,NA,NA,0,NA,NA,0,NA,NA
"788",1992-09-05,NA,NA,0,NA,NA,0,NA,NA,0,NA,NA
"789",1992-09-07,NA,NA,0,NA,NA,0,NA,NA,0,NA,NA
"790",1992-09-08,NA,NA,0,NA,NA,0,NA,NA,0,NA,NA
"791",1992-09-09,NA,NA,0,NA,NA,0,NA,NA,0,NA,NA
"792",1992-09-14,NA,NA,0,NA,NA,0,NA,NA,0,NA,NA
"793",1992-09-15,NA,NA,0,NA,NA,0,NA,NA,0,NA,NA
"794",1992-09-16,NA,NA,0,NA,NA,0,NA,NA,0,NA,NA
"795",1992-09-17,NA,NA,0,NA,NA,0,NA,NA,0,NA,NA
"796",1992-09-18,NA,NA,0,NA,NA,0,NA,NA,0,NA,NA
"797",1992-09-19,NA,NA,0,NA,NA,0,NA,NA,0,NA,NA
"798",1992-09-21,NA,NA,0,NA,NA,0,NA,NA,0,NA,NA
"799",1992-09-22,NA,NA,0,NA,NA,0,NA,NA,0,NA,NA
"800",1992-09-23,NA,NA,0,NA,NA,0,NA,NA,0,NA,NA
"801",1992-09-24,NA,NA,0,NA,NA,0,NA,NA,0,NA,NA
"802",1992-09-25,NA,NA,0,NA,NA,0,NA,NA,0,NA,NA
"803",1992-09-26,NA,NA,0,NA,NA,0,NA,NA,0,NA,NA
"804",1992-09-28,NA,NA,0,NA,NA,0,NA,NA,0,NA,NA
"805",1992-09-29,NA,NA,0,NA,NA,0,NA,NA,0,NA,NA
"806",1992-09-30,NA,NA,0,NA,NA,0,NA,NA,0,NA,NA
"807",1992-10-01,NA,NA,0,NA,NA,0,NA,NA,0,NA,NA
"808",1992-10-02,NA,NA,0,NA,NA,0,NA,NA,0,NA,NA
"809",1992-10-05,NA,NA,0,NA,NA,0,NA,NA,0,NA,NA
"810",1992-10-06,NA,NA,0,NA,NA,0,NA,NA,0,NA,NA
"811",1992-10-07,NA,NA,0,NA,NA,0,NA,NA,0,NA,NA
"812",1992-10-08,NA,NA,0,NA,NA,0,NA,NA,0,NA,NA
"813",1992-10-09,NA,NA,0,NA,NA,0,NA,NA,0,NA,NA
"814",1992-10-10,NA,NA,0,NA,NA,0,NA,NA,0,NA,NA
"815",1992-10-12,NA,NA,0,NA,NA,0,NA,NA,0,NA,NA
"816",1992-10-13,NA,NA,0,NA,NA,0,NA,NA,0,NA,NA
"817",1992-10-14,NA,NA,0,NA,NA,0,NA,NA,0,NA,NA
"818",1992-10-15,NA,NA,0,NA,NA,0,NA,NA,0,NA,NA
"819",1992-10-16,NA,NA,0,NA,NA,0,NA,NA,0,NA,NA
"820",1992-10-17,NA,NA,0,NA,NA,0,NA,NA,0,NA,NA
"821",1992-10-19,NA,NA,0,NA,NA,0,NA,NA,0,NA,NA
"822",1992-10-20,NA,NA,0,NA,NA,0,NA,NA,0,NA,NA
"823",1992-10-21,NA,NA,0,NA,NA,0,NA,NA,0,NA,NA
"824",1992-10-22,NA,NA,0,NA,NA,0,NA,NA,0,NA,NA
"825",1992-10-23,NA,NA,0,NA,NA,0,NA,NA,0,NA,NA
"826",1992-10-24,NA,NA,0,NA,NA,0,NA,NA,0,NA,NA
"827",1992-10-26,NA,NA,0,NA,NA,0,NA,NA,0,NA,NA
"828",1992-10-27,NA,NA,0,NA,NA,0,NA,NA,0,NA,NA
"829",1992-10-28,NA,NA,0,NA,NA,0,NA,NA,0,NA,NA
"830",1992-10-29,NA,NA,0,NA,NA,0,NA,NA,0,NA,NA
"831",1992-10-30,NA,NA,0,NA,NA,0,NA,NA,0,NA,NA
"832",1992-10-31,NA,NA,0,NA,NA,0,NA,NA,0,NA,NA
"833",1992-11-02,NA,NA,0,NA,NA,0,NA,NA,0,NA,NA
"834",1992-11-03,NA,NA,0,NA,NA,0,NA,NA,0,NA,NA
"835",1992-11-04,NA,NA,0,NA,NA,0,NA,NA,0,NA,NA
"836",1992-11-05,NA,NA,0,NA,NA,0,NA,NA,0,NA,NA
"837",1992-11-06,NA,NA,0,NA,NA,0,NA,NA,0,NA,NA
"838",1992-11-07,NA,NA,0,NA,NA,0,NA,NA,0,NA,NA
"839",1992-11-09,NA,NA,0,NA,NA,0,NA,NA,0,NA,NA
"840",1992-11-10,NA,NA,0,NA,NA,0,NA,NA,0,NA,NA
"841",1992-11-11,NA,NA,0,NA,NA,0,NA,NA,0,NA,NA
"842",1992-11-12,NA,NA,0,NA,NA,0,NA,NA,0,NA,NA
"843",1992-11-13,NA,NA,0,NA,NA,0,NA,NA,0,NA,NA
"844",1992-11-14,NA,NA,0,NA,NA,0,NA,NA,0,NA,NA
"845",1992-11-16,NA,NA,0,NA,NA,0,NA,NA,0,NA,NA
"846",1992-11-17,NA,NA,0,NA,NA,0,NA,NA,0,NA,NA
"847",1992-11-18,NA,NA,0,NA,NA,0,NA,NA,0,NA,NA
"848",1992-11-19,NA,NA,0,NA,NA,0,NA,NA,0,NA,NA
"849",1992-11-20,NA,NA,0,NA,NA,0,NA,NA,0,NA,NA
"850",1992-11-21,NA,NA,0,NA,NA,0,NA,NA,0,NA,NA
"851",1992-11-23,NA,NA,0,NA,NA,0,NA,NA,0,NA,NA
"852",1992-11-24,NA,NA,0,NA,NA,0,NA,NA,0,NA,NA
"853",1992-11-25,NA,NA,0,NA,NA,0,NA,NA,0,NA,NA
"854",1992-11-26,NA,NA,0,NA,NA,0,NA,NA,0,NA,NA
"855",1992-11-27,NA,NA,0,NA,NA,0,NA,NA,0,NA,NA
"856",1992-11-28,NA,NA,0,NA,NA,0,NA,NA,0,NA,NA
"857",1992-11-30,NA,NA,0,NA,NA,0,NA,NA,0,NA,NA
"858",1992-12-01,NA,NA,0,NA,NA,0,NA,NA,0,NA,NA
"859",1992-12-02,NA,NA,0,NA,NA,0,NA,NA,0,NA,NA
"860",1992-12-03,NA,NA,0,NA,NA,0,NA,NA,0,NA,NA
"861",1992-12-04,NA,NA,0,NA,NA,0,NA,NA,0,NA,NA
"862",1992-12-05,NA,NA,0,NA,NA,0,NA,NA,0,NA,NA
"863",1992-12-07,NA,NA,0,NA,NA,0,NA,NA,0,NA,NA
"864",1992-12-08,NA,NA,0,NA,NA,0,NA,NA,0,NA,NA
"865",1992-12-09,NA,NA,0,NA,NA,0,NA,NA,0,NA,NA
"866",1992-12-10,NA,NA,0,NA,NA,0,NA,NA,0,NA,NA
"867",1992-12-11,NA,NA,0,NA,NA,0,NA,NA,0,NA,NA
"868",1992-12-12,NA,NA,0,NA,NA,0,NA,NA,0,NA,NA
"869",1992-12-14,NA,NA,0,NA,NA,0,NA,NA,0,NA,NA
"870",1992-12-15,NA,NA,0,NA,NA,0,NA,NA,0,NA,NA
"871",1992-12-16,NA,NA,0,NA,NA,0,NA,NA,0,NA,NA
"872",1992-12-17,NA,NA,0,NA,NA,0,NA,NA,0,NA,NA
"873",1992-12-19,NA,NA,0,NA,NA,0,NA,NA,0,NA,NA
"874",1992-12-21,NA,NA,0,NA,NA,0,NA,NA,0,NA,NA
"875",1992-12-22,NA,NA,0,NA,NA,0,NA,NA,0,NA,NA
"876",1992-12-23,NA,NA,0,NA,NA,0,NA,NA,0,NA,NA
"877",1992-12-24,NA,NA,0,NA,NA,0,NA,NA,0,NA,NA
"878",1992-12-26,NA,NA,0,NA,NA,0,NA,NA,0,NA,NA
"879",1992-12-28,NA,NA,0,NA,NA,0,NA,NA,0,NA,NA
"880",1993-01-04,NA,NA,0,NA,NA,0,NA,NA,0,NA,NA
"881",1993-01-05,NA,NA,0,NA,NA,0,NA,NA,0,NA,NA
"882",1993-01-06,NA,NA,0,NA,NA,0,NA,NA,0,NA,NA
"883",1993-01-07,NA,NA,0,NA,NA,0,NA,NA,0,NA,NA
"884",1993-01-08,NA,NA,0,NA,NA,0,NA,NA,0,NA,NA
"885",1993-01-09,NA,NA,0,NA,NA,0,NA,NA,0,NA,NA
"886",1993-01-11,NA,NA,0,NA,NA,0,NA,NA,0,NA,NA
"887",1993-01-12,NA,NA,0,NA,NA,0,NA,NA,0,NA,NA
"888",1993-01-13,NA,NA,0,NA,NA,0,NA,NA,0,NA,NA
"889",1993-01-14,NA,NA,0,NA,NA,0,NA,NA,0,NA,NA
"890",1993-01-15,NA,NA,0,NA,NA,0,NA,NA,0,NA,NA
"891",1993-01-16,NA,NA,0,NA,NA,0,NA,NA,0,NA,NA
"892",1993-01-18,NA,NA,0,NA,NA,0,NA,NA,0,NA,NA
"893",1993-01-19,NA,NA,0,NA,NA,0,NA,NA,0,NA,NA
"894",1993-01-20,NA,NA,0,NA,NA,0,NA,NA,0,NA,NA
"895",1993-01-21,NA,NA,0,NA,NA,0,NA,NA,0,NA,NA
"896",1993-01-25,NA,NA,0,NA,NA,0,NA,NA,0,NA,NA
"897",1993-01-26,NA,NA,0,NA,NA,0,NA,NA,0,NA,NA
"898",1993-01-27,NA,NA,0,NA,NA,0,NA,NA,0,NA,NA
"899",1993-01-28,NA,NA,0,NA,NA,0,NA,NA,0,NA,NA
"900",1993-01-29,NA,NA,0,NA,NA,0,NA,NA,0,NA,NA
"901",1993-01-30,NA,NA,0,NA,NA,0,NA,NA,0,NA,NA
"902",1993-02-01,NA,NA,0,NA,NA,0,NA,NA,0,NA,NA
"903",1993-02-02,NA,NA,0,NA,NA,0,NA,NA,0,NA,NA
"904",1993-02-03,NA,NA,0,NA,NA,0,NA,NA,0,NA,NA
"905",1993-02-04,NA,NA,0,NA,NA,0,NA,NA,0,NA,NA
"906",1993-02-05,NA,NA,0,NA,NA,0,NA,NA,0,NA,NA
"907",1993-02-06,NA,NA,0,NA,NA,0,NA,NA,0,NA,NA
"908",1993-02-08,NA,NA,0,NA,NA,0,NA,NA,0,NA,NA
"909",1993-02-09,NA,NA,0,NA,NA,0,NA,NA,0,NA,NA
"910",1993-02-10,NA,NA,0,NA,NA,0,NA,NA,0,NA,NA
"911",1993-02-11,NA,NA,0,NA,NA,0,NA,NA,0,NA,NA
"912",1993-02-12,NA,NA,0,NA,NA,0,NA,NA,0,NA,NA
"913",1993-02-13,NA,NA,0,NA,NA,0,NA,NA,0,NA,NA
"914",1993-02-15,NA,NA,0,NA,NA,0,NA,NA,0,NA,NA
"915",1993-02-16,NA,NA,0,NA,NA,0,NA,NA,0,NA,NA
"916",1993-02-17,NA,NA,0,NA,NA,0,NA,NA,0,NA,NA
"917",1993-02-18,NA,NA,0,NA,NA,0,NA,NA,0,NA,NA
"918",1993-02-19,NA,NA,0,NA,NA,0,NA,NA,0,NA,NA
"919",1993-02-20,NA,NA,0,NA,NA,0,NA,NA,0,NA,NA
"920",1993-02-22,NA,NA,0,NA,NA,0,NA,NA,0,NA,NA
"921",1993-02-23,NA,NA,0,NA,NA,0,NA,NA,0,NA,NA
"922",1993-02-24,NA,NA,0,NA,NA,0,NA,NA,0,NA,NA
"923",1993-02-25,NA,NA,0,NA,NA,0,NA,NA,0,NA,NA
"924",1993-02-26,NA,NA,0,NA,NA,0,NA,NA,0,NA,NA
"925",1993-02-27,NA,NA,0,NA,NA,0,NA,NA,0,NA,NA
"926",1993-03-02,NA,NA,0,NA,NA,0,NA,NA,0,NA,NA
"927",1993-03-03,NA,NA,0,NA,NA,0,NA,NA,0,NA,NA
"928",1993-03-04,NA,NA,0,NA,NA,0,NA,NA,0,NA,NA
"929",1993-03-05,NA,NA,0,NA,NA,0,NA,NA,0,NA,NA
"930",1993-03-06,NA,NA,0,NA,NA,0,NA,NA,0,NA,NA
"931",1993-03-08,NA,NA,0,NA,NA,0,NA,NA,0,NA,NA
"932",1993-03-09,NA,NA,0,NA,NA,0,NA,NA,0,NA,NA
"933",1993-03-11,NA,NA,0,NA,NA,0,NA,NA,0,NA,NA
"934",1993-03-12,NA,NA,0,NA,NA,0,NA,NA,0,NA,NA
"935",1993-03-13,NA,NA,0,NA,NA,0,NA,NA,0,NA,NA
"936",1993-03-15,NA,NA,0,NA,NA,0,NA,NA,0,NA,NA
"937",1993-03-16,NA,NA,0,NA,NA,0,NA,NA,0,NA,NA
"938",1993-03-17,NA,NA,0,NA,NA,0,NA,NA,0,NA,NA
"939",1993-03-18,NA,NA,0,NA,NA,0,NA,NA,0,NA,NA
"940",1993-03-19,NA,NA,0,NA,NA,0,NA,NA,0,NA,NA
"941",1993-03-20,NA,NA,0,NA,NA,0,NA,NA,0,NA,NA
"942",1993-03-22,NA,NA,0,NA,NA,0,NA,NA,0,NA,NA
"943",1993-03-23,NA,NA,0,NA,NA,0,NA,NA,0,NA,NA
"944",1993-03-24,NA,NA,0,NA,NA,0,NA,NA,0,NA,NA
"945",1993-03-25,NA,NA,0,NA,NA,0,NA,NA,0,NA,NA
"946",1993-03-26,NA,NA,0,NA,NA,0,NA,NA,0,NA,NA
"947",1993-03-27,NA,NA,0,NA,NA,0,NA,NA,0,NA,NA
"948",1993-03-29,NA,NA,0,NA,NA,0,NA,NA,0,NA,NA
"949",1993-03-30,NA,NA,0,NA,NA,0,NA,NA,0,NA,NA
"950",1993-03-31,NA,NA,0,NA,NA,0,NA,NA,0,NA,NA
"951",1993-04-01,NA,NA,0,NA,NA,0,NA,NA,0,NA,NA
"952",1993-04-02,NA,NA,0,NA,NA,0,NA,NA,0,NA,NA
"953",1993-04-03,NA,NA,0,NA,NA,0,NA,NA,0,NA,NA
"954",1993-04-06,NA,NA,0,NA,NA,0,NA,NA,0,NA,NA
"955",1993-04-07,NA,NA,0,NA,NA,0,NA,NA,0,NA,NA
"956",1993-04-08,NA,NA,0,NA,NA,0,NA,NA,0,NA,NA
"957",1993-04-09,NA,NA,0,NA,NA,0,NA,NA,0,NA,NA
"958",1993-04-10,NA,NA,0,NA,NA,0,NA,NA,0,NA,NA
"959",1993-04-12,NA,NA,0,NA,NA,0,NA,NA,0,NA,NA
"960",1993-04-13,NA,NA,0,NA,NA,0,NA,NA,0,NA,NA
"961",1993-04-14,NA,NA,0,NA,NA,0,NA,NA,0,NA,NA
"962",1993-04-15,NA,NA,0,NA,NA,0,NA,NA,0,NA,NA
"963",1993-04-16,NA,NA,0,NA,NA,0,NA,NA,0,NA,NA
"964",1993-04-17,NA,NA,0,NA,NA,0,NA,NA,0,NA,NA
"965",1993-04-19,NA,NA,0,NA,NA,0,NA,NA,0,NA,NA
"966",1993-04-20,NA,NA,0,NA,NA,0,NA,NA,0,NA,NA
"967",1993-04-21,NA,NA,0,NA,NA,0,NA,NA,0,NA,NA
"968",1993-04-22,NA,NA,0,NA,NA,0,NA,NA,0,NA,NA
"969",1993-04-23,NA,NA,0,NA,NA,0,NA,NA,0,NA,NA
"970",1993-04-24,NA,NA,0,NA,NA,0,NA,NA,0,NA,NA
"971",1993-04-26,NA,NA,0,NA,NA,0,NA,NA,0,NA,NA
"972",1993-04-27,NA,NA,0,NA,NA,0,NA,NA,0,NA,NA
"973",1993-04-28,NA,NA,0,NA,NA,0,NA,NA,0,NA,NA
"974",1993-04-29,NA,NA,0,NA,NA,0,NA,NA,0,NA,NA
"975",1993-04-30,NA,NA,0,NA,NA,0,NA,NA,0,NA,NA
"976",1993-05-01,NA,NA,0,NA,NA,0,NA,NA,0,NA,NA
"977",1993-05-03,NA,NA,0,NA,NA,0,NA,NA,0,NA,NA
"978",1993-05-04,NA,NA,0,NA,NA,0,NA,NA,0,NA,NA
"979",1993-05-06,NA,NA,0,NA,NA,0,NA,NA,0,NA,NA
"980",1993-05-07,NA,NA,0,NA,NA,0,NA,NA,0,NA,NA
"981",1993-05-08,NA,NA,0,NA,NA,0,NA,NA,0,NA,NA
"982",1993-05-10,NA,NA,0,NA,NA,0,NA,NA,0,NA,NA
"983",1993-05-11,NA,NA,0,NA,NA,0,NA,NA,0,NA,NA
"984",1993-05-12,NA,NA,0,NA,NA,0,NA,NA,0,NA,NA
"985",1993-05-13,NA,NA,0,NA,NA,0,NA,NA,0,NA,NA
"986",1993-05-14,NA,NA,0,NA,NA,0,NA,NA,0,NA,NA
"987",1993-05-15,NA,NA,0,NA,NA,0,NA,NA,0,NA,NA
"988",1993-05-17,NA,NA,0,NA,NA,0,NA,NA,0,NA,NA
"989",1993-05-18,NA,NA,0,NA,NA,0,NA,NA,0,NA,NA
"990",1993-05-19,NA,NA,0,NA,NA,0,NA,NA,0,NA,NA
"991",1993-05-20,NA,NA,0,NA,NA,0,NA,NA,0,NA,NA
"992",1993-05-21,NA,NA,0,NA,NA,0,NA,NA,0,NA,NA
"993",1993-05-22,NA,NA,0,NA,NA,0,NA,NA,0,NA,NA
"994",1993-05-24,NA,NA,0,NA,NA,0,NA,NA,0,NA,NA
"995",1993-05-25,NA,NA,0,NA,NA,0,NA,NA,0,NA,NA
"996",1993-05-26,NA,NA,0,NA,NA,0,NA,NA,0,NA,NA
"997",1993-05-27,NA,NA,0,NA,NA,0,NA,NA,0,NA,NA
"998",1993-05-29,NA,NA,0,NA,NA,0,NA,NA,0,NA,NA
"999",1993-05-31,NA,NA,0,NA,NA,0,NA,NA,0,NA,NA
"1000",1993-06-01,NA,NA,0,NA,NA,0,NA,NA,0,NA,NA
"1001",1993-06-02,NA,NA,0,NA,NA,0,NA,NA,0,NA,NA
"1002",1993-06-03,NA,NA,0,NA,NA,0,NA,NA,0,NA,NA
"1003",1993-06-04,NA,NA,0,NA,NA,0,NA,NA,0,NA,NA
"1004",1993-06-05,NA,NA,0,NA,NA,0,NA,NA,0,NA,NA
"1005",1993-06-07,NA,NA,0,NA,NA,0,NA,NA,0,NA,NA
"1006",1993-06-08,NA,NA,0,NA,NA,0,NA,NA,0,NA,NA
"1007",1993-06-09,NA,NA,0,NA,NA,0,NA,NA,0,NA,NA
"1008",1993-06-10,NA,NA,0,NA,NA,0,NA,NA,0,NA,NA
"1009",1993-06-11,NA,NA,0,NA,NA,0,NA,NA,0,NA,NA
"1010",1993-06-12,NA,NA,0,NA,NA,0,NA,NA,0,NA,NA
"1011",1993-06-14,NA,NA,0,NA,NA,0,NA,NA,0,NA,NA
"1012",1993-06-15,NA,NA,0,NA,NA,0,NA,NA,0,NA,NA
"1013",1993-06-16,NA,NA,0,NA,NA,0,NA,NA,0,NA,NA
"1014",1993-06-17,NA,NA,0,NA,NA,0,NA,NA,0,NA,NA
"1015",1993-06-18,NA,NA,0,NA,NA,0,NA,NA,0,NA,NA
"1016",1993-06-19,NA,NA,0,NA,NA,0,NA,NA,0,NA,NA
"1017",1993-06-21,NA,NA,0,NA,NA,0,NA,NA,0,NA,NA
"1018",1993-06-22,NA,NA,0,NA,NA,0,NA,NA,0,NA,NA
"1019",1993-06-23,NA,NA,0,NA,NA,0,NA,NA,0,NA,NA
"1020",1993-06-24,NA,NA,0,NA,NA,0,NA,NA,0,NA,NA
"1021",1993-06-25,NA,NA,0,NA,NA,0,NA,NA,0,NA,NA
"1022",1993-06-26,NA,NA,0,NA,NA,0,NA,NA,0,NA,NA
"1023",1993-06-28,NA,NA,0,NA,NA,0,NA,NA,0,NA,NA
"1024",1993-06-29,NA,NA,0,NA,NA,0,NA,NA,0,NA,NA
"1025",1993-06-30,NA,NA,0,NA,NA,0,NA,NA,0,NA,NA
"1026",1993-07-01,NA,NA,0,NA,NA,0,NA,NA,0,NA,NA
"1027",1993-07-02,NA,NA,0,NA,NA,0,NA,NA,0,NA,NA
"1028",1993-07-03,NA,NA,0,NA,NA,0,NA,NA,0,NA,NA
"1029",1993-07-05,NA,NA,0,NA,NA,0,NA,NA,0,NA,NA
"1030",1993-07-06,NA,NA,0,NA,NA,0,NA,NA,0,NA,NA
"1031",1993-07-07,NA,NA,0,NA,NA,0,NA,NA,0,NA,NA
"1032",1993-07-08,NA,NA,0,NA,NA,0,NA,NA,0,NA,NA
"1033",1993-07-09,NA,NA,0,NA,NA,0,NA,NA,0,NA,NA
"1034",1993-07-10,NA,NA,0,NA,NA,0,NA,NA,0,NA,NA
"1035",1993-07-12,NA,NA,0,NA,NA,0,NA,NA,0,NA,NA
"1036",1993-07-13,NA,NA,0,NA,NA,0,NA,NA,0,NA,NA
"1037",1993-07-14,NA,NA,0,NA,NA,0,NA,NA,0,NA,NA
"1038",1993-07-15,NA,NA,0,NA,NA,0,NA,NA,0,NA,NA
"1039",1993-07-16,NA,NA,0,NA,NA,0,NA,NA,0,NA,NA
"1040",1993-07-19,NA,NA,0,NA,NA,0,NA,NA,0,NA,NA
"1041",1993-07-20,NA,NA,0,NA,NA,0,NA,NA,0,NA,NA
"1042",1993-07-21,NA,NA,0,NA,NA,0,NA,NA,0,NA,NA
"1043",1993-07-22,NA,NA,0,NA,NA,0,NA,NA,0,NA,NA
"1044",1993-07-23,NA,NA,0,NA,NA,0,NA,NA,0,NA,NA
"1045",1993-07-24,NA,NA,0,NA,NA,0,NA,NA,0,NA,NA
"1046",1993-07-26,NA,NA,0,NA,NA,0,NA,NA,0,NA,NA
"1047",1993-07-27,NA,NA,0,NA,NA,0,NA,NA,0,NA,NA
"1048",1993-07-28,NA,NA,0,NA,NA,0,NA,NA,0,NA,NA
"1049",1993-07-29,NA,NA,0,NA,NA,0,NA,NA,0,NA,NA
"1050",1993-07-30,NA,NA,0,NA,NA,0,NA,NA,0,NA,NA
"1051",1993-07-31,NA,NA,0,NA,NA,0,NA,NA,0,NA,NA
"1052",1993-08-02,NA,NA,0,NA,NA,0,NA,NA,0,NA,NA
"1053",1993-08-03,NA,NA,0,NA,NA,0,NA,NA,0,NA,NA
"1054",1993-08-04,NA,NA,0,NA,NA,0,NA,NA,0,NA,NA
"1055",1993-08-05,NA,NA,0,NA,NA,0,NA,NA,0,NA,NA
"1056",1993-08-06,NA,NA,0,NA,NA,0,NA,NA,0,NA,NA
"1057",1993-08-07,NA,NA,0,NA,NA,0,NA,NA,0,NA,NA
"1058",1993-08-09,NA,NA,0,NA,NA,0,NA,NA,0,NA,NA
"1059",1993-08-10,NA,NA,0,NA,NA,0,NA,NA,0,NA,NA
"1060",1993-08-11,NA,NA,0,NA,NA,0,NA,NA,0,NA,NA
"1061",1993-08-12,NA,NA,0,NA,NA,0,NA,NA,0,NA,NA
"1062",1993-08-13,NA,NA,0,NA,NA,0,NA,NA,0,NA,NA
"1063",1993-08-14,NA,NA,0,NA,NA,0,NA,NA,0,NA,NA
"1064",1993-08-16,NA,NA,0,NA,NA,0,NA,NA,0,NA,NA
"1065",1993-08-17,NA,NA,0,NA,NA,0,NA,NA,0,NA,NA
"1066",1993-08-18,NA,NA,0,NA,NA,0,NA,NA,0,NA,NA
"1067",1993-08-19,NA,NA,0,NA,NA,0,NA,NA,0,NA,NA
"1068",1993-08-20,NA,NA,0,NA,NA,0,NA,NA,0,NA,NA
"1069",1993-08-21,NA,NA,0,NA,NA,0,NA,NA,0,NA,NA
"1070",1993-08-23,NA,NA,0,NA,NA,0,NA,NA,0,NA,NA
"1071",1993-08-24,NA,NA,0,NA,NA,0,NA,NA,0,NA,NA
"1072",1993-08-25,NA,NA,0,NA,NA,0,NA,NA,0,NA,NA
"1073",1993-08-26,NA,NA,0,NA,NA,0,NA,NA,0,NA,NA
"1074",1993-08-27,NA,NA,0,NA,NA,0,NA,NA,0,NA,NA
"1075",1993-08-28,NA,NA,0,NA,NA,0,NA,NA,0,NA,NA
"1076",1993-08-30,NA,NA,0,NA,NA,0,NA,NA,0,NA,NA
"1077",1993-08-31,NA,NA,0,NA,NA,0,NA,NA,0,NA,NA
"1078",1993-09-01,NA,NA,0,NA,NA,0,NA,NA,0,NA,NA
"1079",1993-09-02,NA,NA,0,NA,NA,0,NA,NA,0,NA,NA
"1080",1993-09-03,NA,NA,0,NA,NA,0,NA,NA,0,NA,NA
"1081",1993-09-04,NA,NA,0,NA,NA,0,NA,NA,0,NA,NA
"1082",1993-09-06,NA,NA,0,NA,NA,0,NA,NA,0,NA,NA
"1083",1993-09-07,NA,NA,0,NA,NA,0,NA,NA,0,NA,NA
"1084",1993-09-08,NA,NA,0,NA,NA,0,NA,NA,0,NA,NA
"1085",1993-09-09,NA,NA,0,NA,NA,0,NA,NA,0,NA,NA
"1086",1993-09-10,NA,NA,0,NA,NA,0,NA,NA,0,NA,NA
"1087",1993-09-11,NA,NA,0,NA,NA,0,NA,NA,0,NA,NA
"1088",1993-09-13,NA,NA,0,NA,NA,0,NA,NA,0,NA,NA
"1089",1993-09-14,NA,NA,0,NA,NA,0,NA,NA,0,NA,NA
"1090",1993-09-15,NA,NA,0,NA,NA,0,NA,NA,0,NA,NA
"1091",1993-09-16,NA,NA,0,NA,NA,0,NA,NA,0,NA,NA
"1092",1993-09-17,NA,NA,0,NA,NA,0,NA,NA,0,NA,NA
"1093",1993-09-18,NA,NA,0,NA,NA,0,NA,NA,0,NA,NA
"1094",1993-09-20,NA,NA,0,NA,NA,0,NA,NA,0,NA,NA
"1095",1993-09-21,NA,NA,0,NA,NA,0,NA,NA,0,NA,NA
"1096",1993-09-22,NA,NA,0,NA,NA,0,NA,NA,0,NA,NA
"1097",1993-09-23,NA,NA,0,NA,NA,0,NA,NA,0,NA,NA
"1098",1993-09-24,NA,NA,0,NA,NA,0,NA,NA,0,NA,NA
"1099",1993-09-25,NA,NA,0,NA,NA,0,NA,NA,0,NA,NA
"1100",1993-09-27,NA,NA,0,NA,NA,0,NA,NA,0,NA,NA
"1101",1993-09-28,NA,NA,0,NA,NA,0,NA,NA,0,NA,NA
"1102",1993-10-02,NA,NA,0,NA,NA,0,NA,NA,0,NA,NA
"1103",1993-10-04,NA,NA,0,NA,NA,0,NA,NA,0,NA,NA
"1104",1993-10-05,NA,NA,0,NA,NA,0,NA,NA,0,NA,NA
"1105",1993-10-06,NA,NA,0,NA,NA,0,NA,NA,0,NA,NA
"1106",1993-10-07,NA,NA,0,NA,NA,0,NA,NA,0,NA,NA
"1107",1993-10-08,NA,NA,0,NA,NA,0,NA,NA,0,NA,NA
"1108",1993-10-09,NA,NA,0,NA,NA,0,NA,NA,0,NA,NA
"1109",1993-10-11,NA,NA,0,NA,NA,0,NA,NA,0,NA,NA
"1110",1993-10-12,NA,NA,0,NA,NA,0,NA,NA,0,NA,NA
"1111",1993-10-13,NA,NA,0,NA,NA,0,NA,NA,0,NA,NA
"1112",1993-10-14,NA,NA,0,NA,NA,0,NA,NA,0,NA,NA
"1113",1993-10-15,NA,NA,0,NA,NA,0,NA,NA,0,NA,NA
"1114",1993-10-16,NA,NA,0,NA,NA,0,NA,NA,0,NA,NA
"1115",1993-10-18,NA,NA,0,NA,NA,0,NA,NA,0,NA,NA
"1116",1993-10-19,NA,NA,0,NA,NA,0,NA,NA,0,NA,NA
"1117",1993-10-20,NA,NA,0,NA,NA,0,NA,NA,0,NA,NA
"1118",1993-10-21,NA,NA,0,NA,NA,0,NA,NA,0,NA,NA
"1119",1993-10-22,NA,NA,0,NA,NA,0,NA,NA,0,NA,NA
"1120",1993-10-23,NA,NA,0,NA,NA,0,NA,NA,0,NA,NA
"1121",1993-10-25,NA,NA,0,NA,NA,0,NA,NA,0,NA,NA
"1122",1993-10-26,NA,NA,0,NA,NA,0,NA,NA,0,NA,NA
"1123",1993-10-27,NA,NA,0,NA,NA,0,NA,NA,0,NA,NA
"1124",1993-10-28,NA,NA,0,NA,NA,0,NA,NA,0,NA,NA
"1125",1993-10-29,NA,NA,0,NA,NA,0,NA,NA,0,NA,NA
"1126",1993-10-30,NA,NA,0,NA,NA,0,NA,NA,0,NA,NA
"1127",1993-11-01,NA,NA,0,NA,NA,0,NA,NA,0,NA,NA
"1128",1993-11-02,NA,NA,0,NA,NA,0,NA,NA,0,NA,NA
"1129",1993-11-03,NA,NA,0,NA,NA,0,NA,NA,0,NA,NA
"1130",1993-11-04,NA,NA,0,NA,NA,0,NA,NA,0,NA,NA
"1131",1993-11-05,NA,NA,0,NA,NA,0,NA,NA,0,NA,NA
"1132",1993-11-06,NA,NA,0,NA,NA,0,NA,NA,0,NA,NA
"1133",1993-11-08,NA,NA,0,NA,NA,0,NA,NA,0,NA,NA
"1134",1993-11-09,NA,NA,0,NA,NA,0,NA,NA,0,NA,NA
"1135",1993-11-10,NA,NA,0,NA,NA,0,NA,NA,0,NA,NA
"1136",1993-11-11,NA,NA,0,NA,NA,0,NA,NA,0,NA,NA
"1137",1993-11-12,NA,NA,0,NA,NA,0,NA,NA,0,NA,NA
"1138",1993-11-13,NA,NA,0,NA,NA,0,NA,NA,0,NA,NA
"1139",1993-11-15,NA,NA,0,NA,NA,0,NA,NA,0,NA,NA
"1140",1993-11-16,NA,NA,0,NA,NA,0,NA,NA,0,NA,NA
"1141",1993-11-17,NA,NA,0,NA,NA,0,NA,NA,0,NA,NA
"1142",1993-11-18,NA,NA,0,NA,NA,0,NA,NA,0,NA,NA
"1143",1993-11-19,NA,NA,0,NA,NA,0,NA,NA,0,NA,NA
"1144",1993-11-20,NA,NA,0,NA,NA,0,NA,NA,0,NA,NA
"1145",1993-11-22,NA,NA,0,NA,NA,0,NA,NA,0,NA,NA
"1146",1993-11-23,NA,NA,0,NA,NA,0,NA,NA,0,NA,NA
"1147",1993-11-24,NA,NA,0,NA,NA,0,NA,NA,0,NA,NA
"1148",1993-11-25,NA,NA,0,NA,NA,0,NA,NA,0,NA,NA
"1149",1993-11-26,NA,NA,0,NA,NA,0,NA,NA,0,NA,NA
"1150",1993-11-27,NA,NA,0,NA,NA,0,NA,NA,0,NA,NA
"1151",1993-11-29,NA,NA,0,NA,NA,0,NA,NA,0,NA,NA
"1152",1993-11-30,NA,NA,0,NA,NA,0,NA,NA,0,NA,NA
"1153",1993-12-01,NA,NA,0,NA,NA,0,NA,NA,0,NA,NA
"1154",1993-12-02,NA,NA,0,NA,NA,0,NA,NA,0,NA,NA
"1155",1993-12-03,NA,NA,0,NA,NA,0,NA,NA,0,NA,NA
"1156",1993-12-04,NA,NA,0,NA,NA,0,NA,NA,0,NA,NA
"1157",1993-12-06,NA,NA,0,NA,NA,0,NA,NA,0,NA,NA
"1158",1993-12-07,NA,NA,0,NA,NA,0,NA,NA,0,NA,NA
"1159",1993-12-08,NA,NA,0,NA,NA,0,NA,NA,0,NA,NA
"1160",1993-12-09,NA,NA,0,NA,NA,0,NA,NA,0,NA,NA
"1161",1993-12-10,NA,NA,0,NA,NA,0,NA,NA,0,NA,NA
"1162",1993-12-11,NA,NA,0,NA,NA,0,NA,NA,0,NA,NA
"1163",1993-12-13,NA,NA,0,NA,NA,0,NA,NA,0,NA,NA
"1164",1993-12-14,NA,NA,0,NA,NA,0,NA,NA,0,NA,NA
"1165",1993-12-15,NA,NA,0,NA,NA,0,NA,NA,0,NA,NA
"1166",1993-12-16,NA,NA,0,NA,NA,0,NA,NA,0,NA,NA
"1167",1993-12-17,NA,NA,0,NA,NA,0,NA,NA,0,NA,NA
"1168",1993-12-18,NA,NA,0,NA,NA,0,NA,NA,0,NA,NA
"1169",1993-12-20,NA,NA,0,NA,NA,0,NA,NA,0,NA,NA
"1170",1993-12-21,NA,NA,0,NA,NA,0,NA,NA,0,NA,NA
"1171",1993-12-22,NA,NA,0,NA,NA,0,NA,NA,0,NA,NA
"1172",1993-12-23,NA,NA,0,NA,NA,0,NA,NA,0,NA,NA
"1173",1993-12-24,NA,NA,0,NA,NA,0,NA,NA,0,NA,NA
"1174",1993-12-27,NA,NA,0,NA,NA,0,NA,NA,0,NA,NA
"1175",1993-12-28,NA,NA,0,NA,NA,0,NA,NA,0,NA,NA
"1176",1994-01-03,NA,NA,0,NA,NA,0,NA,NA,0,NA,NA
"1177",1994-01-04,NA,NA,0,NA,NA,0,NA,NA,0,NA,NA
"1178",1994-01-05,NA,NA,0,NA,NA,0,NA,NA,0,NA,NA
"1179",1994-01-06,NA,NA,0,NA,NA,0,NA,NA,0,NA,NA
"1180",1994-01-07,NA,NA,0,NA,NA,0,NA,NA,0,NA,NA
"1181",1994-01-08,NA,NA,0,NA,NA,0,NA,NA,0,NA,NA
"1182",1994-01-10,NA,NA,0,NA,NA,0,NA,NA,0,NA,NA
"1183",1994-01-11,NA,NA,0,NA,NA,0,NA,NA,0,NA,NA
"1184",1994-01-12,NA,NA,0,NA,NA,0,NA,NA,0,NA,NA
"1185",1994-01-13,NA,NA,0,NA,NA,0,NA,NA,0,NA,NA
"1186",1994-01-14,NA,NA,0,NA,NA,0,NA,NA,0,NA,NA
"1187",1994-01-15,NA,NA,0,NA,NA,0,NA,NA,0,NA,NA
"1188",1994-01-17,NA,NA,0,NA,NA,0,NA,NA,0,NA,NA
"1189",1994-01-18,NA,NA,0,NA,NA,0,NA,NA,0,NA,NA
"1190",1994-01-19,NA,NA,0,NA,NA,0,NA,NA,0,NA,NA
"1191",1994-01-20,NA,NA,0,NA,NA,0,NA,NA,0,NA,NA
"1192",1994-01-21,NA,NA,0,NA,NA,0,NA,NA,0,NA,NA
"1193",1994-01-22,NA,NA,0,NA,NA,0,NA,NA,0,NA,NA
"1194",1994-01-24,NA,NA,0,NA,NA,0,NA,NA,0,NA,NA
"1195",1994-01-25,NA,NA,0,NA,NA,0,NA,NA,0,NA,NA
"1196",1994-01-26,NA,NA,0,NA,NA,0,NA,NA,0,NA,NA
"1197",1994-01-27,NA,NA,0,NA,NA,0,NA,NA,0,NA,NA
"1198",1994-01-28,NA,NA,0,NA,NA,0,NA,NA,0,NA,NA
"1199",1994-01-29,NA,NA,0,NA,NA,0,NA,NA,0,NA,NA
"1200",1994-01-31,NA,NA,0,NA,NA,0,NA,NA,0,NA,NA
"1201",1994-02-01,NA,NA,0,NA,NA,0,NA,NA,0,NA,NA
"1202",1994-02-02,NA,NA,0,NA,NA,0,NA,NA,0,NA,NA
"1203",1994-02-03,NA,NA,0,NA,NA,0,NA,NA,0,NA,NA
"1204",1994-02-04,NA,NA,0,NA,NA,0,NA,NA,0,NA,NA
"1205",1994-02-05,NA,NA,0,NA,NA,0,NA,NA,0,NA,NA
"1206",1994-02-07,NA,NA,0,NA,NA,0,NA,NA,0,NA,NA
"1207",1994-02-08,NA,NA,0,NA,NA,0,NA,NA,0,NA,NA
"1208",1994-02-12,NA,NA,0,NA,NA,0,NA,NA,0,NA,NA
"1209",1994-02-14,NA,NA,0,NA,NA,0,NA,NA,0,NA,NA
"1210",1994-02-15,NA,NA,0,NA,NA,0,NA,NA,0,NA,NA
"1211",1994-02-16,NA,NA,0,NA,NA,0,NA,NA,0,NA,NA
"1212",1994-02-17,NA,NA,0,NA,NA,0,NA,NA,0,NA,NA
"1213",1994-02-18,NA,NA,0,NA,NA,0,NA,NA,0,NA,NA
"1214",1994-02-19,NA,NA,0,NA,NA,0,NA,NA,0,NA,NA
"1215",1994-02-21,NA,NA,0,NA,NA,0,NA,NA,0,NA,NA
"1216",1994-02-22,NA,NA,0,NA,NA,0,NA,NA,0,NA,NA
"1217",1994-02-23,NA,NA,0,NA,NA,0,NA,NA,0,NA,NA
"1218",1994-02-24,NA,NA,0,NA,NA,0,NA,NA,0,NA,NA
"1219",1994-02-25,NA,NA,0,NA,NA,0,NA,NA,0,NA,NA
"1220",1994-02-26,NA,NA,0,NA,NA,0,NA,NA,0,NA,NA
"1221",1994-02-28,NA,NA,0,NA,NA,0,NA,NA,0,NA,NA
"1222",1994-03-02,NA,NA,0,NA,NA,0,NA,NA,0,NA,NA
"1223",1994-03-03,NA,NA,0,NA,NA,0,NA,NA,0,NA,NA
"1224",1994-03-04,NA,NA,0,NA,NA,0,NA,NA,0,NA,NA
"1225",1994-03-05,NA,NA,0,NA,NA,0,NA,NA,0,NA,NA
"1226",1994-03-07,NA,NA,0,NA,NA,0,NA,NA,0,NA,NA
"1227",1994-03-08,NA,NA,0,NA,NA,0,NA,NA,0,NA,NA
"1228",1994-03-09,NA,NA,0,NA,NA,0,NA,NA,0,NA,NA
"1229",1994-03-10,NA,NA,0,NA,NA,0,NA,NA,0,NA,NA
"1230",1994-03-11,NA,NA,0,NA,NA,0,NA,NA,0,NA,NA
"1231",1994-03-12,NA,NA,0,NA,NA,0,NA,NA,0,NA,NA
"1232",1994-03-14,NA,NA,0,NA,NA,0,NA,NA,0,NA,NA
"1233",1994-03-15,NA,NA,0,NA,NA,0,NA,NA,0,NA,NA
"1234",1994-03-16,NA,NA,0,NA,NA,0,NA,NA,0,NA,NA
"1235",1994-03-17,NA,NA,0,NA,NA,0,NA,NA,0,NA,NA
"1236",1994-03-18,NA,NA,0,NA,NA,0,NA,NA,0,NA,NA
"1237",1994-03-19,NA,NA,0,NA,NA,0,NA,NA,0,NA,NA
"1238",1994-03-21,NA,NA,0,NA,NA,0,NA,NA,0,NA,NA
"1239",1994-03-22,NA,NA,0,NA,NA,0,NA,NA,0,NA,NA
"1240",1994-03-23,NA,NA,0,NA,NA,0,NA,NA,0,NA,NA
"1241",1994-03-24,NA,NA,0,NA,NA,0,NA,NA,0,NA,NA
"1242",1994-03-25,NA,NA,0,NA,NA,0,NA,NA,0,NA,NA
"1243",1994-03-26,NA,NA,0,NA,NA,0,NA,NA,0,NA,NA
"1244",1994-03-28,NA,NA,0,NA,NA,0,NA,NA,0,NA,NA
"1245",1994-03-29,NA,NA,0,NA,NA,0,NA,NA,0,NA,NA
"1246",1994-03-30,NA,NA,0,NA,NA,0,NA,NA,0,NA,NA
"1247",1994-03-31,NA,NA,0,NA,NA,0,NA,NA,0,NA,NA
"1248",1994-04-01,NA,NA,0,NA,NA,0,NA,NA,0,NA,NA
"1249",1994-04-02,NA,NA,0,NA,NA,0,NA,NA,0,NA,NA
"1250",1994-04-04,NA,NA,0,NA,NA,0,NA,NA,0,NA,NA
"1251",1994-04-06,NA,NA,0,NA,NA,0,NA,NA,0,NA,NA
"1252",1994-04-07,NA,NA,0,NA,NA,0,NA,NA,0,NA,NA
"1253",1994-04-08,NA,NA,0,NA,NA,0,NA,NA,0,NA,NA
"1254",1994-04-09,NA,NA,0,NA,NA,0,NA,NA,0,NA,NA
"1255",1994-04-11,NA,NA,0,NA,NA,0,NA,NA,0,NA,NA
"1256",1994-04-12,NA,NA,0,NA,NA,0,NA,NA,0,NA,NA
"1257",1994-04-13,NA,NA,0,NA,NA,0,NA,NA,0,NA,NA
"1258",1994-04-14,NA,NA,0,NA,NA,0,NA,NA,0,NA,NA
"1259",1994-04-15,NA,NA,0,NA,NA,0,NA,NA,0,NA,NA
"1260",1994-04-16,NA,NA,0,NA,NA,0,NA,NA,0,NA,NA
"1261",1994-04-18,NA,NA,0,NA,NA,0,NA,NA,0,NA,NA
"1262",1994-04-19,NA,NA,0,NA,NA,0,NA,NA,0,NA,NA
"1263",1994-04-20,NA,NA,0,NA,NA,0,NA,NA,0,NA,NA
"1264",1994-04-21,NA,NA,0,NA,NA,0,NA,NA,0,NA,NA
"1265",1994-04-22,NA,NA,0,NA,NA,0,NA,NA,0,NA,NA
"1266",1994-04-23,NA,NA,0,NA,NA,0,NA,NA,0,NA,NA
"1267",1994-04-25,NA,NA,0,NA,NA,0,NA,NA,0,NA,NA
"1268",1994-04-26,NA,NA,0,NA,NA,0,NA,NA,0,NA,NA
"1269",1994-04-27,NA,NA,0,NA,NA,0,NA,NA,0,NA,NA
"1270",1994-04-28,NA,NA,0,NA,NA,0,NA,NA,0,NA,NA
"1271",1994-04-29,NA,NA,0,NA,NA,0,NA,NA,0,NA,NA
"1272",1994-04-30,NA,NA,0,NA,NA,0,NA,NA,0,NA,NA
"1273",1994-05-02,NA,NA,0,NA,NA,0,NA,NA,0,NA,NA
"1274",1994-05-03,NA,NA,0,NA,NA,0,NA,NA,0,NA,NA
"1275",1994-05-04,NA,NA,0,NA,NA,0,NA,NA,0,NA,NA
"1276",1994-05-06,NA,NA,0,NA,NA,0,NA,NA,0,NA,NA
"1277",1994-05-07,NA,NA,0,NA,NA,0,NA,NA,0,NA,NA
"1278",1994-05-09,NA,NA,0,NA,NA,0,NA,NA,0,NA,NA
"1279",1994-05-10,NA,NA,0,NA,NA,0,NA,NA,0,NA,NA
"1280",1994-05-11,NA,NA,0,NA,NA,0,NA,NA,0,NA,NA
"1281",1994-05-12,NA,NA,0,NA,NA,0,NA,NA,0,NA,NA
"1282",1994-05-13,NA,NA,0,NA,NA,0,NA,NA,0,NA,NA
"1283",1994-05-14,NA,NA,0,NA,NA,0,NA,NA,0,NA,NA
"1284",1994-05-16,NA,NA,0,NA,NA,0,NA,NA,0,NA,NA
"1285",1994-05-17,NA,NA,0,NA,NA,0,NA,NA,0,NA,NA
"1286",1994-05-19,NA,NA,0,NA,NA,0,NA,NA,0,NA,NA
"1287",1994-05-20,NA,NA,0,NA,NA,0,NA,NA,0,NA,NA
"1288",1994-05-21,NA,NA,0,NA,NA,0,NA,NA,0,NA,NA
"1289",1994-05-23,NA,NA,0,NA,NA,0,NA,NA,0,NA,NA
"1290",1994-05-24,NA,NA,0,NA,NA,0,NA,NA,0,NA,NA
"1291",1994-05-25,NA,NA,0,NA,NA,0,NA,NA,0,NA,NA
"1292",1994-05-26,NA,NA,0,NA,NA,0,NA,NA,0,NA,NA
"1293",1994-05-27,NA,NA,0,NA,NA,0,NA,NA,0,NA,NA
"1294",1994-05-28,NA,NA,0,NA,NA,0,NA,NA,0,NA,NA
"1295",1994-05-30,NA,NA,0,NA,NA,0,NA,NA,0,NA,NA
"1296",1994-05-31,NA,NA,0,NA,NA,0,NA,NA,0,NA,NA
"1297",1994-06-01,NA,NA,0,NA,NA,0,NA,NA,0,NA,NA
"1298",1994-06-02,NA,NA,0,NA,NA,0,NA,NA,0,NA,NA
"1299",1994-06-03,NA,NA,0,NA,NA,0,NA,NA,0,NA,NA
"1300",1994-06-04,NA,NA,0,NA,NA,0,NA,NA,0,NA,NA
"1301",1994-06-07,NA,NA,0,NA,NA,0,NA,NA,0,NA,NA
"1302",1994-06-08,NA,NA,0,NA,NA,0,NA,NA,0,NA,NA
"1303",1994-06-09,NA,NA,0,NA,NA,0,NA,NA,0,NA,NA
"1304",1994-06-10,NA,NA,0,NA,NA,0,NA,NA,0,NA,NA
"1305",1994-06-11,NA,NA,0,NA,NA,0,NA,NA,0,NA,NA
"1306",1994-06-13,NA,NA,0,NA,NA,0,NA,NA,0,NA,NA
"1307",1994-06-14,NA,NA,0,NA,NA,0,NA,NA,0,NA,NA
"1308",1994-06-15,NA,NA,0,NA,NA,0,NA,NA,0,NA,NA
"1309",1994-06-16,NA,NA,0,NA,NA,0,NA,NA,0,NA,NA
"1310",1994-06-17,NA,NA,0,NA,NA,0,NA,NA,0,NA,NA
"1311",1994-06-18,NA,NA,0,NA,NA,0,NA,NA,0,NA,NA
"1312",1994-06-20,NA,NA,0,NA,NA,0,NA,NA,0,NA,NA
"1313",1994-06-21,NA,NA,0,NA,NA,0,NA,NA,0,NA,NA
"1314",1994-06-22,NA,NA,0,NA,NA,0,NA,NA,0,NA,NA
"1315",1994-06-23,NA,NA,0,NA,NA,0,NA,NA,0,NA,NA
"1316",1994-06-24,NA,NA,0,NA,NA,0,NA,NA,0,NA,NA
"1317",1994-06-25,NA,NA,0,NA,NA,0,NA,NA,0,NA,NA
"1318",1994-06-27,NA,NA,0,NA,NA,0,NA,NA,0,NA,NA
"1319",1994-06-28,NA,NA,0,NA,NA,0,NA,NA,0,NA,NA
"1320",1994-06-29,NA,NA,0,NA,NA,0,NA,NA,0,NA,NA
"1321",1994-06-30,NA,NA,0,NA,NA,0,NA,NA,0,NA,NA
"1322",1994-07-01,NA,NA,0,NA,NA,0,NA,NA,0,NA,NA
"1323",1994-07-02,NA,NA,0,NA,NA,0,NA,NA,0,NA,NA
"1324",1994-07-04,NA,NA,0,NA,NA,0,NA,NA,0,NA,NA
"1325",1994-07-05,NA,NA,0,NA,NA,0,NA,NA,0,NA,NA
"1326",1994-07-06,NA,NA,0,NA,NA,0,NA,NA,0,NA,NA
"1327",1994-07-07,NA,NA,0,NA,NA,0,NA,NA,0,NA,NA
"1328",1994-07-08,NA,NA,0,NA,NA,0,NA,NA,0,NA,NA
"1329",1994-07-09,NA,NA,0,NA,NA,0,NA,NA,0,NA,NA
"1330",1994-07-11,NA,NA,0,NA,NA,0,NA,NA,0,NA,NA
"1331",1994-07-12,NA,NA,0,NA,NA,0,NA,NA,0,NA,NA
"1332",1994-07-13,NA,NA,0,NA,NA,0,NA,NA,0,NA,NA
"1333",1994-07-14,NA,NA,0,NA,NA,0,NA,NA,0,NA,NA
"1334",1994-07-15,NA,NA,0,NA,NA,0,NA,NA,0,NA,NA
"1335",1994-07-16,NA,NA,0,NA,NA,0,NA,NA,0,NA,NA
"1336",1994-07-18,NA,NA,0,NA,NA,0,NA,NA,0,NA,NA
"1337",1994-07-19,NA,NA,0,NA,NA,0,NA,NA,0,NA,NA
"1338",1994-07-20,NA,NA,0,NA,NA,0,NA,NA,0,NA,NA
"1339",1994-07-21,NA,NA,0,NA,NA,0,NA,NA,0,NA,NA
"1340",1994-07-22,NA,NA,0,NA,NA,0,NA,NA,0,NA,NA
"1341",1994-07-23,NA,NA,0,NA,NA,0,NA,NA,0,NA,NA
"1342",1994-07-25,NA,NA,0,NA,NA,0,NA,NA,0,NA,NA
"1343",1994-07-26,NA,NA,0,NA,NA,0,NA,NA,0,NA,NA
"1344",1994-07-27,NA,NA,0,NA,NA,0,NA,NA,0,NA,NA
"1345",1994-07-28,NA,NA,0,NA,NA,0,NA,NA,0,NA,NA
"1346",1994-07-29,NA,NA,0,NA,NA,0,NA,NA,0,NA,NA
"1347",1994-07-30,NA,NA,0,NA,NA,0,NA,NA,0,NA,NA
"1348",1994-08-01,NA,NA,0,NA,NA,0,NA,NA,0,NA,NA
"1349",1994-08-02,NA,NA,0,NA,NA,0,NA,NA,0,NA,NA
"1350",1994-08-03,NA,NA,0,NA,NA,0,NA,NA,0,NA,NA
"1351",1994-08-04,NA,NA,0,NA,NA,0,NA,NA,0,NA,NA
"1352",1994-08-05,NA,NA,0,NA,NA,0,NA,NA,0,NA,NA
"1353",1994-08-06,NA,NA,0,NA,NA,0,NA,NA,0,NA,NA
"1354",1994-08-08,NA,NA,0,NA,NA,0,NA,NA,0,NA,NA
"1355",1994-08-09,NA,NA,0,NA,NA,0,NA,NA,0,NA,NA
"1356",1994-08-10,NA,NA,0,NA,NA,0,NA,NA,0,NA,NA
"1357",1994-08-11,NA,NA,0,NA,NA,0,NA,NA,0,NA,NA
"1358",1994-08-12,NA,NA,0,NA,NA,0,NA,NA,0,NA,NA
"1359",1994-08-13,NA,NA,0,NA,NA,0,NA,NA,0,NA,NA
"1360",1994-08-16,NA,NA,0,NA,NA,0,NA,NA,0,NA,NA
"1361",1994-08-17,NA,NA,0,NA,NA,0,NA,NA,0,NA,NA
"1362",1994-08-18,NA,NA,0,NA,NA,0,NA,NA,0,NA,NA
"1363",1994-08-19,NA,NA,0,NA,NA,0,NA,NA,0,NA,NA
"1364",1994-08-20,NA,NA,0,NA,NA,0,NA,NA,0,NA,NA
"1365",1994-08-22,NA,NA,0,NA,NA,0,NA,NA,0,NA,NA
"1366",1994-08-23,NA,NA,0,NA,NA,0,NA,NA,0,NA,NA
"1367",1994-08-24,NA,NA,0,NA,NA,0,NA,NA,0,NA,NA
"1368",1994-08-25,NA,NA,0,NA,NA,0,NA,NA,0,NA,NA
"1369",1994-08-26,NA,NA,0,NA,NA,0,NA,NA,0,NA,NA
"1370",1994-08-27,NA,NA,0,NA,NA,0,NA,NA,0,NA,NA
"1371",1994-08-29,NA,NA,0,NA,NA,0,NA,NA,0,NA,NA
"1372",1994-08-30,NA,NA,0,NA,NA,0,NA,NA,0,NA,NA
"1373",1994-08-31,NA,NA,0,NA,NA,0,NA,NA,0,NA,NA
"1374",1994-09-01,NA,NA,0,NA,NA,0,NA,NA,0,NA,NA
"1375",1994-09-02,NA,NA,0,NA,NA,0,NA,NA,0,NA,NA
"1376",1994-09-03,NA,NA,0,NA,NA,0,NA,NA,0,NA,NA
"1377",1994-09-05,NA,NA,0,NA,NA,0,NA,NA,0,NA,NA
"1378",1994-09-06,NA,NA,0,NA,NA,0,NA,NA,0,NA,NA
"1379",1994-09-07,NA,NA,0,NA,NA,0,NA,NA,0,NA,NA
"1380",1994-09-08,NA,NA,0,NA,NA,0,NA,NA,0,NA,NA
"1381",1994-09-09,NA,NA,0,NA,NA,0,NA,NA,0,NA,NA
"1382",1994-09-10,NA,NA,0,NA,NA,0,NA,NA,0,NA,NA
"1383",1994-09-12,NA,NA,0,NA,NA,0,NA,NA,0,NA,NA
"1384",1994-09-13,NA,NA,0,NA,NA,0,NA,NA,0,NA,NA
"1385",1994-09-14,NA,NA,0,NA,NA,0,NA,NA,0,NA,NA
"1386",1994-09-15,NA,NA,0,NA,NA,0,NA,NA,0,NA,NA
"1387",1994-09-16,NA,NA,0,NA,NA,0,NA,NA,0,NA,NA
"1388",1994-09-17,NA,NA,0,NA,NA,0,NA,NA,0,NA,NA
"1389",1994-09-22,NA,NA,0,NA,NA,0,NA,NA,0,NA,NA
"1390",1994-09-23,NA,NA,0,NA,NA,0,NA,NA,0,NA,NA
"1391",1994-09-24,NA,NA,0,NA,NA,0,NA,NA,0,NA,NA
"1392",1994-09-26,NA,NA,0,NA,NA,0,NA,NA,0,NA,NA
"1393",1994-09-27,NA,NA,0,NA,NA,0,NA,NA,0,NA,NA
"1394",1994-09-28,NA,NA,0,NA,NA,0,NA,NA,0,NA,NA
"1395",1994-09-29,NA,NA,0,NA,NA,0,NA,NA,0,NA,NA
"1396",1994-09-30,NA,NA,0,NA,NA,0,NA,NA,0,NA,NA
"1397",1994-10-01,NA,NA,0,NA,NA,0,NA,NA,0,NA,NA
"1398",1994-10-04,NA,NA,0,NA,NA,0,NA,NA,0,NA,NA
"1399",1994-10-05,NA,NA,0,NA,NA,0,NA,NA,0,NA,NA
"1400",1994-10-06,NA,NA,0,NA,NA,0,NA,NA,0,NA,NA
"1401",1994-10-07,NA,NA,0,NA,NA,0,NA,NA,0,NA,NA
"1402",1994-10-08,NA,NA,0,NA,NA,0,NA,NA,0,NA,NA
"1403",1994-10-10,NA,NA,0,NA,NA,0,NA,NA,0,NA,NA
"1404",1994-10-11,NA,NA,0,NA,NA,0,NA,NA,0,NA,NA
"1405",1994-10-12,NA,NA,0,NA,NA,0,NA,NA,0,NA,NA
"1406",1994-10-13,NA,NA,0,NA,NA,0,NA,NA,0,NA,NA
"1407",1994-10-14,NA,NA,0,NA,NA,0,NA,NA,0,NA,NA
"1408",1994-10-15,NA,NA,0,NA,NA,0,NA,NA,0,NA,NA
"1409",1994-10-17,NA,NA,0,NA,NA,0,NA,NA,0,NA,NA
"1410",1994-10-18,NA,NA,0,NA,NA,0,NA,NA,0,NA,NA
"1411",1994-10-19,NA,NA,0,NA,NA,0,NA,NA,0,NA,NA
"1412",1994-10-20,NA,NA,0,NA,NA,0,NA,NA,0,NA,NA
"1413",1994-10-21,NA,NA,0,NA,NA,0,NA,NA,0,NA,NA
"1414",1994-10-22,NA,NA,0,NA,NA,0,NA,NA,0,NA,NA
"1415",1994-10-24,NA,NA,0,NA,NA,0,NA,NA,0,NA,NA
"1416",1994-10-25,NA,NA,0,NA,NA,0,NA,NA,0,NA,NA
"1417",1994-10-26,NA,NA,0,NA,NA,0,NA,NA,0,NA,NA
"1418",1994-10-27,NA,NA,0,NA,NA,0,NA,NA,0,NA,NA
"1419",1994-10-28,NA,NA,0,NA,NA,0,NA,NA,0,NA,NA
"1420",1994-10-29,NA,NA,0,NA,NA,0,NA,NA,0,NA,NA
"1421",1994-10-31,NA,NA,0,NA,NA,0,NA,NA,0,NA,NA
"1422",1994-11-01,NA,NA,0,NA,NA,0,NA,NA,0,NA,NA
"1423",1994-11-02,NA,NA,0,NA,NA,0,NA,NA,0,NA,NA
"1424",1994-11-03,NA,NA,0,NA,NA,0,NA,NA,0,NA,NA
"1425",1994-11-04,NA,NA,0,NA,NA,0,NA,NA,0,NA,NA
"1426",1994-11-05,NA,NA,0,NA,NA,0,NA,NA,0,NA,NA
"1427",1994-11-07,NA,NA,0,NA,NA,0,NA,NA,0,NA,NA
"1428",1994-11-08,NA,NA,0,NA,NA,0,NA,NA,0,NA,NA
"1429",1994-11-09,NA,NA,0,NA,NA,0,NA,NA,0,NA,NA
"1430",1994-11-10,NA,NA,0,NA,NA,0,NA,NA,0,NA,NA
"1431",1994-11-11,NA,NA,0,NA,NA,0,NA,NA,0,NA,NA
"1432",1994-11-12,NA,NA,0,NA,NA,0,NA,NA,0,NA,NA
"1433",1994-11-14,NA,NA,0,NA,NA,0,NA,NA,0,NA,NA
"1434",1994-11-15,NA,NA,0,NA,NA,0,NA,NA,0,NA,NA
"1435",1994-11-16,NA,NA,0,NA,NA,0,NA,NA,0,NA,NA
"1436",1994-11-17,NA,NA,0,NA,NA,0,NA,NA,0,NA,NA
"1437",1994-11-18,NA,NA,0,NA,NA,0,NA,NA,0,NA,NA
"1438",1994-11-19,NA,NA,0,NA,NA,0,NA,NA,0,NA,NA
"1439",1994-11-21,NA,NA,0,NA,NA,0,NA,NA,0,NA,NA
"1440",1994-11-22,NA,NA,0,NA,NA,0,NA,NA,0,NA,NA
"1441",1994-11-23,NA,NA,0,NA,NA,0,NA,NA,0,NA,NA
"1442",1994-11-24,NA,NA,0,NA,NA,0,NA,NA,0,NA,NA
"1443",1994-11-25,NA,NA,0,NA,NA,0,NA,NA,0,NA,NA
"1444",1994-11-26,NA,NA,0,NA,NA,0,NA,NA,0,NA,NA
"1445",1994-11-28,NA,NA,0,NA,NA,0,NA,NA,0,NA,NA
"1446",1994-11-29,NA,NA,0,NA,NA,0,NA,NA,0,NA,NA
"1447",1994-11-30,NA,NA,0,NA,NA,0,NA,NA,0,NA,NA
"1448",1994-12-01,NA,NA,0,NA,NA,0,NA,NA,0,NA,NA
"1449",1994-12-02,NA,NA,0,NA,NA,0,NA,NA,0,NA,NA
"1450",1994-12-03,NA,NA,0,NA,NA,0,NA,NA,0,NA,NA
"1451",1994-12-05,NA,NA,0,NA,NA,0,NA,NA,0,NA,NA
"1452",1994-12-06,NA,NA,0,NA,NA,0,NA,NA,0,NA,NA
"1453",1994-12-07,NA,NA,0,NA,NA,0,NA,NA,0,NA,NA
"1454",1994-12-08,NA,NA,0,NA,NA,0,NA,NA,0,NA,NA
"1455",1994-12-09,NA,NA,0,NA,NA,0,NA,NA,0,NA,NA
"1456",1994-12-10,NA,NA,0,NA,NA,0,NA,NA,0,NA,NA
"1457",1994-12-12,NA,NA,0,NA,NA,0,NA,NA,0,NA,NA
"1458",1994-12-13,NA,NA,0,NA,NA,0,NA,NA,0,NA,NA
"1459",1994-12-14,NA,NA,0,NA,NA,0,NA,NA,0,NA,NA
"1460",1994-12-15,NA,NA,0,NA,NA,0,NA,NA,0,NA,NA
"1461",1994-12-16,NA,NA,0,NA,NA,0,NA,NA,0,NA,NA
"1462",1994-12-17,NA,NA,0,NA,NA,0,NA,NA,0,NA,NA
"1463",1994-12-19,NA,NA,0,NA,NA,0,NA,NA,0,NA,NA
"1464",1994-12-20,NA,NA,0,NA,NA,0,NA,NA,0,NA,NA
"1465",1994-12-21,NA,NA,0,NA,NA,0,NA,NA,0,NA,NA
"1466",1994-12-22,NA,NA,0,NA,NA,0,NA,NA,0,NA,NA
"1467",1994-12-23,NA,NA,0,NA,NA,0,NA,NA,0,NA,NA
"1468",1994-12-24,NA,NA,0,NA,NA,0,NA,NA,0,NA,NA
"1469",1994-12-26,NA,NA,0,NA,NA,0,NA,NA,0,NA,NA
"1470",1994-12-27,NA,NA,0,NA,NA,0,NA,NA,0,NA,NA
"1471",1994-12-28,NA,NA,0,NA,NA,0,NA,NA,0,NA,NA
"1472",1995-01-03,NA,NA,0,NA,NA,0,NA,NA,0,NA,NA
"1473",1995-01-04,NA,NA,0,NA,NA,0,NA,NA,0,NA,NA
"1474",1995-01-05,NA,NA,0,NA,NA,0,NA,NA,0,NA,NA
"1475",1995-01-06,NA,NA,0,NA,NA,0,NA,NA,0,NA,NA
"1476",1995-01-07,NA,NA,0,NA,NA,0,NA,NA,0,NA,NA
"1477",1995-01-09,NA,NA,0,NA,NA,0,NA,NA,0,NA,NA
"1478",1995-01-10,NA,NA,0,NA,NA,0,NA,NA,0,NA,NA
"1479",1995-01-11,NA,NA,0,NA,NA,0,NA,NA,0,NA,NA
"1480",1995-01-12,NA,NA,0,NA,NA,0,NA,NA,0,NA,NA
"1481",1995-01-13,NA,NA,0,NA,NA,0,NA,NA,0,NA,NA
"1482",1995-01-14,NA,NA,0,NA,NA,0,NA,NA,0,NA,NA
"1483",1995-01-16,NA,NA,0,NA,NA,0,NA,NA,0,NA,NA
"1484",1995-01-17,NA,NA,0,NA,NA,0,NA,NA,0,NA,NA
"1485",1995-01-18,NA,NA,0,NA,NA,0,NA,NA,0,NA,NA
"1486",1995-01-19,NA,NA,0,NA,NA,0,NA,NA,0,NA,NA
"1487",1995-01-20,NA,NA,0,NA,NA,0,NA,NA,0,NA,NA
"1488",1995-01-21,NA,NA,0,NA,NA,0,NA,NA,0,NA,NA
"1489",1995-01-23,NA,NA,0,NA,NA,0,NA,NA,0,NA,NA
"1490",1995-01-24,NA,NA,0,NA,NA,0,NA,NA,0,NA,NA
"1491",1995-01-25,NA,NA,0,NA,NA,0,NA,NA,0,NA,NA
"1492",1995-01-26,NA,NA,0,NA,NA,0,NA,NA,0,NA,NA
"1493",1995-01-27,NA,NA,0,NA,NA,0,NA,NA,0,NA,NA
"1494",1995-01-28,NA,NA,0,NA,NA,0,NA,NA,0,NA,NA
"1495",1995-02-02,NA,NA,0,NA,NA,0,NA,NA,0,NA,NA
"1496",1995-02-03,NA,NA,0,NA,NA,0,NA,NA,0,NA,NA
"1497",1995-02-04,NA,NA,0,NA,NA,0,NA,NA,0,NA,NA
"1498",1995-02-06,NA,NA,0,NA,NA,0,NA,NA,0,NA,NA
"1499",1995-02-07,NA,NA,0,NA,NA,0,NA,NA,0,NA,NA
"1500",1995-02-08,NA,NA,0,NA,NA,0,NA,NA,0,NA,NA
"1501",1995-02-09,NA,NA,0,NA,NA,0,NA,NA,0,NA,NA
"1502",1995-02-10,NA,NA,0,NA,NA,0,NA,NA,0,NA,NA
"1503",1995-02-11,NA,NA,0,NA,NA,0,NA,NA,0,NA,NA
"1504",1995-02-13,NA,NA,0,NA,NA,0,NA,NA,0,NA,NA
"1505",1995-02-14,NA,NA,0,NA,NA,0,NA,NA,0,NA,NA
"1506",1995-02-15,NA,NA,0,NA,NA,0,NA,NA,0,NA,NA
"1507",1995-02-16,NA,NA,0,NA,NA,0,NA,NA,0,NA,NA
"1508",1995-02-17,NA,NA,0,NA,NA,0,NA,NA,0,NA,NA
"1509",1995-02-18,NA,NA,0,NA,NA,0,NA,NA,0,NA,NA
"1510",1995-02-20,NA,NA,0,NA,NA,0,NA,NA,0,NA,NA
"1511",1995-02-21,NA,NA,0,NA,NA,0,NA,NA,0,NA,NA
"1512",1995-02-22,NA,NA,0,NA,NA,0,NA,NA,0,NA,NA
"1513",1995-02-23,NA,NA,0,NA,NA,0,NA,NA,0,NA,NA
"1514",1995-02-24,NA,NA,0,NA,NA,0,NA,NA,0,NA,NA
"1515",1995-02-25,NA,NA,0,NA,NA,0,NA,NA,0,NA,NA
"1516",1995-02-27,NA,NA,0,NA,NA,0,NA,NA,0,NA,NA
"1517",1995-02-28,NA,NA,0,NA,NA,0,NA,NA,0,NA,NA
"1518",1995-03-02,NA,NA,0,NA,NA,0,NA,NA,0,NA,NA
"1519",1995-03-03,NA,NA,0,NA,NA,0,NA,NA,0,NA,NA
"1520",1995-03-04,NA,NA,0,NA,NA,0,NA,NA,0,NA,NA
"1521",1995-03-06,NA,NA,0,NA,NA,0,NA,NA,0,NA,NA
"1522",1995-03-07,NA,NA,0,NA,NA,0,NA,NA,0,NA,NA
"1523",1995-03-08,NA,NA,0,NA,NA,0,NA,NA,0,NA,NA
"1524",1995-03-09,NA,NA,0,NA,NA,0,NA,NA,0,NA,NA
"1525",1995-03-10,NA,NA,0,NA,NA,0,NA,NA,0,NA,NA
"1526",1995-03-11,NA,NA,0,NA,NA,0,NA,NA,0,NA,NA
"1527",1995-03-13,NA,NA,0,NA,NA,0,NA,NA,0,NA,NA
"1528",1995-03-14,NA,NA,0,NA,NA,0,NA,NA,0,NA,NA
"1529",1995-03-15,NA,NA,0,NA,NA,0,NA,NA,0,NA,NA
"1530",1995-03-16,NA,NA,0,NA,NA,0,NA,NA,0,NA,NA
"1531",1995-03-17,NA,NA,0,NA,NA,0,NA,NA,0,NA,NA
"1532",1995-03-18,NA,NA,0,NA,NA,0,NA,NA,0,NA,NA
"1533",1995-03-20,NA,NA,0,NA,NA,0,NA,NA,0,NA,NA
"1534",1995-03-21,NA,NA,0,NA,NA,0,NA,NA,0,NA,NA
"1535",1995-03-22,NA,NA,0,NA,NA,0,NA,NA,0,NA,NA
"1536",1995-03-23,NA,NA,0,NA,NA,0,NA,NA,0,NA,NA
"1537",1995-03-24,NA,NA,0,NA,NA,0,NA,NA,0,NA,NA
"1538",1995-03-25,NA,NA,0,NA,NA,0,NA,NA,0,NA,NA
"1539",1995-03-27,NA,NA,0,NA,NA,0,NA,NA,0,NA,NA
"1540",1995-03-28,NA,NA,0,NA,NA,0,NA,NA,0,NA,NA
"1541",1995-03-29,NA,NA,0,NA,NA,0,NA,NA,0,NA,NA
"1542",1995-03-30,NA,NA,0,NA,NA,0,NA,NA,0,NA,NA
"1543",1995-03-31,NA,NA,0,NA,NA,0,NA,NA,0,NA,NA
"1544",1995-04-01,NA,NA,0,NA,NA,0,NA,NA,0,NA,NA
"1545",1995-04-03,NA,NA,0,NA,NA,0,NA,NA,0,NA,NA
"1546",1995-04-04,NA,NA,0,NA,NA,0,NA,NA,0,NA,NA
"1547",1995-04-06,NA,NA,0,NA,NA,0,NA,NA,0,NA,NA
"1548",1995-04-07,NA,NA,0,NA,NA,0,NA,NA,0,NA,NA
"1549",1995-04-08,NA,NA,0,NA,NA,0,NA,NA,0,NA,NA
"1550",1995-04-10,NA,NA,0,NA,NA,0,NA,NA,0,NA,NA
"1551",1995-04-11,NA,NA,0,NA,NA,0,NA,NA,0,NA,NA
"1552",1995-04-12,NA,NA,0,NA,NA,0,NA,NA,0,NA,NA
"1553",1995-04-13,NA,NA,0,NA,NA,0,NA,NA,0,NA,NA
"1554",1995-04-14,NA,NA,0,NA,NA,0,NA,NA,0,NA,NA
"1555",1995-04-15,NA,NA,0,NA,NA,0,NA,NA,0,NA,NA
"1556",1995-04-17,NA,NA,0,NA,NA,0,NA,NA,0,NA,NA
"1557",1995-04-18,NA,NA,0,NA,NA,0,NA,NA,0,NA,NA
"1558",1995-04-19,NA,NA,0,NA,NA,0,NA,NA,0,NA,NA
"1559",1995-04-20,NA,NA,0,NA,NA,0,NA,NA,0,NA,NA
"1560",1995-04-21,NA,NA,0,NA,NA,0,NA,NA,0,NA,NA
"1561",1995-04-22,NA,NA,0,NA,NA,0,NA,NA,0,NA,NA
"1562",1995-04-24,NA,NA,0,NA,NA,0,NA,NA,0,NA,NA
"1563",1995-04-25,NA,NA,0,NA,NA,0,NA,NA,0,NA,NA
"1564",1995-04-26,NA,NA,0,NA,NA,0,NA,NA,0,NA,NA
"1565",1995-04-27,NA,NA,0,NA,NA,0,NA,NA,0,NA,NA
"1566",1995-04-28,NA,NA,0,NA,NA,0,NA,NA,0,NA,NA
"1567",1995-04-29,NA,NA,0,NA,NA,0,NA,NA,0,NA,NA
"1568",1995-05-02,NA,NA,0,NA,NA,0,NA,NA,0,NA,NA
"1569",1995-05-03,NA,NA,0,NA,NA,0,NA,NA,0,NA,NA
"1570",1995-05-04,NA,NA,0,NA,NA,0,NA,NA,0,NA,NA
"1571",1995-05-06,NA,NA,0,NA,NA,0,NA,NA,0,NA,NA
"1572",1995-05-08,NA,NA,0,NA,NA,0,NA,NA,0,NA,NA
"1573",1995-05-09,NA,NA,0,NA,NA,0,NA,NA,0,NA,NA
"1574",1995-05-10,NA,NA,0,NA,NA,0,NA,NA,0,NA,NA
"1575",1995-05-11,NA,NA,0,NA,NA,0,NA,NA,0,NA,NA
"1576",1995-05-12,NA,NA,0,NA,NA,0,NA,NA,0,NA,NA
"1577",1995-05-13,NA,NA,0,NA,NA,0,NA,NA,0,NA,NA
"1578",1995-05-15,NA,NA,0,NA,NA,0,NA,NA,0,NA,NA
"1579",1995-05-16,NA,NA,0,NA,NA,0,NA,NA,0,NA,NA
"1580",1995-05-17,NA,NA,0,NA,NA,0,NA,NA,0,NA,NA
"1581",1995-05-18,NA,NA,0,NA,NA,0,NA,NA,0,NA,NA
"1582",1995-05-19,NA,NA,0,NA,NA,0,NA,NA,0,NA,NA
"1583",1995-05-20,NA,NA,0,NA,NA,0,NA,NA,0,NA,NA
"1584",1995-05-22,NA,NA,0,NA,NA,0,NA,NA,0,NA,NA
"1585",1995-05-23,NA,NA,0,NA,NA,0,NA,NA,0,NA,NA
"1586",1995-05-24,NA,NA,0,NA,NA,0,NA,NA,0,NA,NA
"1587",1995-05-25,NA,NA,0,NA,NA,0,NA,NA,0,NA,NA
"1588",1995-05-26,NA,NA,0,NA,NA,0,NA,NA,0,NA,NA
"1589",1995-05-27,NA,NA,0,NA,NA,0,NA,NA,0,NA,NA
"1590",1995-05-29,NA,NA,0,NA,NA,0,NA,NA,0,NA,NA
"1591",1995-05-30,NA,NA,0,NA,NA,0,NA,NA,0,NA,NA
"1592",1995-05-31,NA,NA,0,NA,NA,0,NA,NA,0,NA,NA
"1593",1995-06-01,NA,NA,0,NA,NA,0,NA,NA,0,NA,NA
"1594",1995-06-02,NA,NA,0,NA,NA,0,NA,NA,0,NA,NA
"1595",1995-06-03,NA,NA,0,NA,NA,0,NA,NA,0,NA,NA
"1596",1995-06-05,NA,NA,0,NA,NA,0,NA,NA,0,NA,NA
"1597",1995-06-07,NA,NA,0,NA,NA,0,NA,NA,0,NA,NA
"1598",1995-06-08,NA,NA,0,NA,NA,0,NA,NA,0,NA,NA
"1599",1995-06-09,NA,NA,0,NA,NA,0,NA,NA,0,NA,NA
"1600",1995-06-10,NA,NA,0,NA,NA,0,NA,NA,0,NA,NA
"1601",1995-06-12,NA,NA,0,NA,NA,0,NA,NA,0,NA,NA
"1602",1995-06-13,NA,NA,0,NA,NA,0,NA,NA,0,NA,NA
"1603",1995-06-14,NA,NA,0,NA,NA,0,NA,NA,0,NA,NA
"1604",1995-06-15,NA,NA,0,NA,NA,0,NA,NA,0,NA,NA
"1605",1995-06-16,NA,NA,0,NA,NA,0,NA,NA,0,NA,NA
"1606",1995-06-17,NA,NA,0,NA,NA,0,NA,NA,0,NA,NA
"1607",1995-06-19,NA,NA,0,NA,NA,0,NA,NA,0,NA,NA
"1608",1995-06-20,NA,NA,0,NA,NA,0,NA,NA,0,NA,NA
"1609",1995-06-21,NA,NA,0,NA,NA,0,NA,NA,0,NA,NA
"1610",1995-06-22,NA,NA,0,NA,NA,0,NA,NA,0,NA,NA
"1611",1995-06-23,NA,NA,0,NA,NA,0,NA,NA,0,NA,NA
"1612",1995-06-24,NA,NA,0,NA,NA,0,NA,NA,0,NA,NA
"1613",1995-06-26,NA,NA,0,NA,NA,0,NA,NA,0,NA,NA
"1614",1995-06-28,NA,NA,0,NA,NA,0,NA,NA,0,NA,NA
"1615",1995-06-29,NA,NA,0,NA,NA,0,NA,NA,0,NA,NA
"1616",1995-06-30,NA,NA,0,NA,NA,0,NA,NA,0,NA,NA
"1617",1995-07-01,NA,NA,0,NA,NA,0,NA,NA,0,NA,NA
"1618",1995-07-03,NA,NA,0,NA,NA,0,NA,NA,0,NA,NA
"1619",1995-07-04,NA,NA,0,NA,NA,0,NA,NA,0,NA,NA
"1620",1995-07-05,NA,NA,0,NA,NA,0,NA,NA,0,NA,NA
"1621",1995-07-06,NA,NA,0,NA,NA,0,NA,NA,0,NA,NA
"1622",1995-07-07,NA,NA,0,NA,NA,0,NA,NA,0,NA,NA
"1623",1995-07-08,NA,NA,0,NA,NA,0,NA,NA,0,NA,NA
"1624",1995-07-10,NA,NA,0,NA,NA,0,NA,NA,0,NA,NA
"1625",1995-07-11,NA,NA,0,NA,NA,0,NA,NA,0,NA,NA
"1626",1995-07-12,NA,NA,0,NA,NA,0,NA,NA,0,NA,NA
"1627",1995-07-13,NA,NA,0,NA,NA,0,NA,NA,0,NA,NA
"1628",1995-07-14,NA,NA,0,NA,NA,0,NA,NA,0,NA,NA
"1629",1995-07-15,NA,NA,0,NA,NA,0,NA,NA,0,NA,NA
"1630",1995-07-18,NA,NA,0,NA,NA,0,NA,NA,0,NA,NA
"1631",1995-07-19,NA,NA,0,NA,NA,0,NA,NA,0,NA,NA
"1632",1995-07-20,NA,NA,0,NA,NA,0,NA,NA,0,NA,NA
"1633",1995-07-21,NA,NA,0,NA,NA,0,NA,NA,0,NA,NA
"1634",1995-07-22,NA,NA,0,NA,NA,0,NA,NA,0,NA,NA
"1635",1995-07-24,NA,NA,0,NA,NA,0,NA,NA,0,NA,NA
"1636",1995-07-25,NA,NA,0,NA,NA,0,NA,NA,0,NA,NA
"1637",1995-07-26,NA,NA,0,NA,NA,0,NA,NA,0,NA,NA
"1638",1995-07-27,NA,NA,0,NA,NA,0,NA,NA,0,NA,NA
"1639",1995-07-28,NA,NA,0,NA,NA,0,NA,NA,0,NA,NA
"1640",1995-07-29,NA,NA,0,NA,NA,0,NA,NA,0,NA,NA
"1641",1995-07-31,NA,NA,0,NA,NA,0,NA,NA,0,NA,NA
"1642",1995-08-01,NA,NA,0,NA,NA,0,NA,NA,0,NA,NA
"1643",1995-08-02,NA,NA,0,NA,NA,0,NA,NA,0,NA,NA
"1644",1995-08-03,NA,NA,0,NA,NA,0,NA,NA,0,NA,NA
"1645",1995-08-04,NA,NA,0,NA,NA,0,NA,NA,0,NA,NA
"1646",1995-08-05,NA,NA,0,NA,NA,0,NA,NA,0,NA,NA
"1647",1995-08-07,NA,NA,0,NA,NA,0,NA,NA,0,NA,NA
"1648",1995-08-08,NA,NA,0,NA,NA,0,NA,NA,0,NA,NA
"1649",1995-08-09,NA,NA,0,NA,NA,0,NA,NA,0,NA,NA
"1650",1995-08-10,NA,NA,0,NA,NA,0,NA,NA,0,NA,NA
"1651",1995-08-11,NA,NA,0,NA,NA,0,NA,NA,0,NA,NA
"1652",1995-08-12,NA,NA,0,NA,NA,0,NA,NA,0,NA,NA
"1653",1995-08-14,NA,NA,0,NA,NA,0,NA,NA,0,NA,NA
"1654",1995-08-16,NA,NA,0,NA,NA,0,NA,NA,0,NA,NA
"1655",1995-08-17,NA,NA,0,NA,NA,0,NA,NA,0,NA,NA
"1656",1995-08-18,NA,NA,0,NA,NA,0,NA,NA,0,NA,NA
"1657",1995-08-19,NA,NA,0,NA,NA,0,NA,NA,0,NA,NA
"1658",1995-08-21,NA,NA,0,NA,NA,0,NA,NA,0,NA,NA
"1659",1995-08-22,NA,NA,0,NA,NA,0,NA,NA,0,NA,NA
"1660",1995-08-23,NA,NA,0,NA,NA,0,NA,NA,0,NA,NA
"1661",1995-08-24,NA,NA,0,NA,NA,0,NA,NA,0,NA,NA
"1662",1995-08-25,NA,NA,0,NA,NA,0,NA,NA,0,NA,NA
"1663",1995-08-26,NA,NA,0,NA,NA,0,NA,NA,0,NA,NA
"1664",1995-08-28,NA,NA,0,NA,NA,0,NA,NA,0,NA,NA
"1665",1995-08-29,NA,NA,0,NA,NA,0,NA,NA,0,NA,NA
"1666",1995-08-30,NA,NA,0,NA,NA,0,NA,NA,0,NA,NA
"1667",1995-08-31,NA,NA,0,NA,NA,0,NA,NA,0,NA,NA
"1668",1995-09-01,NA,NA,0,NA,NA,0,NA,NA,0,NA,NA
"1669",1995-09-02,NA,NA,0,NA,NA,0,NA,NA,0,NA,NA
"1670",1995-09-04,NA,NA,0,NA,NA,0,NA,NA,0,NA,NA
"1671",1995-09-05,NA,NA,0,NA,NA,0,NA,NA,0,NA,NA
"1672",1995-09-06,NA,NA,0,NA,NA,0,NA,NA,0,NA,NA
"1673",1995-09-07,NA,NA,0,NA,NA,0,NA,NA,0,NA,NA
"1674",1995-09-11,NA,NA,0,NA,NA,0,NA,NA,0,NA,NA
"1675",1995-09-12,NA,NA,0,NA,NA,0,NA,NA,0,NA,NA
"1676",1995-09-13,NA,NA,0,NA,NA,0,NA,NA,0,NA,NA
"1677",1995-09-14,NA,NA,0,NA,NA,0,NA,NA,0,NA,NA
"1678",1995-09-15,NA,NA,0,NA,NA,0,NA,NA,0,NA,NA
"1679",1995-09-16,NA,NA,0,NA,NA,0,NA,NA,0,NA,NA
"1680",1995-09-18,NA,NA,0,NA,NA,0,NA,NA,0,NA,NA
"1681",1995-09-19,NA,NA,0,NA,NA,0,NA,NA,0,NA,NA
"1682",1995-09-20,NA,NA,0,NA,NA,0,NA,NA,0,NA,NA
"1683",1995-09-21,NA,NA,0,NA,NA,0,NA,NA,0,NA,NA
"1684",1995-09-22,NA,NA,0,NA,NA,0,NA,NA,0,NA,NA
"1685",1995-09-23,NA,NA,0,NA,NA,0,NA,NA,0,NA,NA
"1686",1995-09-25,NA,NA,0,NA,NA,0,NA,NA,0,NA,NA
"1687",1995-09-26,NA,NA,0,NA,NA,0,NA,NA,0,NA,NA
"1688",1995-09-27,NA,NA,0,NA,NA,0,NA,NA,0,NA,NA
"1689",1995-09-28,NA,NA,0,NA,NA,0,NA,NA,0,NA,NA
"1690",1995-09-29,NA,NA,0,NA,NA,0,NA,NA,0,NA,NA
"1691",1995-09-30,NA,NA,0,NA,NA,0,NA,NA,0,NA,NA
"1692",1995-10-02,NA,NA,0,NA,NA,0,NA,NA,0,NA,NA
"1693",1995-10-04,NA,NA,0,NA,NA,0,NA,NA,0,NA,NA
"1694",1995-10-05,NA,NA,0,NA,NA,0,NA,NA,0,NA,NA
"1695",1995-10-06,NA,NA,0,NA,NA,0,NA,NA,0,NA,NA
"1696",1995-10-07,NA,NA,0,NA,NA,0,NA,NA,0,NA,NA
"1697",1995-10-09,NA,NA,0,NA,NA,0,NA,NA,0,NA,NA
"1698",1995-10-10,NA,NA,0,NA,NA,0,NA,NA,0,NA,NA
"1699",1995-10-11,NA,NA,0,NA,NA,0,NA,NA,0,NA,NA
"1700",1995-10-12,NA,NA,0,NA,NA,0,NA,NA,0,NA,NA
"1701",1995-10-13,NA,NA,0,NA,NA,0,NA,NA,0,NA,NA
"1702",1995-10-14,NA,NA,0,NA,NA,0,NA,NA,0,NA,NA
"1703",1995-10-16,NA,NA,0,NA,NA,0,NA,NA,0,NA,NA
"1704",1995-10-17,NA,NA,0,NA,NA,0,NA,NA,0,NA,NA
"1705",1995-10-18,NA,NA,0,NA,NA,0,NA,NA,0,NA,NA
"1706",1995-10-19,NA,NA,0,NA,NA,0,NA,NA,0,NA,NA
"1707",1995-10-20,NA,NA,0,NA,NA,0,NA,NA,0,NA,NA
"1708",1995-10-21,NA,NA,0,NA,NA,0,NA,NA,0,NA,NA
"1709",1995-10-23,NA,NA,0,NA,NA,0,NA,NA,0,NA,NA
"1710",1995-10-24,NA,NA,0,NA,NA,0,NA,NA,0,NA,NA
"1711",1995-10-25,NA,NA,0,NA,NA,0,NA,NA,0,NA,NA
"1712",1995-10-26,NA,NA,0,NA,NA,0,NA,NA,0,NA,NA
"1713",1995-10-27,NA,NA,0,NA,NA,0,NA,NA,0,NA,NA
"1714",1995-10-28,NA,NA,0,NA,NA,0,NA,NA,0,NA,NA
"1715",1995-10-30,NA,NA,0,NA,NA,0,NA,NA,0,NA,NA
"1716",1995-10-31,NA,NA,0,NA,NA,0,NA,NA,0,NA,NA
"1717",1995-11-01,NA,NA,0,NA,NA,0,NA,NA,0,NA,NA
"1718",1995-11-02,NA,NA,0,NA,NA,0,NA,NA,0,NA,NA
"1719",1995-11-03,NA,NA,0,NA,NA,0,NA,NA,0,NA,NA
"1720",1995-11-04,NA,NA,0,NA,NA,0,NA,NA,0,NA,NA
"1721",1995-11-06,NA,NA,0,NA,NA,0,NA,NA,0,NA,NA
"1722",1995-11-07,NA,NA,0,NA,NA,0,NA,NA,0,NA,NA
"1723",1995-11-08,NA,NA,0,NA,NA,0,NA,NA,0,NA,NA
"1724",1995-11-09,NA,NA,0,NA,NA,0,NA,NA,0,NA,NA
"1725",1995-11-10,NA,NA,0,NA,NA,0,NA,NA,0,NA,NA
"1726",1995-11-11,NA,NA,0,NA,NA,0,NA,NA,0,NA,NA
"1727",1995-11-13,NA,NA,0,NA,NA,0,NA,NA,0,NA,NA
"1728",1995-11-14,NA,NA,0,NA,NA,0,NA,NA,0,NA,NA
"1729",1995-11-15,NA,NA,0,NA,NA,0,NA,NA,0,NA,NA
"1730",1995-11-16,NA,NA,0,NA,NA,0,NA,NA,0,NA,NA
"1731",1995-11-17,NA,NA,0,NA,NA,0,NA,NA,0,NA,NA
"1732",1995-11-18,NA,NA,0,NA,NA,0,NA,NA,0,NA,NA
"1733",1995-11-20,NA,NA,0,NA,NA,0,NA,NA,0,NA,NA
"1734",1995-11-21,NA,NA,0,NA,NA,0,NA,NA,0,NA,NA
"1735",1995-11-22,NA,NA,0,NA,NA,0,NA,NA,0,NA,NA
"1736",1995-11-23,NA,NA,0,NA,NA,0,NA,NA,0,NA,NA
"1737",1995-11-24,NA,NA,0,NA,NA,0,NA,NA,0,NA,NA
"1738",1995-11-25,NA,NA,0,NA,NA,0,NA,NA,0,NA,NA
"1739",1995-11-27,NA,NA,0,NA,NA,0,NA,NA,0,NA,NA
"1740",1995-11-28,NA,NA,0,NA,NA,0,NA,NA,0,NA,NA
"1741",1995-11-29,NA,NA,0,NA,NA,0,NA,NA,0,NA,NA
"1742",1995-11-30,NA,NA,0,NA,NA,0,NA,NA,0,NA,NA
"1743",1995-12-01,NA,NA,0,NA,NA,0,NA,NA,0,NA,NA
"1744",1995-12-02,NA,NA,0,NA,NA,0,NA,NA,0,NA,NA
"1745",1995-12-04,NA,NA,0,NA,NA,0,NA,NA,0,NA,NA
"1746",1995-12-05,NA,NA,0,NA,NA,0,NA,NA,0,NA,NA
"1747",1995-12-06,NA,NA,0,NA,NA,0,NA,NA,0,NA,NA
"1748",1995-12-07,NA,NA,0,NA,NA,0,NA,NA,0,NA,NA
"1749",1995-12-08,NA,NA,0,NA,NA,0,NA,NA,0,NA,NA
"1750",1995-12-09,NA,NA,0,NA,NA,0,NA,NA,0,NA,NA
"1751",1995-12-11,NA,NA,0,NA,NA,0,NA,NA,0,NA,NA
"1752",1995-12-12,NA,NA,0,NA,NA,0,NA,NA,0,NA,NA
"1753",1995-12-13,NA,NA,0,NA,NA,0,NA,NA,0,NA,NA
"1754",1995-12-14,NA,NA,0,NA,NA,0,NA,NA,0,NA,NA
"1755",1995-12-15,NA,NA,0,NA,NA,0,NA,NA,0,NA,NA
"1756",1995-12-16,NA,NA,0,NA,NA,0,NA,NA,0,NA,NA
"1757",1995-12-18,NA,NA,0,NA,NA,0,NA,NA,0,NA,NA
"1758",1995-12-19,NA,NA,0,NA,NA,0,NA,NA,0,NA,NA
"1759",1995-12-20,NA,NA,0,NA,NA,0,NA,NA,0,NA,NA
"1760",1995-12-21,NA,NA,0,NA,NA,0,NA,NA,0,NA,NA
"1761",1995-12-22,NA,NA,0,NA,NA,0,NA,NA,0,NA,NA
"1762",1995-12-23,NA,NA,0,NA,NA,0,NA,NA,0,NA,NA
"1763",1995-12-26,NA,NA,0,NA,NA,0,NA,NA,0,NA,NA
"1764",1995-12-27,NA,NA,0,NA,NA,0,NA,NA,0,NA,NA
"1765",1996-01-03,NA,NA,0,NA,NA,0,NA,NA,0,NA,NA
"1766",1996-01-04,NA,NA,0,NA,NA,0,NA,NA,0,NA,NA
"1767",1996-01-05,NA,NA,0,NA,NA,0,NA,NA,0,NA,NA
"1768",1996-01-06,NA,NA,0,NA,NA,0,NA,NA,0,NA,NA
"1769",1996-01-08,NA,NA,0,NA,NA,0,NA,NA,0,NA,NA
"1770",1996-01-09,NA,NA,0,NA,NA,0,NA,NA,0,NA,NA
"1771",1996-01-10,NA,NA,0,NA,NA,0,NA,NA,0,NA,NA
"1772",1996-01-11,NA,NA,0,NA,NA,0,NA,NA,0,NA,NA
"1773",1996-01-12,NA,NA,0,NA,NA,0,NA,NA,0,NA,NA
"1774",1996-01-13,NA,NA,0,NA,NA,0,NA,NA,0,NA,NA
"1775",1996-01-15,NA,NA,0,NA,NA,0,NA,NA,0,NA,NA
"1776",1996-01-16,NA,NA,0,NA,NA,0,NA,NA,0,NA,NA
"1777",1996-01-17,NA,NA,0,NA,NA,0,NA,NA,0,NA,NA
"1778",1996-01-18,NA,NA,0,NA,NA,0,NA,NA,0,NA,NA
"1779",1996-01-19,NA,NA,0,NA,NA,0,NA,NA,0,NA,NA
"1780",1996-01-20,NA,NA,0,NA,NA,0,NA,NA,0,NA,NA
"1781",1996-01-22,NA,NA,0,NA,NA,0,NA,NA,0,NA,NA
"1782",1996-01-23,NA,NA,0,NA,NA,0,NA,NA,0,NA,NA
"1783",1996-01-24,NA,NA,0,NA,NA,0,NA,NA,0,NA,NA
"1784",1996-01-25,NA,NA,0,NA,NA,0,NA,NA,0,NA,NA
"1785",1996-01-26,NA,NA,0,NA,NA,0,NA,NA,0,NA,NA
"1786",1996-01-27,NA,NA,0,NA,NA,0,NA,NA,0,NA,NA
"1787",1996-01-29,NA,NA,0,NA,NA,0,NA,NA,0,NA,NA
"1788",1996-01-30,NA,NA,0,NA,NA,0,NA,NA,0,NA,NA
"1789",1996-01-31,NA,NA,0,NA,NA,0,NA,NA,0,NA,NA
"1790",1996-02-01,NA,NA,0,NA,NA,0,NA,NA,0,NA,NA
"1791",1996-02-02,NA,NA,0,NA,NA,0,NA,NA,0,NA,NA
"1792",1996-02-03,NA,NA,0,NA,NA,0,NA,NA,0,NA,NA
"1793",1996-02-05,NA,NA,0,NA,NA,0,NA,NA,0,NA,NA
"1794",1996-02-06,NA,NA,0,NA,NA,0,NA,NA,0,NA,NA
"1795",1996-02-07,NA,NA,0,NA,NA,0,NA,NA,0,NA,NA
"1796",1996-02-08,NA,NA,0,NA,NA,0,NA,NA,0,NA,NA
"1797",1996-02-09,NA,NA,0,NA,NA,0,NA,NA,0,NA,NA
"1798",1996-02-10,NA,NA,0,NA,NA,0,NA,NA,0,NA,NA
"1799",1996-02-12,NA,NA,0,NA,NA,0,NA,NA,0,NA,NA
"1800",1996-02-13,NA,NA,0,NA,NA,0,NA,NA,0,NA,NA
"1801",1996-02-14,NA,NA,0,NA,NA,0,NA,NA,0,NA,NA
"1802",1996-02-15,NA,NA,0,NA,NA,0,NA,NA,0,NA,NA
"1803",1996-02-16,NA,NA,0,NA,NA,0,NA,NA,0,NA,NA
"1804",1996-02-17,NA,NA,0,NA,NA,0,NA,NA,0,NA,NA
"1805",1996-02-21,NA,NA,0,NA,NA,0,NA,NA,0,NA,NA
"1806",1996-02-22,NA,NA,0,NA,NA,0,NA,NA,0,NA,NA
"1807",1996-02-23,NA,NA,0,NA,NA,0,NA,NA,0,NA,NA
"1808",1996-02-24,NA,NA,0,NA,NA,0,NA,NA,0,NA,NA
"1809",1996-02-26,NA,NA,0,NA,NA,0,NA,NA,0,NA,NA
"1810",1996-02-27,NA,NA,0,NA,NA,0,NA,NA,0,NA,NA
"1811",1996-02-28,NA,NA,0,NA,NA,0,NA,NA,0,NA,NA
"1812",1996-02-29,NA,NA,0,NA,NA,0,NA,NA,0,NA,NA
"1813",1996-03-02,NA,NA,0,NA,NA,0,NA,NA,0,NA,NA
"1814",1996-03-04,NA,NA,0,NA,NA,0,NA,NA,0,NA,NA
"1815",1996-03-05,NA,NA,0,NA,NA,0,NA,NA,0,NA,NA
"1816",1996-03-06,NA,NA,0,NA,NA,0,NA,NA,0,NA,NA
"1817",1996-03-07,NA,NA,0,NA,NA,0,NA,NA,0,NA,NA
"1818",1996-03-08,NA,NA,0,NA,NA,0,NA,NA,0,NA,NA
"1819",1996-03-09,NA,NA,0,NA,NA,0,NA,NA,0,NA,NA
"1820",1996-03-11,NA,NA,0,NA,NA,0,NA,NA,0,NA,NA
"1821",1996-03-12,NA,NA,0,NA,NA,0,NA,NA,0,NA,NA
"1822",1996-03-13,NA,NA,0,NA,NA,0,NA,NA,0,NA,NA
"1823",1996-03-14,NA,NA,0,NA,NA,0,NA,NA,0,NA,NA
"1824",1996-03-15,NA,NA,0,NA,NA,0,NA,NA,0,NA,NA
"1825",1996-03-16,NA,NA,0,NA,NA,0,NA,NA,0,NA,NA
"1826",1996-03-18,NA,NA,0,NA,NA,0,NA,NA,0,NA,NA
"1827",1996-03-19,NA,NA,0,NA,NA,0,NA,NA,0,NA,NA
"1828",1996-03-20,NA,NA,0,NA,NA,0,NA,NA,0,NA,NA
"1829",1996-03-21,NA,NA,0,NA,NA,0,NA,NA,0,NA,NA
"1830",1996-03-22,NA,NA,0,NA,NA,0,NA,NA,0,NA,NA
"1831",1996-03-23,NA,NA,0,NA,NA,0,NA,NA,0,NA,NA
"1832",1996-03-25,NA,NA,0,NA,NA,0,NA,NA,0,NA,NA
"1833",1996-03-26,NA,NA,0,NA,NA,0,NA,NA,0,NA,NA
"1834",1996-03-27,NA,NA,0,NA,NA,0,NA,NA,0,NA,NA
"1835",1996-03-28,NA,NA,0,NA,NA,0,NA,NA,0,NA,NA
"1836",1996-03-29,NA,NA,0,NA,NA,0,NA,NA,0,NA,NA
"1837",1996-03-30,NA,NA,0,NA,NA,0,NA,NA,0,NA,NA
"1838",1996-04-01,NA,NA,0,NA,NA,0,NA,NA,0,NA,NA
"1839",1996-04-02,NA,NA,0,NA,NA,0,NA,NA,0,NA,NA
"1840",1996-04-03,NA,NA,0,NA,NA,0,NA,NA,0,NA,NA
"1841",1996-04-04,NA,NA,0,NA,NA,0,NA,NA,0,NA,NA
"1842",1996-04-06,NA,NA,0,NA,NA,0,NA,NA,0,NA,NA
"1843",1996-04-08,NA,NA,0,NA,NA,0,NA,NA,0,NA,NA
"1844",1996-04-09,NA,NA,0,NA,NA,0,NA,NA,0,NA,NA
"1845",1996-04-10,NA,NA,0,NA,NA,0,NA,NA,0,NA,NA
"1846",1996-04-12,NA,NA,0,NA,NA,0,NA,NA,0,NA,NA
"1847",1996-04-13,NA,NA,0,NA,NA,0,NA,NA,0,NA,NA
"1848",1996-04-15,NA,NA,0,NA,NA,0,NA,NA,0,NA,NA
"1849",1996-04-16,NA,NA,0,NA,NA,0,NA,NA,0,NA,NA
"1850",1996-04-17,NA,NA,0,NA,NA,0,NA,NA,0,NA,NA
"1851",1996-04-18,NA,NA,0,NA,NA,0,NA,NA,0,NA,NA
"1852",1996-04-19,NA,NA,0,NA,NA,0,NA,NA,0,NA,NA
"1853",1996-04-20,NA,NA,0,NA,NA,0,NA,NA,0,NA,NA
"1854",1996-04-22,NA,NA,0,NA,NA,0,NA,NA,0,NA,NA
"1855",1996-04-23,NA,NA,0,NA,NA,0,NA,NA,0,NA,NA
"1856",1996-04-24,NA,NA,0,NA,NA,0,NA,NA,0,NA,NA
"1857",1996-04-25,NA,NA,0,NA,NA,0,NA,NA,0,NA,NA
"1858",1996-04-26,NA,NA,0,NA,NA,0,NA,NA,0,NA,NA
"1859",1996-04-27,NA,NA,0,NA,NA,0,NA,NA,0,NA,NA
"1860",1996-04-29,NA,NA,0,NA,NA,0,NA,NA,0,NA,NA
"1861",1996-04-30,NA,NA,0,NA,NA,0,NA,NA,0,NA,NA
"1862",1996-05-02,NA,NA,0,NA,NA,0,NA,NA,0,NA,NA
"1863",1996-05-03,NA,NA,0,NA,NA,0,NA,NA,0,NA,NA
"1864",1996-05-04,NA,NA,0,NA,NA,0,NA,NA,0,NA,NA
"1865",1996-05-06,NA,NA,0,NA,NA,0,NA,NA,0,NA,NA
"1866",1996-05-07,NA,NA,0,NA,NA,0,NA,NA,0,NA,NA
"1867",1996-05-08,NA,NA,0,NA,NA,0,NA,NA,0,NA,NA
"1868",1996-05-09,NA,NA,0,NA,NA,0,NA,NA,0,NA,NA
"1869",1996-05-10,NA,NA,0,NA,NA,0,NA,NA,0,NA,NA
"1870",1996-05-11,NA,NA,0,NA,NA,0,NA,NA,0,NA,NA
"1871",1996-05-13,NA,NA,0,NA,NA,0,NA,NA,0,NA,NA
"1872",1996-05-14,NA,NA,0,NA,NA,0,NA,NA,0,NA,NA
"1873",1996-05-15,NA,NA,0,NA,NA,0,NA,NA,0,NA,NA
"1874",1996-05-16,NA,NA,0,NA,NA,0,NA,NA,0,NA,NA
"1875",1996-05-17,NA,NA,0,NA,NA,0,NA,NA,0,NA,NA
"1876",1996-05-18,NA,NA,0,NA,NA,0,NA,NA,0,NA,NA
"1877",1996-05-20,NA,NA,0,NA,NA,0,NA,NA,0,NA,NA
"1878",1996-05-21,NA,NA,0,NA,NA,0,NA,NA,0,NA,NA
"1879",1996-05-22,NA,NA,0,NA,NA,0,NA,NA,0,NA,NA
"1880",1996-05-23,NA,NA,0,NA,NA,0,NA,NA,0,NA,NA
"1881",1996-05-25,NA,NA,0,NA,NA,0,NA,NA,0,NA,NA
"1882",1996-05-27,NA,NA,0,NA,NA,0,NA,NA,0,NA,NA
"1883",1996-05-28,NA,NA,0,NA,NA,0,NA,NA,0,NA,NA
"1884",1996-05-29,NA,NA,0,NA,NA,0,NA,NA,0,NA,NA
"1885",1996-05-30,NA,NA,0,NA,NA,0,NA,NA,0,NA,NA
"1886",1996-05-31,NA,NA,0,NA,NA,0,NA,NA,0,NA,NA
"1887",1996-06-01,NA,NA,0,NA,NA,0,NA,NA,0,NA,NA
"1888",1996-06-03,NA,NA,0,NA,NA,0,NA,NA,0,NA,NA
"1889",1996-06-04,NA,NA,0,NA,NA,0,NA,NA,0,NA,NA
"1890",1996-06-05,NA,NA,0,NA,NA,0,NA,NA,0,NA,NA
"1891",1996-06-07,NA,NA,0,NA,NA,0,NA,NA,0,NA,NA
"1892",1996-06-08,NA,NA,0,NA,NA,0,NA,NA,0,NA,NA
"1893",1996-06-10,NA,NA,0,NA,NA,0,NA,NA,0,NA,NA
"1894",1996-06-11,NA,NA,0,NA,NA,0,NA,NA,0,NA,NA
"1895",1996-06-12,NA,NA,0,NA,NA,0,NA,NA,0,NA,NA
"1896",1996-06-13,NA,NA,0,NA,NA,0,NA,NA,0,NA,NA
"1897",1996-06-14,NA,NA,0,NA,NA,0,NA,NA,0,NA,NA
"1898",1996-06-15,NA,NA,0,NA,NA,0,NA,NA,0,NA,NA
"1899",1996-06-17,NA,NA,0,NA,NA,0,NA,NA,0,NA,NA
"1900",1996-06-18,NA,NA,0,NA,NA,0,NA,NA,0,NA,NA
"1901",1996-06-19,NA,NA,0,NA,NA,0,NA,NA,0,NA,NA
"1902",1996-06-20,NA,NA,0,NA,NA,0,NA,NA,0,NA,NA
"1903",1996-06-21,NA,NA,0,NA,NA,0,NA,NA,0,NA,NA
"1904",1996-06-22,NA,NA,0,NA,NA,0,NA,NA,0,NA,NA
"1905",1996-06-24,NA,NA,0,NA,NA,0,NA,NA,0,NA,NA
"1906",1996-06-25,NA,NA,0,NA,NA,0,NA,NA,0,NA,NA
"1907",1996-06-26,NA,NA,0,NA,NA,0,NA,NA,0,NA,NA
"1908",1996-06-27,NA,NA,0,NA,NA,0,NA,NA,0,NA,NA
"1909",1996-06-28,NA,NA,0,NA,NA,0,NA,NA,0,NA,NA
"1910",1996-06-29,NA,NA,0,NA,NA,0,NA,NA,0,NA,NA
"1911",1996-07-01,NA,NA,0,NA,NA,0,NA,NA,0,NA,NA
"1912",1996-07-02,NA,NA,0,NA,NA,0,NA,NA,0,NA,NA
"1913",1996-07-03,NA,NA,0,NA,NA,0,NA,NA,0,NA,NA
"1914",1996-07-04,NA,NA,0,NA,NA,0,NA,NA,0,NA,NA
"1915",1996-07-05,NA,NA,0,NA,NA,0,NA,NA,0,NA,NA
"1916",1996-07-06,NA,NA,0,NA,NA,0,NA,NA,0,NA,NA
"1917",1996-07-08,NA,NA,0,NA,NA,0,NA,NA,0,NA,NA
"1918",1996-07-09,NA,NA,0,NA,NA,0,NA,NA,0,NA,NA
"1919",1996-07-10,NA,NA,0,NA,NA,0,NA,NA,0,NA,NA
"1920",1996-07-11,NA,NA,0,NA,NA,0,NA,NA,0,NA,NA
"1921",1996-07-12,NA,NA,0,NA,NA,0,NA,NA,0,NA,NA
"1922",1996-07-13,NA,NA,0,NA,NA,0,NA,NA,0,NA,NA
"1923",1996-07-15,NA,NA,0,NA,NA,0,NA,NA,0,NA,NA
"1924",1996-07-16,NA,NA,0,NA,NA,0,NA,NA,0,NA,NA
"1925",1996-07-18,NA,NA,0,NA,NA,0,NA,NA,0,NA,NA
"1926",1996-07-19,NA,NA,0,NA,NA,0,NA,NA,0,NA,NA
"1927",1996-07-20,NA,NA,0,NA,NA,0,NA,NA,0,NA,NA
"1928",1996-07-22,NA,NA,0,NA,NA,0,NA,NA,0,NA,NA
"1929",1996-07-23,NA,NA,0,NA,NA,0,NA,NA,0,NA,NA
"1930",1996-07-24,NA,NA,0,NA,NA,0,NA,NA,0,NA,NA
"1931",1996-07-25,NA,NA,0,NA,NA,0,NA,NA,0,NA,NA
"1932",1996-07-26,NA,NA,0,NA,NA,0,NA,NA,0,NA,NA
"1933",1996-07-27,NA,NA,0,NA,NA,0,NA,NA,0,NA,NA
"1934",1996-07-29,NA,NA,0,NA,NA,0,NA,NA,0,NA,NA
"1935",1996-07-30,NA,NA,0,NA,NA,0,NA,NA,0,NA,NA
"1936",1996-07-31,NA,NA,0,NA,NA,0,NA,NA,0,NA,NA
"1937",1996-08-01,NA,NA,0,NA,NA,0,NA,NA,0,NA,NA
"1938",1996-08-02,NA,NA,0,NA,NA,0,NA,NA,0,NA,NA
"1939",1996-08-03,NA,NA,0,NA,NA,0,NA,NA,0,NA,NA
"1940",1996-08-05,NA,NA,0,NA,NA,0,NA,NA,0,NA,NA
"1941",1996-08-06,NA,NA,0,NA,NA,0,NA,NA,0,NA,NA
"1942",1996-08-07,NA,NA,0,NA,NA,0,NA,NA,0,NA,NA
"1943",1996-08-08,NA,NA,0,NA,NA,0,NA,NA,0,NA,NA
"1944",1996-08-09,NA,NA,0,NA,NA,0,NA,NA,0,NA,NA
"1945",1996-08-10,NA,NA,0,NA,NA,0,NA,NA,0,NA,NA
"1946",1996-08-12,NA,NA,0,NA,NA,0,NA,NA,0,NA,NA
"1947",1996-08-13,NA,NA,0,NA,NA,0,NA,NA,0,NA,NA
"1948",1996-08-14,NA,NA,0,NA,NA,0,NA,NA,0,NA,NA
"1949",1996-08-16,NA,NA,0,NA,NA,0,NA,NA,0,NA,NA
"1950",1996-08-17,NA,NA,0,NA,NA,0,NA,NA,0,NA,NA
"1951",1996-08-19,NA,NA,0,NA,NA,0,NA,NA,0,NA,NA
"1952",1996-08-20,NA,NA,0,NA,NA,0,NA,NA,0,NA,NA
"1953",1996-08-21,NA,NA,0,NA,NA,0,NA,NA,0,NA,NA
"1954",1996-08-22,NA,NA,0,NA,NA,0,NA,NA,0,NA,NA
"1955",1996-08-23,NA,NA,0,NA,NA,0,NA,NA,0,NA,NA
"1956",1996-08-24,NA,NA,0,NA,NA,0,NA,NA,0,NA,NA
"1957",1996-08-26,NA,NA,0,NA,NA,0,NA,NA,0,NA,NA
"1958",1996-08-27,NA,NA,0,NA,NA,0,NA,NA,0,NA,NA
"1959",1996-08-28,NA,NA,0,NA,NA,0,NA,NA,0,NA,NA
"1960",1996-08-29,NA,NA,0,NA,NA,0,NA,NA,0,NA,NA
"1961",1996-08-30,NA,NA,0,NA,NA,0,NA,NA,0,NA,NA
"1962",1996-08-31,NA,NA,0,NA,NA,0,NA,NA,0,NA,NA
"1963",1996-09-02,NA,NA,0,NA,NA,0,NA,NA,0,NA,NA
"1964",1996-09-03,NA,NA,0,NA,NA,0,NA,NA,0,NA,NA
"1965",1996-09-04,NA,NA,0,NA,NA,0,NA,NA,0,NA,NA
"1966",1996-09-05,NA,NA,0,NA,NA,0,NA,NA,0,NA,NA
"1967",1996-09-06,NA,NA,0,NA,NA,0,NA,NA,0,NA,NA
"1968",1996-09-07,NA,NA,0,NA,NA,0,NA,NA,0,NA,NA
"1969",1996-09-09,NA,NA,0,NA,NA,0,NA,NA,0,NA,NA
"1970",1996-09-10,NA,NA,0,NA,NA,0,NA,NA,0,NA,NA
"1971",1996-09-11,NA,NA,0,NA,NA,0,NA,NA,0,NA,NA
"1972",1996-09-12,NA,NA,0,NA,NA,0,NA,NA,0,NA,NA
"1973",1996-09-13,NA,NA,0,NA,NA,0,NA,NA,0,NA,NA
"1974",1996-09-14,NA,NA,0,NA,NA,0,NA,NA,0,NA,NA
"1975",1996-09-16,NA,NA,0,NA,NA,0,NA,NA,0,NA,NA
"1976",1996-09-17,NA,NA,0,NA,NA,0,NA,NA,0,NA,NA
"1977",1996-09-18,NA,NA,0,NA,NA,0,NA,NA,0,NA,NA
"1978",1996-09-19,NA,NA,0,NA,NA,0,NA,NA,0,NA,NA
"1979",1996-09-20,NA,NA,0,NA,NA,0,NA,NA,0,NA,NA
"1980",1996-09-21,NA,NA,0,NA,NA,0,NA,NA,0,NA,NA
"1981",1996-09-23,NA,NA,0,NA,NA,0,NA,NA,0,NA,NA
"1982",1996-09-24,NA,NA,0,NA,NA,0,NA,NA,0,NA,NA
"1983",1996-09-25,NA,NA,0,NA,NA,0,NA,NA,0,NA,NA
"1984",1996-09-30,NA,NA,0,NA,NA,0,NA,NA,0,NA,NA
"1985",1996-10-01,NA,NA,0,NA,NA,0,NA,NA,0,NA,NA
"1986",1996-10-02,NA,NA,0,NA,NA,0,NA,NA,0,NA,NA
"1987",1996-10-04,NA,NA,0,NA,NA,0,NA,NA,0,NA,NA
"1988",1996-10-05,NA,NA,0,NA,NA,0,NA,NA,0,NA,NA
"1989",1996-10-07,NA,NA,0,NA,NA,0,NA,NA,0,NA,NA
"1990",1996-10-08,NA,NA,0,NA,NA,0,NA,NA,0,NA,NA
"1991",1996-10-09,NA,NA,0,NA,NA,0,NA,NA,0,NA,NA
"1992",1996-10-10,NA,NA,0,NA,NA,0,NA,NA,0,NA,NA
"1993",1996-10-11,NA,NA,0,NA,NA,0,NA,NA,0,NA,NA
"1994",1996-10-12,NA,NA,0,NA,NA,0,NA,NA,0,NA,NA
"1995",1996-10-14,NA,NA,0,NA,NA,0,NA,NA,0,NA,NA
"1996",1996-10-15,NA,NA,0,NA,NA,0,NA,NA,0,NA,NA
"1997",1996-10-16,NA,NA,0,NA,NA,0,NA,NA,0,NA,NA
"1998",1996-10-17,NA,NA,0,NA,NA,0,NA,NA,0,NA,NA
"1999",1996-10-18,NA,NA,0,NA,NA,0,NA,NA,0,NA,NA
"2000",1996-10-19,NA,NA,0,NA,NA,0,NA,NA,0,NA,NA
"2001",1996-10-21,NA,NA,0,NA,NA,0,NA,NA,0,NA,NA
"2002",1996-10-22,NA,NA,0,NA,NA,0,NA,NA,0,NA,NA
"2003",1996-10-23,NA,NA,0,NA,NA,0,NA,NA,0,NA,NA
"2004",1996-10-24,NA,NA,0,NA,NA,0,NA,NA,0,NA,NA
"2005",1996-10-25,NA,NA,0,NA,NA,0,NA,NA,0,NA,NA
"2006",1996-10-26,NA,NA,0,NA,NA,0,NA,NA,0,NA,NA
"2007",1996-10-28,NA,NA,0,NA,NA,0,NA,NA,0,NA,NA
"2008",1996-10-29,NA,NA,0,NA,NA,0,NA,NA,0,NA,NA
"2009",1996-10-30,NA,NA,0,NA,NA,0,NA,NA,0,NA,NA
"2010",1996-10-31,NA,NA,0,NA,NA,0,NA,NA,0,NA,NA
"2011",1996-11-01,NA,NA,0,NA,NA,0,NA,NA,0,NA,NA
"2012",1996-11-02,NA,NA,0,NA,NA,0,NA,NA,0,NA,NA
"2013",1996-11-04,NA,NA,0,NA,NA,0,NA,NA,0,NA,NA
"2014",1996-11-05,NA,NA,0,NA,NA,0,NA,NA,0,NA,NA
"2015",1996-11-06,NA,NA,0,NA,NA,0,NA,NA,0,NA,NA
"2016",1996-11-07,NA,NA,0,NA,NA,0,NA,NA,0,NA,NA
"2017",1996-11-08,NA,NA,0,NA,NA,0,NA,NA,0,NA,NA
"2018",1996-11-09,NA,NA,0,NA,NA,0,NA,NA,0,NA,NA
"2019",1996-11-11,NA,NA,0,NA,NA,0,NA,NA,0,NA,NA
"2020",1996-11-12,NA,NA,0,NA,NA,0,NA,NA,0,NA,NA
"2021",1996-11-13,NA,NA,0,NA,NA,0,NA,NA,0,NA,NA
"2022",1996-11-14,NA,NA,0,NA,NA,0,NA,NA,0,NA,NA
"2023",1996-11-15,NA,NA,0,NA,NA,0,NA,NA,0,NA,NA
"2024",1996-11-16,NA,NA,0,NA,NA,0,NA,NA,0,NA,NA
"2025",1996-11-18,NA,NA,0,NA,NA,0,NA,NA,0,NA,NA
"2026",1996-11-19,NA,NA,0,NA,NA,0,NA,NA,0,NA,NA
"2027",1996-11-20,NA,NA,0,NA,NA,0,NA,NA,0,NA,NA
"2028",1996-11-21,NA,NA,0,NA,NA,0,NA,NA,0,NA,NA
"2029",1996-11-22,NA,NA,0,NA,NA,0,NA,NA,0,NA,NA
"2030",1996-11-25,NA,NA,0,NA,NA,0,NA,NA,0,NA,NA
"2031",1996-11-26,NA,NA,0,NA,NA,0,NA,NA,0,NA,NA
"2032",1996-11-27,NA,NA,0,NA,NA,0,NA,NA,0,NA,NA
"2033",1996-11-28,NA,NA,0,NA,NA,0,NA,NA,0,NA,NA
"2034",1996-11-29,NA,NA,0,NA,NA,0,NA,NA,0,NA,NA
"2035",1996-11-30,NA,NA,0,NA,NA,0,NA,NA,0,NA,NA
"2036",1996-12-02,NA,NA,0,NA,NA,0,NA,NA,0,NA,NA
"2037",1996-12-03,NA,NA,0,NA,NA,0,NA,NA,0,NA,NA
"2038",1996-12-04,NA,NA,0,NA,NA,0,NA,NA,0,NA,NA
"2039",1996-12-05,NA,NA,0,NA,NA,0,NA,NA,0,NA,NA
"2040",1996-12-06,NA,NA,0,NA,NA,0,NA,NA,0,NA,NA
"2041",1996-12-07,NA,NA,0,NA,NA,0,NA,NA,0,NA,NA
"2042",1996-12-09,NA,NA,0,NA,NA,0,NA,NA,0,NA,NA
"2043",1996-12-10,NA,NA,0,NA,NA,0,NA,NA,0,NA,NA
"2044",1996-12-11,NA,NA,0,NA,NA,0,NA,NA,0,NA,NA
"2045",1996-12-12,NA,NA,0,NA,NA,0,NA,NA,0,NA,NA
"2046",1996-12-13,NA,NA,0,NA,NA,0,NA,NA,0,NA,NA
"2047",1996-12-14,NA,NA,0,NA,NA,0,NA,NA,0,NA,NA
"2048",1996-12-16,NA,NA,0,NA,NA,0,NA,NA,0,NA,NA
"2049",1996-12-17,NA,NA,0,NA,NA,0,NA,NA,0,NA,NA
"2050",1996-12-18,NA,NA,0,NA,NA,0,NA,NA,0,NA,NA
"2051",1996-12-19,NA,NA,0,NA,NA,0,NA,NA,0,NA,NA
"2052",1996-12-20,NA,NA,0,NA,NA,0,NA,NA,0,NA,NA
"2053",1996-12-21,NA,NA,0,NA,NA,0,NA,NA,0,NA,NA
"2054",1996-12-23,NA,NA,0,NA,NA,0,NA,NA,0,NA,NA
"2055",1996-12-24,NA,NA,0,NA,NA,0,NA,NA,0,NA,NA
"2056",1996-12-26,NA,NA,0,NA,NA,0,NA,NA,0,NA,NA
"2057",1996-12-27,NA,NA,0,NA,NA,0,NA,NA,0,NA,NA
"2058",1997-01-03,NA,NA,0,NA,NA,0,NA,NA,0,NA,NA
"2059",1997-01-04,NA,NA,0,NA,NA,0,NA,NA,0,NA,NA
"2060",1997-01-06,NA,NA,0,NA,NA,0,NA,NA,0,NA,NA
"2061",1997-01-07,NA,NA,0,NA,NA,0,NA,NA,0,NA,NA
"2062",1997-01-08,NA,NA,0,NA,NA,0,NA,NA,0,NA,NA
"2063",1997-01-09,NA,NA,0,NA,NA,0,NA,NA,0,NA,NA
"2064",1997-01-10,NA,NA,0,NA,NA,0,NA,NA,0,NA,NA
"2065",1997-01-11,NA,NA,0,NA,NA,0,NA,NA,0,NA,NA
"2066",1997-01-13,NA,NA,0,NA,NA,0,NA,NA,0,NA,NA
"2067",1997-01-14,NA,NA,0,NA,NA,0,NA,NA,0,NA,NA
"2068",1997-01-15,NA,NA,0,NA,NA,0,NA,NA,0,NA,NA
"2069",1997-01-16,NA,NA,0,NA,NA,0,NA,NA,0,NA,NA
"2070",1997-01-17,NA,NA,0,NA,NA,0,NA,NA,0,NA,NA
"2071",1997-01-18,NA,NA,0,NA,NA,0,NA,NA,0,NA,NA
"2072",1997-01-20,NA,NA,0,NA,NA,0,NA,NA,0,NA,NA
"2073",1997-01-21,NA,NA,0,NA,NA,0,NA,NA,0,NA,NA
"2074",1997-01-22,NA,NA,0,NA,NA,0,NA,NA,0,NA,NA
"2075",1997-01-23,NA,NA,0,NA,NA,0,NA,NA,0,NA,NA
"2076",1997-01-24,NA,NA,0,NA,NA,0,NA,NA,0,NA,NA
"2077",1997-01-25,NA,NA,0,NA,NA,0,NA,NA,0,NA,NA
"2078",1997-01-27,NA,NA,0,NA,NA,0,NA,NA,0,NA,NA
"2079",1997-01-28,NA,NA,0,NA,NA,0,NA,NA,0,NA,NA
"2080",1997-01-29,NA,NA,0,NA,NA,0,NA,NA,0,NA,NA
"2081",1997-01-30,NA,NA,0,NA,NA,0,NA,NA,0,NA,NA
"2082",1997-01-31,NA,NA,0,NA,NA,0,NA,NA,0,NA,NA
"2083",1997-02-01,NA,NA,0,NA,NA,0,NA,NA,0,NA,NA
"2084",1997-02-03,NA,NA,0,NA,NA,0,NA,NA,0,NA,NA
"2085",1997-02-04,NA,NA,0,NA,NA,0,NA,NA,0,NA,NA
"2086",1997-02-05,NA,NA,0,NA,NA,0,NA,NA,0,NA,NA
"2087",1997-02-06,NA,NA,0,NA,NA,0,NA,NA,0,NA,NA
"2088",1997-02-10,NA,NA,0,NA,NA,0,NA,NA,0,NA,NA
"2089",1997-02-11,NA,NA,0,NA,NA,0,NA,NA,0,NA,NA
"2090",1997-02-12,NA,NA,0,NA,NA,0,NA,NA,0,NA,NA
"2091",1997-02-13,NA,NA,0,NA,NA,0,NA,NA,0,NA,NA
"2092",1997-02-14,NA,NA,0,NA,NA,0,NA,NA,0,NA,NA
"2093",1997-02-15,NA,NA,0,NA,NA,0,NA,NA,0,NA,NA
"2094",1997-02-17,NA,NA,0,NA,NA,0,NA,NA,0,NA,NA
"2095",1997-02-18,NA,NA,0,NA,NA,0,NA,NA,0,NA,NA
"2096",1997-02-19,NA,NA,0,NA,NA,0,NA,NA,0,NA,NA
"2097",1997-02-20,NA,NA,0,NA,NA,0,NA,NA,0,NA,NA
"2098",1997-02-21,NA,NA,0,NA,NA,0,NA,NA,0,NA,NA
"2099",1997-02-22,NA,NA,0,NA,NA,0,NA,NA,0,NA,NA
"2100",1997-02-24,NA,NA,0,NA,NA,0,NA,NA,0,NA,NA
"2101",1997-02-25,NA,NA,0,NA,NA,0,NA,NA,0,NA,NA
"2102",1997-02-26,NA,NA,0,NA,NA,0,NA,NA,0,NA,NA
"2103",1997-02-27,NA,NA,0,NA,NA,0,NA,NA,0,NA,NA
"2104",1997-02-28,NA,NA,0,NA,NA,0,NA,NA,0,NA,NA
"2105",1997-03-03,NA,NA,0,NA,NA,0,NA,NA,0,NA,NA
"2106",1997-03-04,NA,NA,0,NA,NA,0,NA,NA,0,NA,NA
"2107",1997-03-05,NA,NA,0,NA,NA,0,NA,NA,0,NA,NA
"2108",1997-03-06,NA,NA,0,NA,NA,0,NA,NA,0,NA,NA
"2109",1997-03-07,NA,NA,0,NA,NA,0,NA,NA,0,NA,NA
"2110",1997-03-08,NA,NA,0,NA,NA,0,NA,NA,0,NA,NA
"2111",1997-03-10,NA,NA,0,NA,NA,0,NA,NA,0,NA,NA
"2112",1997-03-11,NA,NA,0,NA,NA,0,NA,NA,0,NA,NA
"2113",1997-03-12,NA,NA,0,NA,NA,0,NA,NA,0,NA,NA
"2114",1997-03-13,NA,NA,0,NA,NA,0,NA,NA,0,NA,NA
"2115",1997-03-14,NA,NA,0,NA,NA,0,NA,NA,0,NA,NA
"2116",1997-03-15,NA,NA,0,NA,NA,0,NA,NA,0,NA,NA
"2117",1997-03-17,NA,NA,0,NA,NA,0,NA,NA,0,NA,NA
"2118",1997-03-18,NA,NA,0,NA,NA,0,NA,NA,0,NA,NA
"2119",1997-03-19,NA,NA,0,NA,NA,0,NA,NA,0,NA,NA
"2120",1997-03-20,NA,NA,0,NA,NA,0,NA,NA,0,NA,NA
"2121",1997-03-21,NA,NA,0,NA,NA,0,NA,NA,0,NA,NA
"2122",1997-03-22,NA,NA,0,NA,NA,0,NA,NA,0,NA,NA
"2123",1997-03-24,NA,NA,0,NA,NA,0,NA,NA,0,NA,NA
"2124",1997-03-25,NA,NA,0,NA,NA,0,NA,NA,0,NA,NA
"2125",1997-03-26,NA,NA,0,NA,NA,0,NA,NA,0,NA,NA
"2126",1997-03-27,NA,NA,0,NA,NA,0,NA,NA,0,NA,NA
"2127",1997-03-28,NA,NA,0,NA,NA,0,NA,NA,0,NA,NA
"2128",1997-03-29,NA,NA,0,NA,NA,0,NA,NA,0,NA,NA
"2129",1997-03-31,NA,NA,0,NA,NA,0,NA,NA,0,NA,NA
"2130",1997-04-01,NA,NA,0,NA,NA,0,NA,NA,0,NA,NA
"2131",1997-04-02,NA,NA,0,NA,NA,0,NA,NA,0,NA,NA
"2132",1997-04-03,NA,NA,0,NA,NA,0,NA,NA,0,NA,NA
"2133",1997-04-04,NA,NA,0,NA,NA,0,NA,NA,0,NA,NA
"2134",1997-04-07,NA,NA,0,NA,NA,0,NA,NA,0,NA,NA
"2135",1997-04-08,NA,NA,0,NA,NA,0,NA,NA,0,NA,NA
"2136",1997-04-09,NA,NA,0,NA,NA,0,NA,NA,0,NA,NA
"2137",1997-04-10,NA,NA,0,NA,NA,0,NA,NA,0,NA,NA
"2138",1997-04-11,NA,NA,0,NA,NA,0,NA,NA,0,NA,NA
"2139",1997-04-12,NA,NA,0,NA,NA,0,NA,NA,0,NA,NA
"2140",1997-04-14,NA,NA,0,NA,NA,0,NA,NA,0,NA,NA
"2141",1997-04-15,NA,NA,0,NA,NA,0,NA,NA,0,NA,NA
"2142",1997-04-16,NA,NA,0,NA,NA,0,NA,NA,0,NA,NA
"2143",1997-04-17,NA,NA,0,NA,NA,0,NA,NA,0,NA,NA
"2144",1997-04-18,NA,NA,0,NA,NA,0,NA,NA,0,NA,NA
"2145",1997-04-19,NA,NA,0,NA,NA,0,NA,NA,0,NA,NA
"2146",1997-04-21,NA,NA,0,NA,NA,0,NA,NA,0,NA,NA
"2147",1997-04-22,NA,NA,0,NA,NA,0,NA,NA,0,NA,NA
"2148",1997-04-23,NA,NA,0,NA,NA,0,NA,NA,0,NA,NA
"2149",1997-04-24,NA,NA,0,NA,NA,0,NA,NA,0,NA,NA
"2150",1997-04-25,NA,NA,0,NA,NA,0,NA,NA,0,NA,NA
"2151",1997-04-26,NA,NA,0,NA,NA,0,NA,NA,0,NA,NA
"2152",1997-04-28,NA,NA,0,NA,NA,0,NA,NA,0,NA,NA
"2153",1997-04-29,NA,NA,0,NA,NA,0,NA,NA,0,NA,NA
"2154",1997-04-30,NA,NA,0,NA,NA,0,NA,NA,0,NA,NA
"2155",1997-05-02,NA,NA,0,NA,NA,0,NA,NA,0,NA,NA
"2156",1997-05-03,NA,NA,0,NA,NA,0,NA,NA,0,NA,NA
"2157",1997-05-06,NA,NA,0,NA,NA,0,NA,NA,0,NA,NA
"2158",1997-05-07,NA,NA,0,NA,NA,0,NA,NA,0,NA,NA
"2159",1997-05-08,NA,NA,0,NA,NA,0,NA,NA,0,NA,NA
"2160",1997-05-09,NA,NA,0,NA,NA,0,NA,NA,0,NA,NA
"2161",1997-05-10,NA,NA,0,NA,NA,0,NA,NA,0,NA,NA
"2162",1997-05-12,NA,NA,0,NA,NA,0,NA,NA,0,NA,NA
"2163",1997-05-13,NA,NA,0,NA,NA,0,NA,NA,0,NA,NA
"2164",1997-05-15,NA,NA,0,NA,NA,0,NA,NA,0,NA,NA
"2165",1997-05-16,NA,NA,0,NA,NA,0,NA,NA,0,NA,NA
"2166",1997-05-17,NA,NA,0,NA,NA,0,NA,NA,0,NA,NA
"2167",1997-05-19,NA,NA,0,NA,NA,0,NA,NA,0,NA,NA
"2168",1997-05-20,NA,NA,0,NA,NA,0,NA,NA,0,NA,NA
"2169",1997-05-21,NA,NA,0,NA,NA,0,NA,NA,0,NA,NA
"2170",1997-05-22,NA,NA,0,NA,NA,0,NA,NA,0,NA,NA
"2171",1997-05-23,NA,NA,0,NA,NA,0,NA,NA,0,NA,NA
"2172",1997-05-24,NA,NA,0,NA,NA,0,NA,NA,0,NA,NA
"2173",1997-05-26,NA,NA,0,NA,NA,0,NA,NA,0,NA,NA
"2174",1997-05-27,NA,NA,0,NA,NA,0,NA,NA,0,NA,NA
"2175",1997-05-28,NA,NA,0,NA,NA,0,NA,NA,0,NA,NA
"2176",1997-05-29,NA,NA,0,NA,NA,0,NA,NA,0,NA,NA
"2177",1997-05-30,NA,NA,0,NA,NA,0,NA,NA,0,NA,NA
"2178",1997-05-31,NA,NA,0,NA,NA,0,NA,NA,0,NA,NA
"2179",1997-06-02,NA,NA,0,NA,NA,0,NA,NA,0,NA,NA
"2180",1997-06-03,NA,NA,0,NA,NA,0,NA,NA,0,NA,NA
"2181",1997-06-04,NA,NA,0,NA,NA,0,NA,NA,0,NA,NA
"2182",1997-06-05,NA,NA,0,NA,NA,0,NA,NA,0,NA,NA
"2183",1997-06-07,NA,NA,0,NA,NA,0,NA,NA,0,NA,NA
"2184",1997-06-09,NA,NA,0,NA,NA,0,NA,NA,0,NA,NA
"2185",1997-06-10,NA,NA,0,NA,NA,0,NA,NA,0,NA,NA
"2186",1997-06-11,NA,NA,0,NA,NA,0,NA,NA,0,NA,NA
"2187",1997-06-12,NA,NA,0,NA,NA,0,NA,NA,0,NA,NA
"2188",1997-06-13,NA,NA,0,NA,NA,0,NA,NA,0,NA,NA
"2189",1997-06-14,NA,NA,0,NA,NA,0,NA,NA,0,NA,NA
"2190",1997-06-16,NA,NA,0,NA,NA,0,NA,NA,0,NA,NA
"2191",1997-06-17,NA,NA,0,NA,NA,0,NA,NA,0,NA,NA
"2192",1997-06-18,NA,NA,0,NA,NA,0,NA,NA,0,NA,NA
"2193",1997-06-19,NA,NA,0,NA,NA,0,NA,NA,0,NA,NA
"2194",1997-06-20,NA,NA,0,NA,NA,0,NA,NA,0,NA,NA
"2195",1997-06-21,NA,NA,0,NA,NA,0,NA,NA,0,NA,NA
"2196",1997-06-23,NA,NA,0,NA,NA,0,NA,NA,0,NA,NA
"2197",1997-06-24,NA,NA,0,NA,NA,0,NA,NA,0,NA,NA
"2198",1997-06-25,NA,NA,0,NA,NA,0,NA,NA,0,NA,NA
"2199",1997-06-26,NA,NA,0,NA,NA,0,NA,NA,0,NA,NA
"2200",1997-06-27,NA,NA,0,NA,NA,0,NA,NA,0,NA,NA
"2201",1997-06-28,NA,NA,0,NA,NA,0,NA,NA,0,NA,NA
"2202",1997-06-30,NA,NA,0,NA,NA,0,NA,NA,0,NA,NA
"2203",1997-07-01,NA,NA,0,NA,NA,0,NA,NA,0,NA,NA
"2204",1997-07-02,NA,NA,0,NA,NA,0,NA,NA,0,NA,NA
"2205",1997-07-03,NA,NA,0,NA,NA,0,NA,NA,0,NA,NA
"2206",1997-07-04,NA,NA,0,NA,NA,0,NA,NA,0,NA,NA
"2207",1997-07-05,NA,NA,0,NA,NA,0,NA,NA,0,NA,NA
"2208",1997-07-07,NA,NA,0,NA,NA,0,NA,NA,0,NA,NA
"2209",1997-07-08,NA,NA,0,NA,NA,0,NA,NA,0,NA,NA
"2210",1997-07-09,NA,NA,0,NA,NA,0,NA,NA,0,NA,NA
"2211",1997-07-10,NA,NA,0,NA,NA,0,NA,NA,0,NA,NA
"2212",1997-07-11,NA,NA,0,NA,NA,0,NA,NA,0,NA,NA
"2213",1997-07-12,NA,NA,0,NA,NA,0,NA,NA,0,NA,NA
"2214",1997-07-14,NA,NA,0,NA,NA,0,NA,NA,0,NA,NA
"2215",1997-07-15,NA,NA,0,NA,NA,0,NA,NA,0,NA,NA
"2216",1997-07-16,NA,NA,0,NA,NA,0,NA,NA,0,NA,NA
"2217",1997-07-18,NA,NA,0,NA,NA,0,NA,NA,0,NA,NA
"2218",1997-07-19,NA,NA,0,NA,NA,0,NA,NA,0,NA,NA
"2219",1997-07-21,NA,NA,0,NA,NA,0,NA,NA,0,NA,NA
"2220",1997-07-22,NA,NA,0,NA,NA,0,NA,NA,0,NA,NA
"2221",1997-07-23,NA,NA,0,NA,NA,0,NA,NA,0,NA,NA
"2222",1997-07-24,NA,NA,0,NA,NA,0,NA,NA,0,NA,NA
"2223",1997-07-25,NA,NA,0,NA,NA,0,NA,NA,0,NA,NA
"2224",1997-07-26,NA,NA,0,NA,NA,0,NA,NA,0,NA,NA
"2225",1997-07-28,NA,NA,0,NA,NA,0,NA,NA,0,NA,NA
"2226",1997-07-29,NA,NA,0,NA,NA,0,NA,NA,0,NA,NA
"2227",1997-07-30,NA,NA,0,NA,NA,0,NA,NA,0,NA,NA
"2228",1997-07-31,NA,NA,0,NA,NA,0,NA,NA,0,NA,NA
"2229",1997-08-01,NA,NA,0,NA,NA,0,NA,NA,0,NA,NA
"2230",1997-08-02,NA,NA,0,NA,NA,0,NA,NA,0,NA,NA
"2231",1997-08-04,NA,NA,0,NA,NA,0,NA,NA,0,NA,NA
"2232",1997-08-05,NA,NA,0,NA,NA,0,NA,NA,0,NA,NA
"2233",1997-08-06,NA,NA,0,NA,NA,0,NA,NA,0,NA,NA
"2234",1997-08-07,NA,NA,0,NA,NA,0,NA,NA,0,NA,NA
"2235",1997-08-08,NA,NA,0,NA,NA,0,NA,NA,0,NA,NA
"2236",1997-08-09,NA,NA,0,NA,NA,0,NA,NA,0,NA,NA
"2237",1997-08-11,NA,NA,0,NA,NA,0,NA,NA,0,NA,NA
"2238",1997-08-12,NA,NA,0,NA,NA,0,NA,NA,0,NA,NA
"2239",1997-08-13,NA,NA,0,NA,NA,0,NA,NA,0,NA,NA
"2240",1997-08-14,NA,NA,0,NA,NA,0,NA,NA,0,NA,NA
"2241",1997-08-16,NA,NA,0,NA,NA,0,NA,NA,0,NA,NA
"2242",1997-08-18,NA,NA,0,NA,NA,0,NA,NA,0,NA,NA
"2243",1997-08-19,NA,NA,0,NA,NA,0,NA,NA,0,NA,NA
"2244",1997-08-20,NA,NA,0,NA,NA,0,NA,NA,0,NA,NA
"2245",1997-08-21,NA,NA,0,NA,NA,0,NA,NA,0,NA,NA
"2246",1997-08-22,NA,NA,0,NA,NA,0,NA,NA,0,NA,NA
"2247",1997-08-23,NA,NA,0,NA,NA,0,NA,NA,0,NA,NA
"2248",1997-08-25,NA,NA,0,NA,NA,0,NA,NA,0,NA,NA
"2249",1997-08-26,NA,NA,0,NA,NA,0,NA,NA,0,NA,NA
"2250",1997-08-27,NA,NA,0,NA,NA,0,NA,NA,0,NA,NA
"2251",1997-08-28,NA,NA,0,NA,NA,0,NA,NA,0,NA,NA
"2252",1997-08-29,NA,NA,0,NA,NA,0,NA,NA,0,NA,NA
"2253",1997-08-30,NA,NA,0,NA,NA,0,NA,NA,0,NA,NA
"2254",1997-09-01,NA,NA,0,NA,NA,0,NA,NA,0,NA,NA
"2255",1997-09-02,NA,NA,0,NA,NA,0,NA,NA,0,NA,NA
"2256",1997-09-03,NA,NA,0,NA,NA,0,NA,NA,0,NA,NA
"2257",1997-09-04,NA,NA,0,NA,NA,0,NA,NA,0,NA,NA
"2258",1997-09-05,NA,NA,0,NA,NA,0,NA,NA,0,NA,NA
"2259",1997-09-06,NA,NA,0,NA,NA,0,NA,NA,0,NA,NA
"2260",1997-09-08,NA,NA,0,NA,NA,0,NA,NA,0,NA,NA
"2261",1997-09-09,NA,NA,0,NA,NA,0,NA,NA,0,NA,NA
"2262",1997-09-10,NA,NA,0,NA,NA,0,NA,NA,0,NA,NA
"2263",1997-09-11,NA,NA,0,NA,NA,0,NA,NA,0,NA,NA
"2264",1997-09-12,NA,NA,0,NA,NA,0,NA,NA,0,NA,NA
"2265",1997-09-13,NA,NA,0,NA,NA,0,NA,NA,0,NA,NA
"2266",1997-09-18,NA,NA,0,NA,NA,0,NA,NA,0,NA,NA
"2267",1997-09-19,NA,NA,0,NA,NA,0,NA,NA,0,NA,NA
"2268",1997-09-20,NA,NA,0,NA,NA,0,NA,NA,0,NA,NA
"2269",1997-09-22,NA,NA,0,NA,NA,0,NA,NA,0,NA,NA
"2270",1997-09-23,NA,NA,0,NA,NA,0,NA,NA,0,NA,NA
"2271",1997-09-24,NA,NA,0,NA,NA,0,NA,NA,0,NA,NA
"2272",1997-09-25,NA,NA,0,NA,NA,0,NA,NA,0,NA,NA
"2273",1997-09-26,NA,NA,0,NA,NA,0,NA,NA,0,NA,NA
"2274",1997-09-27,NA,NA,0,NA,NA,0,NA,NA,0,NA,NA
"2275",1997-09-29,NA,NA,0,NA,NA,0,NA,NA,0,NA,NA
"2276",1997-09-30,NA,NA,0,NA,NA,0,NA,NA,0,NA,NA
"2277",1997-10-01,NA,NA,0,NA,NA,0,NA,NA,0,NA,NA
"2278",1997-10-02,NA,NA,0,NA,NA,0,NA,NA,0,NA,NA
"2279",1997-10-04,NA,NA,0,NA,NA,0,NA,NA,0,NA,NA
"2280",1997-10-06,NA,NA,0,NA,NA,0,NA,NA,0,NA,NA
"2281",1997-10-07,NA,NA,0,NA,NA,0,NA,NA,0,NA,NA
"2282",1997-10-08,NA,NA,0,NA,NA,0,NA,NA,0,NA,NA
"2283",1997-10-09,NA,NA,0,NA,NA,0,NA,NA,0,NA,NA
"2284",1997-10-10,NA,NA,0,NA,NA,0,NA,NA,0,NA,NA
"2285",1997-10-11,NA,NA,0,NA,NA,0,NA,NA,0,NA,NA
"2286",1997-10-13,NA,NA,0,NA,NA,0,NA,NA,0,NA,NA
"2287",1997-10-14,NA,NA,0,NA,NA,0,NA,NA,0,NA,NA
"2288",1997-10-15,NA,NA,0,NA,NA,0,NA,NA,0,NA,NA
"2289",1997-10-16,NA,NA,0,NA,NA,0,NA,NA,0,NA,NA
"2290",1997-10-17,NA,NA,0,NA,NA,0,NA,NA,0,NA,NA
"2291",1997-10-18,NA,NA,0,NA,NA,0,NA,NA,0,NA,NA
"2292",1997-10-20,NA,NA,0,NA,NA,0,NA,NA,0,NA,NA
"2293",1997-10-21,NA,NA,0,NA,NA,0,NA,NA,0,NA,NA
"2294",1997-10-22,NA,NA,0,NA,NA,0,NA,NA,0,NA,NA
"2295",1997-10-23,NA,NA,0,NA,NA,0,NA,NA,0,NA,NA
"2296",1997-10-24,NA,NA,0,NA,NA,0,NA,NA,0,NA,NA
"2297",1997-10-25,NA,NA,0,NA,NA,0,NA,NA,0,NA,NA
"2298",1997-10-27,NA,NA,0,NA,NA,0,NA,NA,0,NA,NA
"2299",1997-10-28,NA,NA,0,NA,NA,0,NA,NA,0,NA,NA
"2300",1997-10-29,NA,NA,0,NA,NA,0,NA,NA,0,NA,NA
"2301",1997-10-30,NA,NA,0,NA,NA,0,NA,NA,0,NA,NA
"2302",1997-10-31,NA,NA,0,NA,NA,0,NA,NA,0,NA,NA
"2303",1997-11-01,NA,NA,0,NA,NA,0,NA,NA,0,NA,NA
"2304",1997-11-03,NA,NA,0,NA,NA,0,NA,NA,0,NA,NA
"2305",1997-11-04,NA,NA,0,NA,NA,0,NA,NA,0,NA,NA
"2306",1997-11-05,NA,NA,0,NA,NA,0,NA,NA,0,NA,NA
"2307",1997-11-06,NA,NA,0,NA,NA,0,NA,NA,0,NA,NA
"2308",1997-11-07,NA,NA,0,NA,NA,0,NA,NA,0,NA,NA
"2309",1997-11-08,NA,NA,0,NA,NA,0,NA,NA,0,NA,NA
"2310",1997-11-10,NA,NA,0,NA,NA,0,NA,NA,0,NA,NA
"2311",1997-11-11,NA,NA,0,NA,NA,0,NA,NA,0,NA,NA
"2312",1997-11-12,NA,NA,0,NA,NA,0,NA,NA,0,NA,NA
"2313",1997-11-13,NA,NA,0,NA,NA,0,NA,NA,0,NA,NA
"2314",1997-11-14,NA,NA,0,NA,NA,0,NA,NA,0,NA,NA
"2315",1997-11-15,NA,NA,0,NA,NA,0,NA,NA,0,NA,NA
"2316",1997-11-17,NA,NA,0,NA,NA,0,NA,NA,0,NA,NA
"2317",1997-11-18,NA,NA,0,NA,NA,0,NA,NA,0,NA,NA
"2318",1997-11-19,NA,NA,0,NA,NA,0,NA,NA,0,NA,NA
"2319",1997-11-20,NA,NA,0,NA,NA,0,NA,NA,0,NA,NA
"2320",1997-11-21,NA,NA,0,NA,NA,0,NA,NA,0,NA,NA
"2321",1997-11-22,NA,NA,0,NA,NA,0,NA,NA,0,NA,NA
"2322",1997-11-24,NA,NA,0,NA,NA,0,NA,NA,0,NA,NA
"2323",1997-11-25,NA,NA,0,NA,NA,0,NA,NA,0,NA,NA
"2324",1997-11-26,NA,NA,0,NA,NA,0,NA,NA,0,NA,NA
"2325",1997-11-27,NA,NA,0,NA,NA,0,NA,NA,0,NA,NA
"2326",1997-11-28,NA,NA,0,NA,NA,0,NA,NA,0,NA,NA
"2327",1997-11-29,NA,NA,0,NA,NA,0,NA,NA,0,NA,NA
"2328",1997-12-01,NA,NA,0,NA,NA,0,NA,NA,0,NA,NA
"2329",1997-12-02,NA,NA,0,NA,NA,0,NA,NA,0,NA,NA
"2330",1997-12-03,NA,NA,0,NA,NA,0,NA,NA,0,NA,NA
"2331",1997-12-04,NA,NA,0,NA,NA,0,NA,NA,0,NA,NA
"2332",1997-12-05,NA,NA,0,NA,NA,0,NA,NA,0,NA,NA
"2333",1997-12-06,NA,NA,0,NA,NA,0,NA,NA,0,NA,NA
"2334",1997-12-08,NA,NA,0,NA,NA,0,NA,NA,0,NA,NA
"2335",1997-12-09,NA,NA,0,NA,NA,0,NA,NA,0,NA,NA
"2336",1997-12-10,NA,NA,0,NA,NA,0,NA,NA,0,NA,NA
"2337",1997-12-11,NA,NA,0,NA,NA,0,NA,NA,0,NA,NA
"2338",1997-12-12,NA,NA,0,NA,NA,0,NA,NA,0,NA,NA
"2339",1997-12-13,NA,NA,0,NA,NA,0,NA,NA,0,NA,NA
"2340",1997-12-15,NA,NA,0,NA,NA,0,NA,NA,0,NA,NA
"2341",1997-12-16,NA,NA,0,NA,NA,0,NA,NA,0,NA,NA
"2342",1997-12-17,NA,NA,0,NA,NA,0,NA,NA,0,NA,NA
"2343",1997-12-19,NA,NA,0,NA,NA,0,NA,NA,0,NA,NA
"2344",1997-12-20,NA,NA,0,NA,NA,0,NA,NA,0,NA,NA
"2345",1997-12-22,NA,NA,0,NA,NA,0,NA,NA,0,NA,NA
"2346",1997-12-23,NA,NA,0,NA,NA,0,NA,NA,0,NA,NA
"2347",1997-12-24,NA,NA,0,NA,NA,0,NA,NA,0,NA,NA
"2348",1997-12-26,NA,NA,0,NA,NA,0,NA,NA,0,NA,NA
"2349",1997-12-27,NA,NA,0,NA,NA,0,NA,NA,0,NA,NA
"2350",1998-01-03,NA,NA,0,NA,NA,0,NA,NA,0,NA,NA
"2351",1998-01-05,NA,NA,0,NA,NA,0,NA,NA,0,NA,NA
"2352",1998-01-06,NA,NA,0,NA,NA,0,NA,NA,0,NA,NA
"2353",1998-01-07,NA,NA,0,NA,NA,0,NA,NA,0,NA,NA
"2354",1998-01-08,NA,NA,0,NA,NA,0,NA,NA,0,NA,NA
"2355",1998-01-09,NA,NA,0,NA,NA,0,NA,NA,0,NA,NA
"2356",1998-01-10,NA,NA,0,NA,NA,0,NA,NA,0,NA,NA
"2357",1998-01-12,NA,NA,0,NA,NA,0,NA,NA,0,NA,NA
"2358",1998-01-13,NA,NA,0,NA,NA,0,NA,NA,0,NA,NA
"2359",1998-01-14,NA,NA,0,NA,NA,0,NA,NA,0,NA,NA
"2360",1998-01-15,NA,NA,0,NA,NA,0,NA,NA,0,NA,NA
"2361",1998-01-16,NA,NA,0,NA,NA,0,NA,NA,0,NA,NA
"2362",1998-01-17,NA,NA,0,NA,NA,0,NA,NA,0,NA,NA
"2363",1998-01-19,NA,NA,0,NA,NA,0,NA,NA,0,NA,NA
"2364",1998-01-20,NA,NA,0,NA,NA,0,NA,NA,0,NA,NA
"2365",1998-01-21,NA,NA,0,NA,NA,0,NA,NA,0,NA,NA
"2366",1998-01-22,NA,NA,0,NA,NA,0,NA,NA,0,NA,NA
"2367",1998-01-23,NA,NA,0,NA,NA,0,NA,NA,0,NA,NA
"2368",1998-01-24,NA,NA,0,NA,NA,0,NA,NA,0,NA,NA
"2369",1998-01-26,NA,NA,0,NA,NA,0,NA,NA,0,NA,NA
"2370",1998-01-30,NA,NA,0,NA,NA,0,NA,NA,0,NA,NA
"2371",1998-01-31,NA,NA,0,NA,NA,0,NA,NA,0,NA,NA
"2372",1998-02-02,NA,NA,0,NA,NA,0,NA,NA,0,NA,NA
"2373",1998-02-03,NA,NA,0,NA,NA,0,NA,NA,0,NA,NA
"2374",1998-02-04,NA,NA,0,NA,NA,0,NA,NA,0,NA,NA
"2375",1998-02-05,NA,NA,0,NA,NA,0,NA,NA,0,NA,NA
"2376",1998-02-06,NA,NA,0,NA,NA,0,NA,NA,0,NA,NA
"2377",1998-02-07,NA,NA,0,NA,NA,0,NA,NA,0,NA,NA
"2378",1998-02-09,NA,NA,0,NA,NA,0,NA,NA,0,NA,NA
"2379",1998-02-10,NA,NA,0,NA,NA,0,NA,NA,0,NA,NA
"2380",1998-02-11,NA,NA,0,NA,NA,0,NA,NA,0,NA,NA
"2381",1998-02-12,NA,NA,0,NA,NA,0,NA,NA,0,NA,NA
"2382",1998-02-13,NA,NA,0,NA,NA,0,NA,NA,0,NA,NA
"2383",1998-02-14,NA,NA,0,NA,NA,0,NA,NA,0,NA,NA
"2384",1998-02-16,NA,NA,0,NA,NA,0,NA,NA,0,NA,NA
"2385",1998-02-17,NA,NA,0,NA,NA,0,NA,NA,0,NA,NA
"2386",1998-02-18,NA,NA,0,NA,NA,0,NA,NA,0,NA,NA
"2387",1998-02-19,NA,NA,0,NA,NA,0,NA,NA,0,NA,NA
"2388",1998-02-20,NA,NA,0,NA,NA,0,NA,NA,0,NA,NA
"2389",1998-02-21,NA,NA,0,NA,NA,0,NA,NA,0,NA,NA
"2390",1998-02-23,NA,NA,0,NA,NA,0,NA,NA,0,NA,NA
"2391",1998-02-24,NA,NA,0,NA,NA,0,NA,NA,0,NA,NA
"2392",1998-02-25,NA,NA,0,NA,NA,0,NA,NA,0,NA,NA
"2393",1998-02-26,NA,NA,0,NA,NA,0,NA,NA,0,NA,NA
"2394",1998-02-27,NA,NA,0,NA,NA,0,NA,NA,0,NA,NA
"2395",1998-02-28,NA,NA,0,NA,NA,0,NA,NA,0,NA,NA
"2396",1998-03-02,NA,NA,0,NA,NA,0,NA,NA,0,NA,NA
"2397",1998-03-03,NA,NA,0,NA,NA,0,NA,NA,0,NA,NA
"2398",1998-03-04,NA,NA,0,NA,NA,0,NA,NA,0,NA,NA
"2399",1998-03-05,NA,NA,0,NA,NA,0,NA,NA,0,NA,NA
"2400",1998-03-06,NA,NA,0,NA,NA,0,NA,NA,0,NA,NA
"2401",1998-03-07,NA,NA,0,NA,NA,0,NA,NA,0,NA,NA
"2402",1998-03-09,NA,NA,0,NA,NA,0,NA,NA,0,NA,NA
"2403",1998-03-10,NA,NA,0,NA,NA,0,NA,NA,0,NA,NA
"2404",1998-03-11,NA,NA,0,NA,NA,0,NA,NA,0,NA,NA
"2405",1998-03-12,NA,NA,0,NA,NA,0,NA,NA,0,NA,NA
"2406",1998-03-13,NA,NA,0,NA,NA,0,NA,NA,0,NA,NA
"2407",1998-03-14,NA,NA,0,NA,NA,0,NA,NA,0,NA,NA
"2408",1998-03-16,NA,NA,0,NA,NA,0,NA,NA,0,NA,NA
"2409",1998-03-17,NA,NA,0,NA,NA,0,NA,NA,0,NA,NA
"2410",1998-03-18,NA,NA,0,NA,NA,0,NA,NA,0,NA,NA
"2411",1998-03-19,NA,NA,0,NA,NA,0,NA,NA,0,NA,NA
"2412",1998-03-20,NA,NA,0,NA,NA,0,NA,NA,0,NA,NA
"2413",1998-03-21,NA,NA,0,NA,NA,0,NA,NA,0,NA,NA
"2414",1998-03-23,NA,NA,0,NA,NA,0,NA,NA,0,NA,NA
"2415",1998-03-24,NA,NA,0,NA,NA,0,NA,NA,0,NA,NA
"2416",1998-03-25,NA,NA,0,NA,NA,0,NA,NA,0,NA,NA
"2417",1998-03-26,NA,NA,0,NA,NA,0,NA,NA,0,NA,NA
"2418",1998-03-27,NA,NA,0,NA,NA,0,NA,NA,0,NA,NA
"2419",1998-03-28,NA,NA,0,NA,NA,0,NA,NA,0,NA,NA
"2420",1998-03-30,NA,NA,0,NA,NA,0,NA,NA,0,NA,NA
"2421",1998-03-31,NA,NA,0,NA,NA,0,NA,NA,0,NA,NA
"2422",1998-04-01,NA,NA,0,NA,NA,0,NA,NA,0,NA,NA
"2423",1998-04-02,NA,NA,0,NA,NA,0,NA,NA,0,NA,NA
"2424",1998-04-03,NA,NA,0,NA,NA,0,NA,NA,0,NA,NA
"2425",1998-04-04,NA,NA,0,NA,NA,0,NA,NA,0,NA,NA
"2426",1998-04-06,NA,NA,0,NA,NA,0,NA,NA,0,NA,NA
"2427",1998-04-07,NA,NA,0,NA,NA,0,NA,NA,0,NA,NA
"2428",1998-04-08,NA,NA,0,NA,NA,0,NA,NA,0,NA,NA
"2429",1998-04-09,NA,NA,0,NA,NA,0,NA,NA,0,NA,NA
"2430",1998-04-10,NA,NA,0,NA,NA,0,NA,NA,0,NA,NA
"2431",1998-04-11,NA,NA,0,NA,NA,0,NA,NA,0,NA,NA
"2432",1998-04-13,NA,NA,0,NA,NA,0,NA,NA,0,NA,NA
"2433",1998-04-14,NA,NA,0,NA,NA,0,NA,NA,0,NA,NA
"2434",1998-04-15,NA,NA,0,NA,NA,0,NA,NA,0,NA,NA
"2435",1998-04-16,NA,NA,0,NA,NA,0,NA,NA,0,NA,NA
"2436",1998-04-17,NA,NA,0,NA,NA,0,NA,NA,0,NA,NA
"2437",1998-04-18,NA,NA,0,NA,NA,0,NA,NA,0,NA,NA
"2438",1998-04-20,NA,NA,0,NA,NA,0,NA,NA,0,NA,NA
"2439",1998-04-21,NA,NA,0,NA,NA,0,NA,NA,0,NA,NA
"2440",1998-04-22,NA,NA,0,NA,NA,0,NA,NA,0,NA,NA
"2441",1998-04-23,NA,NA,0,NA,NA,0,NA,NA,0,NA,NA
"2442",1998-04-24,NA,NA,0,NA,NA,0,NA,NA,0,NA,NA
"2443",1998-04-25,NA,NA,0,NA,NA,0,NA,NA,0,NA,NA
"2444",1998-04-27,NA,NA,0,NA,NA,0,NA,NA,0,NA,NA
"2445",1998-04-28,NA,NA,0,NA,NA,0,NA,NA,0,NA,NA
"2446",1998-04-29,NA,NA,0,NA,NA,0,NA,NA,0,NA,NA
"2447",1998-04-30,NA,NA,0,NA,NA,0,NA,NA,0,NA,NA
"2448",1998-05-02,NA,NA,0,NA,NA,0,NA,NA,0,NA,NA
"2449",1998-05-04,NA,NA,0,NA,NA,0,NA,NA,0,NA,NA
"2450",1998-05-06,NA,NA,0,NA,NA,0,NA,NA,0,NA,NA
"2451",1998-05-07,NA,NA,0,NA,NA,0,NA,NA,0,NA,NA
"2452",1998-05-08,NA,NA,0,NA,NA,0,NA,NA,0,NA,NA
"2453",1998-05-09,NA,NA,0,NA,NA,0,NA,NA,0,NA,NA
"2454",1998-05-11,NA,NA,0,NA,NA,0,NA,NA,0,NA,NA
"2455",1998-05-12,NA,NA,0,NA,NA,0,NA,NA,0,NA,NA
"2456",1998-05-13,NA,NA,0,NA,NA,0,NA,NA,0,NA,NA
"2457",1998-05-14,NA,NA,0,NA,NA,0,NA,NA,0,NA,NA
"2458",1998-05-15,NA,NA,0,NA,NA,0,NA,NA,0,NA,NA
"2459",1998-05-16,NA,NA,0,NA,NA,0,NA,NA,0,NA,NA
"2460",1998-05-18,NA,NA,0,NA,NA,0,NA,NA,0,NA,NA
"2461",1998-05-19,NA,NA,0,NA,NA,0,NA,NA,0,NA,NA
"2462",1998-05-20,NA,NA,0,NA,NA,0,NA,NA,0,NA,NA
"2463",1998-05-21,NA,NA,0,NA,NA,0,NA,NA,0,NA,NA
"2464",1998-05-22,NA,NA,0,NA,NA,0,NA,NA,0,NA,NA
"2465",1998-05-23,NA,NA,0,NA,NA,0,NA,NA,0,NA,NA
"2466",1998-05-25,NA,NA,0,NA,NA,0,NA,NA,0,NA,NA
"2467",1998-05-26,NA,NA,0,NA,NA,0,NA,NA,0,NA,NA
"2468",1998-05-27,NA,NA,0,NA,NA,0,NA,NA,0,NA,NA
"2469",1998-05-28,NA,NA,0,NA,NA,0,NA,NA,0,NA,NA
"2470",1998-05-29,NA,NA,0,NA,NA,0,NA,NA,0,NA,NA
"2471",1998-05-30,NA,NA,0,NA,NA,0,NA,NA,0,NA,NA
"2472",1998-06-01,NA,NA,0,NA,NA,0,NA,NA,0,NA,NA
"2473",1998-06-02,NA,NA,0,NA,NA,0,NA,NA,0,NA,NA
"2474",1998-06-03,NA,NA,0,NA,NA,0,NA,NA,0,NA,NA
"2475",1998-06-05,NA,NA,0,NA,NA,0,NA,NA,0,NA,NA
"2476",1998-06-08,NA,NA,0,NA,NA,0,NA,NA,0,NA,NA
"2477",1998-06-09,NA,NA,0,NA,NA,0,NA,NA,0,NA,NA
"2478",1998-06-10,NA,NA,0,NA,NA,0,NA,NA,0,NA,NA
"2479",1998-06-11,NA,NA,0,NA,NA,0,NA,NA,0,NA,NA
"2480",1998-06-12,NA,NA,0,NA,NA,0,NA,NA,0,NA,NA
"2481",1998-06-13,NA,NA,0,NA,NA,0,NA,NA,0,NA,NA
"2482",1998-06-15,NA,NA,0,NA,NA,0,NA,NA,0,NA,NA
"2483",1998-06-16,NA,NA,0,NA,NA,0,NA,NA,0,NA,NA
"2484",1998-06-17,NA,NA,0,NA,NA,0,NA,NA,0,NA,NA
"2485",1998-06-18,NA,NA,0,NA,NA,0,NA,NA,0,NA,NA
"2486",1998-06-19,NA,NA,0,NA,NA,0,NA,NA,0,NA,NA
"2487",1998-06-20,NA,NA,0,NA,NA,0,NA,NA,0,NA,NA
"2488",1998-06-22,NA,NA,0,NA,NA,0,NA,NA,0,NA,NA
"2489",1998-06-23,NA,NA,0,NA,NA,0,NA,NA,0,NA,NA
"2490",1998-06-24,NA,NA,0,NA,NA,0,NA,NA,0,NA,NA
"2491",1998-06-25,NA,NA,0,NA,NA,0,NA,NA,0,NA,NA
"2492",1998-06-26,NA,NA,0,NA,NA,0,NA,NA,0,NA,NA
"2493",1998-06-27,NA,NA,0,NA,NA,0,NA,NA,0,NA,NA
"2494",1998-06-29,NA,NA,0,NA,NA,0,NA,NA,0,NA,NA
"2495",1998-06-30,NA,NA,0,NA,NA,0,NA,NA,0,NA,NA
"2496",1998-07-01,NA,NA,0,NA,NA,0,NA,NA,0,NA,NA
"2497",1998-07-02,NA,NA,0,NA,NA,0,NA,NA,0,NA,NA
"2498",1998-07-03,NA,NA,0,NA,NA,0,NA,NA,0,NA,NA
"2499",1998-07-04,NA,NA,0,NA,NA,0,NA,NA,0,NA,NA
"2500",1998-07-06,NA,NA,0,NA,NA,0,NA,NA,0,NA,NA
"2501",1998-07-07,NA,NA,0,NA,NA,0,NA,NA,0,NA,NA
"2502",1998-07-08,NA,NA,0,NA,NA,0,NA,NA,0,NA,NA
"2503",1998-07-09,NA,NA,0,NA,NA,0,NA,NA,0,NA,NA
"2504",1998-07-10,NA,NA,0,NA,NA,0,NA,NA,0,NA,NA
"2505",1998-07-11,NA,NA,0,NA,NA,0,NA,NA,0,NA,NA
"2506",1998-07-13,NA,NA,0,NA,NA,0,NA,NA,0,NA,NA
"2507",1998-07-14,NA,NA,0,NA,NA,0,NA,NA,0,NA,NA
"2508",1998-07-15,NA,NA,0,NA,NA,0,NA,NA,0,NA,NA
"2509",1998-07-16,NA,NA,0,NA,NA,0,NA,NA,0,NA,NA
"2510",1998-07-18,NA,NA,0,NA,NA,0,NA,NA,0,NA,NA
"2511",1998-07-20,NA,NA,0,NA,NA,0,NA,NA,0,NA,NA
"2512",1998-07-21,NA,NA,0,NA,NA,0,NA,NA,0,NA,NA
"2513",1998-07-22,NA,NA,0,NA,NA,0,NA,NA,0,NA,NA
"2514",1998-07-23,NA,NA,0,NA,NA,0,NA,NA,0,NA,NA
"2515",1998-07-24,NA,NA,0,NA,NA,0,NA,NA,0,NA,NA
"2516",1998-07-25,NA,NA,0,NA,NA,0,NA,NA,0,NA,NA
"2517",1998-07-27,NA,NA,0,NA,NA,0,NA,NA,0,NA,NA
"2518",1998-07-28,NA,NA,0,NA,NA,0,NA,NA,0,NA,NA
"2519",1998-07-29,NA,NA,0,NA,NA,0,NA,NA,0,NA,NA
"2520",1998-07-30,NA,NA,0,NA,NA,0,NA,NA,0,NA,NA
"2521",1998-07-31,NA,NA,0,NA,NA,0,NA,NA,0,NA,NA
"2522",1998-08-01,NA,NA,0,NA,NA,0,NA,NA,0,NA,NA
"2523",1998-08-03,NA,NA,0,NA,NA,0,NA,NA,0,NA,NA
"2524",1998-08-04,NA,NA,0,NA,NA,0,NA,NA,0,NA,NA
"2525",1998-08-05,NA,NA,0,NA,NA,0,NA,NA,0,NA,NA
"2526",1998-08-06,NA,NA,0,NA,NA,0,NA,NA,0,NA,NA
"2527",1998-08-07,NA,NA,0,NA,NA,0,NA,NA,0,NA,NA
"2528",1998-08-08,NA,NA,0,NA,NA,0,NA,NA,0,NA,NA
"2529",1998-08-10,NA,NA,0,NA,NA,0,NA,NA,0,NA,NA
"2530",1998-08-11,NA,NA,0,NA,NA,0,NA,NA,0,NA,NA
"2531",1998-08-12,NA,NA,0,NA,NA,0,NA,NA,0,NA,NA
"2532",1998-08-13,NA,NA,0,NA,NA,0,NA,NA,0,NA,NA
"2533",1998-08-14,NA,NA,0,NA,NA,0,NA,NA,0,NA,NA
"2534",1998-08-17,NA,NA,0,NA,NA,0,NA,NA,0,NA,NA
"2535",1998-08-18,NA,NA,0,NA,NA,0,NA,NA,0,NA,NA
"2536",1998-08-19,NA,NA,0,NA,NA,0,NA,NA,0,NA,NA
"2537",1998-08-20,NA,NA,0,NA,NA,0,NA,NA,0,NA,NA
"2538",1998-08-21,NA,NA,0,NA,NA,0,NA,NA,0,NA,NA
"2539",1998-08-22,NA,NA,0,NA,NA,0,NA,NA,0,NA,NA
"2540",1998-08-24,NA,NA,0,NA,NA,0,NA,NA,0,NA,NA
"2541",1998-08-25,NA,NA,0,NA,NA,0,NA,NA,0,NA,NA
"2542",1998-08-26,NA,NA,0,NA,NA,0,NA,NA,0,NA,NA
"2543",1998-08-27,NA,NA,0,NA,NA,0,NA,NA,0,NA,NA
"2544",1998-08-28,NA,NA,0,NA,NA,0,NA,NA,0,NA,NA
"2545",1998-08-29,NA,NA,0,NA,NA,0,NA,NA,0,NA,NA
"2546",1998-08-31,NA,NA,0,NA,NA,0,NA,NA,0,NA,NA
"2547",1998-09-01,NA,NA,0,NA,NA,0,NA,NA,0,NA,NA
"2548",1998-09-02,NA,NA,0,NA,NA,0,NA,NA,0,NA,NA
"2549",1998-09-03,NA,NA,0,NA,NA,0,NA,NA,0,NA,NA
"2550",1998-09-04,NA,NA,0,NA,NA,0,NA,NA,0,NA,NA
"2551",1998-09-05,NA,NA,0,NA,NA,0,NA,NA,0,NA,NA
"2552",1998-09-07,NA,NA,0,NA,NA,0,NA,NA,0,NA,NA
"2553",1998-09-08,NA,NA,0,NA,NA,0,NA,NA,0,NA,NA
"2554",1998-09-09,NA,NA,0,NA,NA,0,NA,NA,0,NA,NA
"2555",1998-09-10,NA,NA,0,NA,NA,0,NA,NA,0,NA,NA
"2556",1998-09-11,NA,NA,0,NA,NA,0,NA,NA,0,NA,NA
"2557",1998-09-12,NA,NA,0,NA,NA,0,NA,NA,0,NA,NA
"2558",1998-09-14,NA,NA,0,NA,NA,0,NA,NA,0,NA,NA
"2559",1998-09-15,NA,NA,0,NA,NA,0,NA,NA,0,NA,NA
"2560",1998-09-16,NA,NA,0,NA,NA,0,NA,NA,0,NA,NA
"2561",1998-09-17,NA,NA,0,NA,NA,0,NA,NA,0,NA,NA
"2562",1998-09-18,NA,NA,0,NA,NA,0,NA,NA,0,NA,NA
"2563",1998-09-19,NA,NA,0,NA,NA,0,NA,NA,0,NA,NA
"2564",1998-09-21,NA,NA,0,NA,NA,0,NA,NA,0,NA,NA
"2565",1998-09-22,NA,NA,0,NA,NA,0,NA,NA,0,NA,NA
"2566",1998-09-23,NA,NA,0,NA,NA,0,NA,NA,0,NA,NA
"2567",1998-09-24,NA,NA,0,NA,NA,0,NA,NA,0,NA,NA
"2568",1998-09-25,NA,NA,0,NA,NA,0,NA,NA,0,NA,NA
"2569",1998-09-26,NA,NA,0,NA,NA,0,NA,NA,0,NA,NA
"2570",1998-09-28,NA,NA,0,NA,NA,0,NA,NA,0,NA,NA
"2571",1998-09-29,NA,NA,0,NA,NA,0,NA,NA,0,NA,NA
"2572",1998-09-30,NA,NA,0,NA,NA,0,NA,NA,0,NA,NA
"2573",1998-10-01,NA,NA,0,NA,NA,0,NA,NA,0,NA,NA
"2574",1998-10-02,NA,NA,0,NA,NA,0,NA,NA,0,NA,NA
"2575",1998-10-07,NA,NA,0,NA,NA,0,NA,NA,0,NA,NA
"2576",1998-10-08,NA,NA,0,NA,NA,0,NA,NA,0,NA,NA
"2577",1998-10-09,NA,NA,0,NA,NA,0,NA,NA,0,NA,NA
"2578",1998-10-10,NA,NA,0,NA,NA,0,NA,NA,0,NA,NA
"2579",1998-10-12,NA,NA,0,NA,NA,0,NA,NA,0,NA,NA
"2580",1998-10-13,NA,NA,0,NA,NA,0,NA,NA,0,NA,NA
"2581",1998-10-14,NA,NA,0,NA,NA,0,NA,NA,0,NA,NA
"2582",1998-10-15,NA,NA,0,NA,NA,0,NA,NA,0,NA,NA
"2583",1998-10-16,NA,NA,0,NA,NA,0,NA,NA,0,NA,NA
"2584",1998-10-17,NA,NA,0,NA,NA,0,NA,NA,0,NA,NA
"2585",1998-10-19,NA,NA,0,NA,NA,0,NA,NA,0,NA,NA
"2586",1998-10-20,NA,NA,0,NA,NA,0,NA,NA,0,NA,NA
"2587",1998-10-21,NA,NA,0,NA,NA,0,NA,NA,0,NA,NA
"2588",1998-10-22,NA,NA,0,NA,NA,0,NA,NA,0,NA,NA
"2589",1998-10-23,NA,NA,0,NA,NA,0,NA,NA,0,NA,NA
"2590",1998-10-24,NA,NA,0,NA,NA,0,NA,NA,0,NA,NA
"2591",1998-10-26,NA,NA,0,NA,NA,0,NA,NA,0,NA,NA
"2592",1998-10-27,NA,NA,0,NA,NA,0,NA,NA,0,NA,NA
"2593",1998-10-28,NA,NA,0,NA,NA,0,NA,NA,0,NA,NA
"2594",1998-10-29,NA,NA,0,NA,NA,0,NA,NA,0,NA,NA
"2595",1998-10-30,NA,NA,0,NA,NA,0,NA,NA,0,NA,NA
"2596",1998-10-31,NA,NA,0,NA,NA,0,NA,NA,0,NA,NA
"2597",1998-11-02,NA,NA,0,NA,NA,0,NA,NA,0,NA,NA
"2598",1998-11-03,NA,NA,0,NA,NA,0,NA,NA,0,NA,NA
"2599",1998-11-04,NA,NA,0,NA,NA,0,NA,NA,0,NA,NA
"2600",1998-11-05,NA,NA,0,NA,NA,0,NA,NA,0,NA,NA
"2601",1998-11-06,NA,NA,0,NA,NA,0,NA,NA,0,NA,NA
"2602",1998-11-07,NA,NA,0,NA,NA,0,NA,NA,0,NA,NA
"2603",1998-11-09,NA,NA,0,NA,NA,0,NA,NA,0,NA,NA
"2604",1998-11-10,NA,NA,0,NA,NA,0,NA,NA,0,NA,NA
"2605",1998-11-11,NA,NA,0,NA,NA,0,NA,NA,0,NA,NA
"2606",1998-11-12,NA,NA,0,NA,NA,0,NA,NA,0,NA,NA
"2607",1998-11-13,NA,NA,0,NA,NA,0,NA,NA,0,NA,NA
"2608",1998-11-14,NA,NA,0,NA,NA,0,NA,NA,0,NA,NA
"2609",1998-11-16,NA,NA,0,NA,NA,0,NA,NA,0,NA,NA
"2610",1998-11-17,NA,NA,0,NA,NA,0,NA,NA,0,NA,NA
"2611",1998-11-18,NA,NA,0,NA,NA,0,NA,NA,0,NA,NA
"2612",1998-11-19,NA,NA,0,NA,NA,0,NA,NA,0,NA,NA
"2613",1998-11-20,NA,NA,0,NA,NA,0,NA,NA,0,NA,NA
"2614",1998-11-21,NA,NA,0,NA,NA,0,NA,NA,0,NA,NA
"2615",1998-11-23,NA,NA,0,NA,NA,0,NA,NA,0,NA,NA
"2616",1998-11-24,NA,NA,0,NA,NA,0,NA,NA,0,NA,NA
"2617",1998-11-25,NA,NA,0,NA,NA,0,NA,NA,0,NA,NA
"2618",1998-11-26,NA,NA,0,NA,NA,0,NA,NA,0,NA,NA
"2619",1998-11-27,NA,NA,0,NA,NA,0,NA,NA,0,NA,NA
"2620",1998-11-28,NA,NA,0,NA,NA,0,NA,NA,0,NA,NA
"2621",1998-11-30,NA,NA,0,NA,NA,0,NA,NA,0,NA,NA
"2622",1998-12-01,NA,NA,0,NA,NA,0,NA,NA,0,NA,NA
"2623",1998-12-02,NA,NA,0,NA,NA,0,NA,NA,0,NA,NA
"2624",1998-12-03,NA,NA,0,NA,NA,0,NA,NA,0,NA,NA
"2625",1998-12-04,NA,NA,0,NA,NA,0,NA,NA,0,NA,NA
"2626",1998-12-05,NA,NA,0,NA,NA,0,NA,NA,0,NA,NA
"2627",1998-12-07,NA,NA,0,NA,NA,0,NA,NA,0,NA,NA
"2628",1998-12-08,NA,NA,0,NA,NA,0,NA,NA,0,NA,NA
"2629",1998-12-09,NA,NA,0,NA,NA,0,NA,NA,0,NA,NA
"2630",1998-12-10,NA,NA,0,NA,NA,0,NA,NA,0,NA,NA
"2631",1998-12-11,NA,NA,0,NA,NA,0,NA,NA,0,NA,NA
"2632",1998-12-14,NA,NA,0,NA,NA,0,NA,NA,0,NA,NA
"2633",1998-12-15,NA,NA,0,NA,NA,0,NA,NA,0,NA,NA
"2634",1998-12-16,NA,NA,0,NA,NA,0,NA,NA,0,NA,NA
"2635",1998-12-17,NA,NA,0,NA,NA,0,NA,NA,0,NA,NA
"2636",1998-12-18,NA,NA,0,NA,NA,0,NA,NA,0,NA,NA
"2637",1998-12-21,NA,NA,0,NA,NA,0,NA,NA,0,NA,NA
"2638",1998-12-22,NA,NA,0,NA,NA,0,NA,NA,0,NA,NA
"2639",1998-12-23,NA,NA,0,NA,NA,0,NA,NA,0,NA,NA
"2640",1998-12-24,NA,NA,0,NA,NA,0,NA,NA,0,NA,NA
"2641",1998-12-28,NA,NA,0,NA,NA,0,NA,NA,0,NA,NA
"2642",1999-01-04,NA,NA,0,NA,NA,0,NA,NA,0,NA,NA
"2643",1999-01-05,NA,NA,0,NA,NA,0,NA,NA,0,NA,NA
"2644",1999-01-06,NA,NA,0,NA,NA,0,NA,NA,0,NA,NA
"2645",1999-01-07,NA,NA,0,NA,NA,0,NA,NA,0,NA,NA
"2646",1999-01-08,NA,NA,0,NA,NA,0,NA,NA,0,NA,NA
"2647",1999-01-11,NA,NA,0,NA,NA,0,NA,NA,0,NA,NA
"2648",1999-01-12,NA,NA,0,NA,NA,0,NA,NA,0,NA,NA
"2649",1999-01-13,NA,NA,0,NA,NA,0,NA,NA,0,NA,NA
"2650",1999-01-14,NA,NA,0,NA,NA,0,NA,NA,0,NA,NA
"2651",1999-01-15,NA,NA,0,NA,NA,0,NA,NA,0,NA,NA
"2652",1999-01-18,NA,NA,0,NA,NA,0,NA,NA,0,NA,NA
"2653",1999-01-19,NA,NA,0,NA,NA,0,NA,NA,0,NA,NA
"2654",1999-01-20,NA,NA,0,NA,NA,0,NA,NA,0,NA,NA
"2655",1999-01-21,NA,NA,0,NA,NA,0,NA,NA,0,NA,NA
"2656",1999-01-22,NA,NA,0,NA,NA,0,NA,NA,0,NA,NA
"2657",1999-01-25,NA,NA,0,NA,NA,0,NA,NA,0,NA,NA
"2658",1999-01-26,NA,NA,0,NA,NA,0,NA,NA,0,NA,NA
"2659",1999-01-27,NA,NA,0,NA,NA,0,NA,NA,0,NA,NA
"2660",1999-01-28,NA,NA,0,NA,NA,0,NA,NA,0,NA,NA
"2661",1999-01-29,NA,NA,0,NA,NA,0,NA,NA,0,NA,NA
"2662",1999-02-01,NA,NA,0,NA,NA,0,NA,NA,0,NA,NA
"2663",1999-02-02,NA,NA,0,NA,NA,0,NA,NA,0,NA,NA
"2664",1999-02-03,NA,NA,0,NA,NA,0,NA,NA,0,NA,NA
"2665",1999-02-04,NA,NA,0,NA,NA,0,NA,NA,0,NA,NA
"2666",1999-02-05,NA,NA,0,NA,NA,0,NA,NA,0,NA,NA
"2667",1999-02-08,NA,NA,0,NA,NA,0,NA,NA,0,NA,NA
"2668",1999-02-09,NA,NA,0,NA,NA,0,NA,NA,0,NA,NA
"2669",1999-02-10,NA,NA,0,NA,NA,0,NA,NA,0,NA,NA
"2670",1999-02-11,NA,NA,0,NA,NA,0,NA,NA,0,NA,NA
"2671",1999-02-12,NA,NA,0,NA,NA,0,NA,NA,0,NA,NA
"2672",1999-02-18,NA,NA,0,NA,NA,0,NA,NA,0,NA,NA
"2673",1999-02-19,NA,NA,0,NA,NA,0,NA,NA,0,NA,NA
"2674",1999-02-22,NA,NA,0,NA,NA,0,NA,NA,0,NA,NA
"2675",1999-02-23,NA,NA,0,NA,NA,0,NA,NA,0,NA,NA
"2676",1999-02-24,NA,NA,0,NA,NA,0,NA,NA,0,NA,NA
"2677",1999-02-25,NA,NA,0,NA,NA,0,NA,NA,0,NA,NA
"2678",1999-02-26,NA,NA,0,NA,NA,0,NA,NA,0,NA,NA
"2679",1999-03-02,NA,NA,0,NA,NA,0,NA,NA,0,NA,NA
"2680",1999-03-03,NA,NA,0,NA,NA,0,NA,NA,0,NA,NA
"2681",1999-03-04,NA,NA,0,NA,NA,0,NA,NA,0,NA,NA
"2682",1999-03-05,NA,NA,0,NA,NA,0,NA,NA,0,NA,NA
"2683",1999-03-08,NA,NA,0,NA,NA,0,NA,NA,0,NA,NA
"2684",1999-03-09,NA,NA,0,NA,NA,0,NA,NA,0,NA,NA
"2685",1999-03-10,NA,NA,0,NA,NA,0,NA,NA,0,NA,NA
"2686",1999-03-11,NA,NA,0,NA,NA,0,NA,NA,0,NA,NA
"2687",1999-03-12,NA,NA,0,NA,NA,0,NA,NA,0,NA,NA
"2688",1999-03-15,NA,NA,0,NA,NA,0,NA,NA,0,NA,NA
"2689",1999-03-16,NA,NA,0,NA,NA,0,NA,NA,0,NA,NA
"2690",1999-03-17,NA,NA,0,NA,NA,0,NA,NA,0,NA,NA
"2691",1999-03-18,NA,NA,0,NA,NA,0,NA,NA,0,NA,NA
"2692",1999-03-19,NA,NA,0,NA,NA,0,NA,NA,0,NA,NA
"2693",1999-03-22,NA,NA,0,NA,NA,0,NA,NA,0,NA,NA
"2694",1999-03-23,NA,NA,0,NA,NA,0,NA,NA,0,NA,NA
"2695",1999-03-24,NA,NA,0,NA,NA,0,NA,NA,0,NA,NA
"2696",1999-03-25,NA,NA,0,NA,NA,0,NA,NA,0,NA,NA
"2697",1999-03-26,NA,NA,0,NA,NA,0,NA,NA,0,NA,NA
"2698",1999-03-29,NA,NA,0,NA,NA,0,NA,NA,0,NA,NA
"2699",1999-03-30,NA,NA,0,NA,NA,0,NA,NA,0,NA,NA
"2700",1999-03-31,NA,NA,0,NA,NA,0,NA,NA,0,NA,NA
"2701",1999-04-01,NA,NA,0,NA,NA,0,NA,NA,0,NA,NA
"2702",1999-04-02,NA,NA,0,NA,NA,0,NA,NA,0,NA,NA
"2703",1999-04-06,NA,NA,0,NA,NA,0,NA,NA,0,NA,NA
"2704",1999-04-07,NA,NA,0,NA,NA,0,NA,NA,0,NA,NA
"2705",1999-04-08,NA,NA,0,NA,NA,0,NA,NA,0,NA,NA
"2706",1999-04-09,NA,NA,0,NA,NA,0,NA,NA,0,NA,NA
"2707",1999-04-12,NA,NA,0,NA,NA,0,NA,NA,0,NA,NA
"2708",1999-04-13,NA,NA,0,NA,NA,0,NA,NA,0,NA,NA
"2709",1999-04-14,NA,NA,0,NA,NA,0,NA,NA,0,NA,NA
"2710",1999-04-15,NA,NA,0,NA,NA,0,NA,NA,0,NA,NA
"2711",1999-04-16,NA,NA,0,NA,NA,0,NA,NA,0,NA,NA
"2712",1999-04-19,NA,NA,0,NA,NA,0,NA,NA,0,NA,NA
"2713",1999-04-20,NA,NA,0,NA,NA,0,NA,NA,0,NA,NA
"2714",1999-04-21,NA,NA,0,NA,NA,0,NA,NA,0,NA,NA
"2715",1999-04-22,NA,NA,0,NA,NA,0,NA,NA,0,NA,NA
"2716",1999-04-23,NA,NA,0,NA,NA,0,NA,NA,0,NA,NA
"2717",1999-04-26,NA,NA,0,NA,NA,0,NA,NA,0,NA,NA
"2718",1999-04-27,NA,NA,0,NA,NA,0,NA,NA,0,NA,NA
"2719",1999-04-28,NA,NA,0,NA,NA,0,NA,NA,0,NA,NA
"2720",1999-04-29,NA,NA,0,NA,NA,0,NA,NA,0,NA,NA
"2721",1999-04-30,NA,NA,0,NA,NA,0,NA,NA,0,NA,NA
"2722",1999-05-03,NA,NA,0,NA,NA,0,NA,NA,0,NA,NA
"2723",1999-05-04,NA,NA,0,NA,NA,0,NA,NA,0,NA,NA
"2724",1999-05-06,NA,NA,0,NA,NA,0,NA,NA,0,NA,NA
"2725",1999-05-07,NA,NA,0,NA,NA,0,NA,NA,0,NA,NA
"2726",1999-05-10,NA,NA,0,NA,NA,0,NA,NA,0,NA,NA
"2727",1999-05-11,NA,NA,0,NA,NA,0,NA,NA,0,NA,NA
"2728",1999-05-12,NA,NA,0,NA,NA,0,NA,NA,0,NA,NA
"2729",1999-05-13,NA,NA,0,NA,NA,0,NA,NA,0,NA,NA
"2730",1999-05-14,NA,NA,0,NA,NA,0,NA,NA,0,NA,NA
"2731",1999-05-17,NA,NA,0,NA,NA,0,NA,NA,0,NA,NA
"2732",1999-05-18,NA,NA,0,NA,NA,0,NA,NA,0,NA,NA
"2733",1999-05-19,NA,NA,0,NA,NA,0,NA,NA,0,NA,NA
"2734",1999-05-20,NA,NA,0,NA,NA,0,NA,NA,0,NA,NA
"2735",1999-05-21,NA,NA,0,NA,NA,0,NA,NA,0,NA,NA
"2736",1999-05-24,NA,NA,0,NA,NA,0,NA,NA,0,NA,NA
"2737",1999-05-25,NA,NA,0,NA,NA,0,NA,NA,0,NA,NA
"2738",1999-05-26,NA,NA,0,NA,NA,0,NA,NA,0,NA,NA
"2739",1999-05-27,NA,NA,0,NA,NA,0,NA,NA,0,NA,NA
"2740",1999-05-28,NA,NA,0,NA,NA,0,NA,NA,0,NA,NA
"2741",1999-05-31,NA,NA,0,NA,NA,0,NA,NA,0,NA,NA
"2742",1999-06-01,NA,NA,0,NA,NA,0,NA,NA,0,NA,NA
"2743",1999-06-02,NA,NA,0,NA,NA,0,NA,NA,0,NA,NA
"2744",1999-06-03,NA,NA,0,NA,NA,0,NA,NA,0,NA,NA
"2745",1999-06-04,NA,NA,0,NA,NA,0,NA,NA,0,NA,NA
"2746",1999-06-07,NA,NA,0,NA,NA,0,NA,NA,0,NA,NA
"2747",1999-06-08,NA,NA,0,NA,NA,0,NA,NA,0,NA,NA
"2748",1999-06-09,NA,NA,0,NA,NA,0,NA,NA,0,NA,NA
"2749",1999-06-10,NA,NA,0,NA,NA,0,NA,NA,0,NA,NA
"2750",1999-06-11,NA,NA,0,NA,NA,0,NA,NA,0,NA,NA
"2751",1999-06-14,NA,NA,0,NA,NA,0,NA,NA,0,NA,NA
"2752",1999-06-15,NA,NA,0,NA,NA,0,NA,NA,0,NA,NA
"2753",1999-06-16,NA,NA,0,NA,NA,0,NA,NA,0,NA,NA
"2754",1999-06-17,NA,NA,0,NA,NA,0,NA,NA,0,NA,NA
"2755",1999-06-18,NA,NA,0,NA,NA,0,NA,NA,0,NA,NA
"2756",1999-06-21,NA,NA,0,NA,NA,0,NA,NA,0,NA,NA
"2757",1999-06-22,NA,NA,0,NA,NA,0,NA,NA,0,NA,NA
"2758",1999-06-23,NA,NA,0,NA,NA,0,NA,NA,0,NA,NA
"2759",1999-06-24,NA,NA,0,NA,NA,0,NA,NA,0,NA,NA
"2760",1999-06-25,NA,NA,0,NA,NA,0,NA,NA,0,NA,NA
"2761",1999-06-28,NA,NA,0,NA,NA,0,NA,NA,0,NA,NA
"2762",1999-06-29,NA,NA,0,NA,NA,0,NA,NA,0,NA,NA
"2763",1999-06-30,NA,NA,0,NA,NA,0,NA,NA,0,NA,NA
"2764",1999-07-01,NA,NA,0,NA,NA,0,NA,NA,0,NA,NA
"2765",1999-07-02,NA,NA,0,NA,NA,0,NA,NA,0,NA,NA
"2766",1999-07-05,NA,NA,0,NA,NA,0,NA,NA,0,NA,NA
"2767",1999-07-06,NA,NA,0,NA,NA,0,NA,NA,0,NA,NA
"2768",1999-07-07,NA,NA,0,NA,NA,0,NA,NA,0,NA,NA
"2769",1999-07-08,NA,NA,0,NA,NA,0,NA,NA,0,NA,NA
"2770",1999-07-09,NA,NA,0,NA,NA,0,NA,NA,0,NA,NA
"2771",1999-07-12,NA,NA,0,NA,NA,0,NA,NA,0,NA,NA
"2772",1999-07-13,NA,NA,0,NA,NA,0,NA,NA,0,NA,NA
"2773",1999-07-14,NA,NA,0,NA,NA,0,NA,NA,0,NA,NA
"2774",1999-07-15,NA,NA,0,NA,NA,0,NA,NA,0,NA,NA
"2775",1999-07-16,NA,NA,0,NA,NA,0,NA,NA,0,NA,NA
"2776",1999-07-19,NA,NA,0,NA,NA,0,NA,NA,0,NA,NA
"2777",1999-07-20,NA,NA,0,NA,NA,0,NA,NA,0,NA,NA
"2778",1999-07-21,NA,NA,0,NA,NA,0,NA,NA,0,NA,NA
"2779",1999-07-22,NA,NA,0,NA,NA,0,NA,NA,0,NA,NA
"2780",1999-07-23,NA,NA,0,NA,NA,0,NA,NA,0,NA,NA
"2781",1999-07-26,NA,NA,0,NA,NA,0,NA,NA,0,NA,NA
"2782",1999-07-27,NA,NA,0,NA,NA,0,NA,NA,0,NA,NA
"2783",1999-07-28,NA,NA,0,NA,NA,0,NA,NA,0,NA,NA
"2784",1999-07-29,NA,NA,0,NA,NA,0,NA,NA,0,NA,NA
"2785",1999-07-30,NA,NA,0,NA,NA,0,NA,NA,0,NA,NA
"2786",1999-08-02,NA,NA,0,NA,NA,0,NA,NA,0,NA,NA
"2787",1999-08-03,NA,NA,0,NA,NA,0,NA,NA,0,NA,NA
"2788",1999-08-04,NA,NA,0,NA,NA,0,NA,NA,0,NA,NA
"2789",1999-08-05,NA,NA,0,NA,NA,0,NA,NA,0,NA,NA
"2790",1999-08-06,NA,NA,0,NA,NA,0,NA,NA,0,NA,NA
"2791",1999-08-09,NA,NA,0,NA,NA,0,NA,NA,0,NA,NA
"2792",1999-08-10,NA,NA,0,NA,NA,0,NA,NA,0,NA,NA
"2793",1999-08-11,NA,NA,0,NA,NA,0,NA,NA,0,NA,NA
"2794",1999-08-12,NA,NA,0,NA,NA,0,NA,NA,0,NA,NA
"2795",1999-08-13,NA,NA,0,NA,NA,0,NA,NA,0,NA,NA
"2796",1999-08-16,NA,NA,0,NA,NA,0,NA,NA,0,NA,NA
"2797",1999-08-17,NA,NA,0,NA,NA,0,NA,NA,0,NA,NA
"2798",1999-08-18,NA,NA,0,NA,NA,0,NA,NA,0,NA,NA
"2799",1999-08-19,NA,NA,0,NA,NA,0,NA,NA,0,NA,NA
"2800",1999-08-20,NA,NA,0,NA,NA,0,NA,NA,0,NA,NA
"2801",1999-08-23,NA,NA,0,NA,NA,0,NA,NA,0,NA,NA
"2802",1999-08-24,NA,NA,0,NA,NA,0,NA,NA,0,NA,NA
"2803",1999-08-25,NA,NA,0,NA,NA,0,NA,NA,0,NA,NA
"2804",1999-08-26,NA,NA,0,NA,NA,0,NA,NA,0,NA,NA
"2805",1999-08-27,NA,NA,0,NA,NA,0,NA,NA,0,NA,NA
"2806",1999-08-30,NA,NA,0,NA,NA,0,NA,NA,0,NA,NA
"2807",1999-08-31,NA,NA,0,NA,NA,0,NA,NA,0,NA,NA
"2808",1999-09-01,NA,NA,0,NA,NA,0,NA,NA,0,NA,NA
"2809",1999-09-02,NA,NA,0,NA,NA,0,NA,NA,0,NA,NA
"2810",1999-09-03,NA,NA,0,NA,NA,0,NA,NA,0,NA,NA
"2811",1999-09-06,NA,NA,0,NA,NA,0,NA,NA,0,NA,NA
"2812",1999-09-07,NA,NA,0,NA,NA,0,NA,NA,0,NA,NA
"2813",1999-09-08,NA,NA,0,NA,NA,0,NA,NA,0,NA,NA
"2814",1999-09-09,NA,NA,0,NA,NA,0,NA,NA,0,NA,NA
"2815",1999-09-10,NA,NA,0,NA,NA,0,NA,NA,0,NA,NA
"2816",1999-09-13,NA,NA,0,NA,NA,0,NA,NA,0,NA,NA
"2817",1999-09-14,NA,NA,0,NA,NA,0,NA,NA,0,NA,NA
"2818",1999-09-15,NA,NA,0,NA,NA,0,NA,NA,0,NA,NA
"2819",1999-09-16,NA,NA,0,NA,NA,0,NA,NA,0,NA,NA
"2820",1999-09-17,NA,NA,0,NA,NA,0,NA,NA,0,NA,NA
"2821",1999-09-20,NA,NA,0,NA,NA,0,NA,NA,0,NA,NA
"2822",1999-09-21,NA,NA,0,NA,NA,0,NA,NA,0,NA,NA
"2823",1999-09-22,NA,NA,0,NA,NA,0,NA,NA,0,NA,NA
"2824",1999-09-27,NA,NA,0,NA,NA,0,NA,NA,0,NA,NA
"2825",1999-09-28,NA,NA,0,NA,NA,0,NA,NA,0,NA,NA
"2826",1999-09-29,NA,NA,0,NA,NA,0,NA,NA,0,NA,NA
"2827",1999-09-30,NA,NA,0,NA,NA,0,NA,NA,0,NA,NA
"2828",1999-10-01,NA,NA,0,NA,NA,0,NA,NA,0,NA,NA
"2829",1999-10-04,NA,NA,0,NA,NA,0,NA,NA,0,NA,NA
"2830",1999-10-05,NA,NA,0,NA,NA,0,NA,NA,0,NA,NA
"2831",1999-10-06,NA,NA,0,NA,NA,0,NA,NA,0,NA,NA
"2832",1999-10-07,NA,NA,0,NA,NA,0,NA,NA,0,NA,NA
"2833",1999-10-08,NA,NA,0,NA,NA,0,NA,NA,0,NA,NA
"2834",1999-10-11,NA,NA,0,NA,NA,0,NA,NA,0,NA,NA
"2835",1999-10-12,NA,NA,0,NA,NA,0,NA,NA,0,NA,NA
"2836",1999-10-13,NA,NA,0,NA,NA,0,NA,NA,0,NA,NA
"2837",1999-10-14,NA,NA,0,NA,NA,0,NA,NA,0,NA,NA
"2838",1999-10-15,NA,NA,0,NA,NA,0,NA,NA,0,NA,NA
"2839",1999-10-18,NA,NA,0,NA,NA,0,NA,NA,0,NA,NA
"2840",1999-10-19,NA,NA,0,NA,NA,0,NA,NA,0,NA,NA
"2841",1999-10-20,NA,NA,0,NA,NA,0,NA,NA,0,NA,NA
"2842",1999-10-21,NA,NA,0,NA,NA,0,NA,NA,0,NA,NA
"2843",1999-10-22,NA,NA,0,NA,NA,0,NA,NA,0,NA,NA
"2844",1999-10-25,NA,NA,0,NA,NA,0,NA,NA,0,NA,NA
"2845",1999-10-26,NA,NA,0,NA,NA,0,NA,NA,0,NA,NA
"2846",1999-10-27,NA,NA,0,NA,NA,0,NA,NA,0,NA,NA
"2847",1999-10-28,NA,NA,0,NA,NA,0,NA,NA,0,NA,NA
"2848",1999-10-29,NA,NA,0,NA,NA,0,NA,NA,0,NA,NA
"2849",1999-11-01,NA,NA,0,NA,NA,0,NA,NA,0,NA,NA
"2850",1999-11-02,NA,NA,0,NA,NA,0,NA,NA,0,NA,NA
"2851",1999-11-03,NA,NA,0,NA,NA,0,NA,NA,0,NA,NA
"2852",1999-11-04,NA,NA,0,NA,NA,0,NA,NA,0,NA,NA
"2853",1999-11-05,NA,NA,0,NA,NA,0,NA,NA,0,NA,NA
"2854",1999-11-08,NA,NA,0,NA,NA,0,NA,NA,0,NA,NA
"2855",1999-11-09,NA,NA,0,NA,NA,0,NA,NA,0,NA,NA
"2856",1999-11-10,NA,NA,0,NA,NA,0,NA,NA,0,NA,NA
"2857",1999-11-11,NA,NA,0,NA,NA,0,NA,NA,0,NA,NA
"2858",1999-11-12,NA,NA,0,NA,NA,0,NA,NA,0,NA,NA
"2859",1999-11-15,NA,NA,0,NA,NA,0,NA,NA,0,NA,NA
"2860",1999-11-16,NA,NA,0,NA,NA,0,NA,NA,0,NA,NA
"2861",1999-11-17,NA,NA,0,NA,NA,0,NA,NA,0,NA,NA
"2862",1999-11-18,NA,NA,0,NA,NA,0,NA,NA,0,NA,NA
"2863",1999-11-19,NA,NA,0,NA,NA,0,NA,NA,0,NA,NA
"2864",1999-11-22,NA,NA,0,NA,NA,0,NA,NA,0,NA,NA
"2865",1999-11-23,NA,NA,0,NA,NA,0,NA,NA,0,NA,NA
"2866",1999-11-24,NA,NA,0,NA,NA,0,NA,NA,0,NA,NA
"2867",1999-11-25,NA,NA,0,NA,NA,0,NA,NA,0,NA,NA
"2868",1999-11-26,NA,NA,0,NA,NA,0,NA,NA,0,NA,NA
"2869",1999-11-29,NA,NA,0,NA,NA,0,NA,NA,0,NA,NA
"2870",1999-11-30,NA,NA,0,NA,NA,0,NA,NA,0,NA,NA
"2871",1999-12-01,NA,NA,0,NA,NA,0,NA,NA,0,NA,NA
"2872",1999-12-02,NA,NA,0,NA,NA,0,NA,NA,0,NA,NA
"2873",1999-12-03,NA,NA,0,NA,NA,0,NA,NA,0,NA,NA
"2874",1999-12-06,NA,NA,0,NA,NA,0,NA,NA,0,NA,NA
"2875",1999-12-07,NA,NA,0,NA,NA,0,NA,NA,0,NA,NA
"2876",1999-12-08,NA,NA,0,NA,NA,0,NA,NA,0,NA,NA
"2877",1999-12-09,NA,NA,0,NA,NA,0,NA,NA,0,NA,NA
"2878",1999-12-10,NA,NA,0,NA,NA,0,NA,NA,0,NA,NA
"2879",1999-12-13,NA,NA,0,NA,NA,0,NA,NA,0,NA,NA
"2880",1999-12-14,NA,NA,0,NA,NA,0,NA,NA,0,NA,NA
"2881",1999-12-15,NA,NA,0,NA,NA,0,NA,NA,0,NA,NA
"2882",1999-12-16,NA,NA,0,NA,NA,0,NA,NA,0,NA,NA
"2883",1999-12-17,NA,NA,0,NA,NA,0,NA,NA,0,NA,NA
"2884",1999-12-20,NA,NA,0,NA,NA,0,NA,NA,0,NA,NA
"2885",1999-12-21,NA,NA,0,NA,NA,0,NA,NA,0,NA,NA
"2886",1999-12-22,NA,NA,0,NA,NA,0,NA,NA,0,NA,NA
"2887",1999-12-23,NA,NA,0,NA,NA,0,NA,NA,0,NA,NA
"2888",1999-12-24,NA,NA,0,NA,NA,0,NA,NA,0,NA,NA
"2889",1999-12-27,NA,NA,0,NA,NA,0,NA,NA,0,NA,NA
"2890",1999-12-28,NA,NA,0,NA,NA,0,NA,NA,0,NA,NA
"2891",2000-01-04,NA,NA,0,NA,NA,0,NA,NA,0,NA,NA
"2892",2000-01-05,NA,NA,0,NA,NA,0,NA,NA,0,NA,NA
"2893",2000-01-06,NA,NA,0,NA,NA,0,NA,NA,0,NA,NA
"2894",2000-01-07,NA,NA,0,NA,NA,0,NA,NA,0,NA,NA
"2895",2000-01-10,NA,NA,0,NA,NA,0,NA,NA,0,NA,NA
"2896",2000-01-11,NA,NA,0,NA,NA,0,NA,NA,0,NA,NA
"2897",2000-01-12,NA,NA,0,NA,NA,0,NA,NA,0,NA,NA
"2898",2000-01-13,NA,NA,0,NA,NA,0,NA,NA,0,NA,NA
"2899",2000-01-14,NA,NA,0,NA,NA,0,NA,NA,0,NA,NA
"2900",2000-01-17,NA,NA,0,NA,NA,0,NA,NA,0,NA,NA
"2901",2000-01-18,NA,NA,0,NA,NA,0,NA,NA,0,NA,NA
"2902",2000-01-19,NA,NA,0,NA,NA,0,NA,NA,0,NA,NA
"2903",2000-01-20,NA,NA,0,NA,NA,0,NA,NA,0,NA,NA
"2904",2000-01-21,NA,NA,0,NA,NA,0,NA,NA,0,NA,NA
"2905",2000-01-24,NA,NA,0,NA,NA,0,NA,NA,0,NA,NA
"2906",2000-01-25,NA,NA,0,NA,NA,0,NA,NA,0,NA,NA
"2907",2000-01-26,NA,NA,0,NA,NA,0,NA,NA,0,NA,NA
"2908",2000-01-27,NA,NA,0,NA,NA,0,NA,NA,0,NA,NA
"2909",2000-01-28,NA,NA,0,NA,NA,0,NA,NA,0,NA,NA
"2910",2000-01-31,NA,NA,0,NA,NA,0,NA,NA,0,NA,NA
"2911",2000-02-01,NA,NA,0,NA,NA,0,NA,NA,0,NA,NA
"2912",2000-02-02,NA,NA,0,NA,NA,0,NA,NA,0,NA,NA
"2913",2000-02-03,NA,NA,0,NA,NA,0,NA,NA,0,NA,NA
"2914",2000-02-07,NA,NA,0,NA,NA,0,NA,NA,0,NA,NA
"2915",2000-02-08,NA,NA,0,NA,NA,0,NA,NA,0,NA,NA
"2916",2000-02-09,NA,NA,0,NA,NA,0,NA,NA,0,NA,NA
"2917",2000-02-10,NA,NA,0,NA,NA,0,NA,NA,0,NA,NA
"2918",2000-02-11,NA,NA,0,NA,NA,0,NA,NA,0,NA,NA
"2919",2000-02-14,NA,NA,0,NA,NA,0,NA,NA,0,NA,NA
"2920",2000-02-15,NA,NA,0,NA,NA,0,NA,NA,0,NA,NA
"2921",2000-02-16,NA,NA,0,NA,NA,0,NA,NA,0,NA,NA
"2922",2000-02-17,NA,NA,0,NA,NA,0,NA,NA,0,NA,NA
"2923",2000-02-18,NA,NA,0,NA,NA,0,NA,NA,0,NA,NA
"2924",2000-02-21,NA,NA,0,NA,NA,0,NA,NA,0,NA,NA
"2925",2000-02-22,NA,NA,0,NA,NA,0,NA,NA,0,NA,NA
"2926",2000-02-23,NA,NA,0,NA,NA,0,NA,NA,0,NA,NA
"2927",2000-02-24,NA,NA,0,NA,NA,0,NA,NA,0,NA,NA
"2928",2000-02-25,NA,NA,0,NA,NA,0,NA,NA,0,NA,NA
"2929",2000-02-28,NA,NA,0,NA,NA,0,NA,NA,0,NA,NA
"2930",2000-02-29,NA,NA,0,NA,NA,0,NA,NA,0,NA,NA
"2931",2000-03-02,NA,NA,0,NA,NA,0,NA,NA,0,NA,NA
"2932",2000-03-03,NA,NA,0,NA,NA,0,NA,NA,0,NA,NA
"2933",2000-03-06,NA,NA,0,NA,NA,0,NA,NA,0,NA,NA
"2934",2000-03-07,NA,NA,0,NA,NA,0,NA,NA,0,NA,NA
"2935",2000-03-08,NA,NA,0,NA,NA,0,NA,NA,0,NA,NA
"2936",2000-03-09,NA,NA,0,NA,NA,0,NA,NA,0,NA,NA
"2937",2000-03-10,NA,NA,0,NA,NA,0,NA,NA,0,NA,NA
"2938",2000-03-13,NA,NA,0,NA,NA,0,NA,NA,0,NA,NA
"2939",2000-03-14,NA,NA,0,NA,NA,0,NA,NA,0,NA,NA
"2940",2000-03-15,NA,NA,0,NA,NA,0,NA,NA,0,NA,NA
"2941",2000-03-16,NA,NA,0,NA,NA,0,NA,NA,0,NA,NA
"2942",2000-03-17,NA,NA,0,NA,NA,0,NA,NA,0,NA,NA
"2943",2000-03-20,NA,NA,0,NA,NA,0,NA,NA,0,NA,NA
"2944",2000-03-21,NA,NA,0,NA,NA,0,NA,NA,0,NA,NA
"2945",2000-03-22,NA,NA,0,NA,NA,0,NA,NA,0,NA,NA
"2946",2000-03-23,NA,NA,0,NA,NA,0,NA,NA,0,NA,NA
"2947",2000-03-24,NA,NA,0,NA,NA,0,NA,NA,0,NA,NA
"2948",2000-03-27,NA,NA,0,NA,NA,0,NA,NA,0,NA,NA
"2949",2000-03-28,NA,NA,0,NA,NA,0,NA,NA,0,NA,NA
"2950",2000-03-29,NA,NA,0,NA,NA,0,NA,NA,0,NA,NA
"2951",2000-03-30,NA,NA,0,NA,NA,0,NA,NA,0,NA,NA
"2952",2000-03-31,NA,NA,0,NA,NA,0,NA,NA,0,NA,NA
"2953",2000-04-03,NA,NA,0,NA,NA,0,NA,NA,0,NA,NA
"2954",2000-04-04,NA,NA,0,NA,NA,0,NA,NA,0,NA,NA
"2955",2000-04-06,NA,NA,0,NA,NA,0,NA,NA,0,NA,NA
"2956",2000-04-07,NA,NA,0,NA,NA,0,NA,NA,0,NA,NA
"2957",2000-04-10,NA,NA,0,NA,NA,0,NA,NA,0,NA,NA
"2958",2000-04-11,NA,NA,0,NA,NA,0,NA,NA,0,NA,NA
"2959",2000-04-12,NA,NA,0,NA,NA,0,NA,NA,0,NA,NA
"2960",2000-04-14,NA,NA,0,NA,NA,0,NA,NA,0,NA,NA
"2961",2000-04-17,NA,NA,0,NA,NA,0,NA,NA,0,NA,NA
"2962",2000-04-18,NA,NA,0,NA,NA,0,NA,NA,0,NA,NA
"2963",2000-04-19,NA,NA,0,NA,NA,0,NA,NA,0,NA,NA
"2964",2000-04-20,NA,NA,0,NA,NA,0,NA,NA,0,NA,NA
"2965",2000-04-21,NA,NA,0,NA,NA,0,NA,NA,0,NA,NA
"2966",2000-04-24,NA,NA,0,NA,NA,0,NA,NA,0,NA,NA
"2967",2000-04-25,NA,NA,0,NA,NA,0,NA,NA,0,NA,NA
"2968",2000-04-26,NA,NA,0,NA,NA,0,NA,NA,0,NA,NA
"2969",2000-04-27,NA,NA,0,NA,NA,0,NA,NA,0,NA,NA
"2970",2000-04-28,NA,NA,0,NA,NA,0,NA,NA,0,NA,NA
"2971",2000-05-02,NA,NA,0,NA,NA,0,NA,NA,0,NA,NA
"2972",2000-05-03,NA,NA,0,NA,NA,0,NA,NA,0,NA,NA
"2973",2000-05-04,NA,NA,0,NA,NA,0,NA,NA,0,NA,NA
"2974",2000-05-08,NA,NA,0,NA,NA,0,NA,NA,0,NA,NA
"2975",2000-05-09,NA,NA,0,NA,NA,0,NA,NA,0,NA,NA
"2976",2000-05-10,NA,NA,0,NA,NA,0,NA,NA,0,NA,NA
"2977",2000-05-12,NA,NA,0,NA,NA,0,NA,NA,0,NA,NA
"2978",2000-05-15,NA,NA,0,NA,NA,0,NA,NA,0,NA,NA
"2979",2000-05-16,NA,NA,0,NA,NA,0,NA,NA,0,NA,NA
"2980",2000-05-17,NA,NA,0,NA,NA,0,NA,NA,0,NA,NA
"2981",2000-05-18,NA,NA,0,NA,NA,0,NA,NA,0,NA,NA
"2982",2000-05-19,NA,NA,0,NA,NA,0,NA,NA,0,NA,NA
"2983",2000-05-22,NA,NA,0,NA,NA,0,NA,NA,0,NA,NA
"2984",2000-05-23,NA,NA,0,NA,NA,0,NA,NA,0,NA,NA
"2985",2000-05-24,NA,NA,0,NA,NA,0,NA,NA,0,NA,NA
"2986",2000-05-25,NA,NA,0,NA,NA,0,NA,NA,0,NA,NA
"2987",2000-05-26,NA,NA,0,NA,NA,0,NA,NA,0,NA,NA
"2988",2000-05-29,NA,NA,0,NA,NA,0,NA,NA,0,NA,NA
"2989",2000-05-30,NA,NA,0,NA,NA,0,NA,NA,0,NA,NA
"2990",2000-05-31,NA,NA,0,NA,NA,0,NA,NA,0,NA,NA
"2991",2000-06-01,NA,NA,0,NA,NA,0,NA,NA,0,NA,NA
"2992",2000-06-02,NA,NA,0,NA,NA,0,NA,NA,0,NA,NA
"2993",2000-06-05,NA,NA,0,NA,NA,0,NA,NA,0,NA,NA
"2994",2000-06-07,NA,NA,0,NA,NA,0,NA,NA,0,NA,NA
"2995",2000-06-08,NA,NA,0,NA,NA,0,NA,NA,0,NA,NA
"2996",2000-06-09,NA,NA,0,NA,NA,0,NA,NA,0,NA,NA
"2997",2000-06-12,NA,NA,0,NA,NA,0,NA,NA,0,NA,NA
"2998",2000-06-13,NA,NA,0,NA,NA,0,NA,NA,0,NA,NA
"2999",2000-06-14,NA,NA,0,NA,NA,0,NA,NA,0,NA,NA
"3000",2000-06-15,NA,NA,0,NA,NA,0,NA,NA,0,NA,NA
"3001",2000-06-16,NA,NA,0,NA,NA,0,NA,NA,0,NA,NA
"3002",2000-06-19,NA,NA,0,NA,NA,0,NA,NA,0,NA,NA
"3003",2000-06-20,NA,NA,0,NA,NA,0,NA,NA,0,NA,NA
"3004",2000-06-21,NA,NA,0,NA,NA,0,NA,NA,0,NA,NA
"3005",2000-06-22,NA,NA,0,NA,NA,0,NA,NA,0,NA,NA
"3006",2000-06-23,NA,NA,0,NA,NA,0,NA,NA,0,NA,NA
"3007",2000-06-26,NA,NA,0,NA,NA,0,NA,NA,0,NA,NA
"3008",2000-06-27,NA,NA,0,NA,NA,0,NA,NA,0,NA,NA
"3009",2000-06-28,NA,NA,0,NA,NA,0,NA,NA,0,NA,NA
"3010",2000-06-29,NA,NA,0,NA,NA,0,NA,NA,0,NA,NA
"3011",2000-06-30,NA,NA,0,NA,NA,0,NA,NA,0,NA,NA
"3012",2000-07-03,NA,NA,0,NA,NA,0,NA,NA,0,NA,NA
"3013",2000-07-04,NA,NA,0,NA,NA,0,NA,NA,0,NA,NA
"3014",2000-07-05,NA,NA,0,NA,NA,0,NA,NA,0,NA,NA
"3015",2000-07-06,NA,NA,0,NA,NA,0,NA,NA,0,NA,NA
"3016",2000-07-07,NA,NA,0,NA,NA,0,NA,NA,0,NA,NA
"3017",2000-07-10,NA,NA,0,NA,NA,0,NA,NA,0,NA,NA
"3018",2000-07-11,NA,NA,0,NA,NA,0,NA,NA,0,NA,NA
"3019",2000-07-12,NA,NA,0,NA,NA,0,NA,NA,0,NA,NA
"3020",2000-07-13,NA,NA,0,NA,NA,0,NA,NA,0,NA,NA
"3021",2000-07-14,NA,NA,0,NA,NA,0,NA,NA,0,NA,NA
"3022",2000-07-18,NA,NA,0,NA,NA,0,NA,NA,0,NA,NA
"3023",2000-07-19,NA,NA,0,NA,NA,0,NA,NA,0,NA,NA
"3024",2000-07-20,NA,NA,0,NA,NA,0,NA,NA,0,NA,NA
"3025",2000-07-21,NA,NA,0,NA,NA,0,NA,NA,0,NA,NA
"3026",2000-07-24,NA,NA,0,NA,NA,0,NA,NA,0,NA,NA
"3027",2000-07-25,NA,NA,0,NA,NA,0,NA,NA,0,NA,NA
"3028",2000-07-26,NA,NA,0,NA,NA,0,NA,NA,0,NA,NA
"3029",2000-07-27,NA,NA,0,NA,NA,0,NA,NA,0,NA,NA
"3030",2000-07-28,NA,NA,0,NA,NA,0,NA,NA,0,NA,NA
"3031",2000-07-31,NA,NA,0,NA,NA,0,NA,NA,0,NA,NA
"3032",2000-08-01,NA,NA,0,NA,NA,0,NA,NA,0,NA,NA
"3033",2000-08-02,NA,NA,0,NA,NA,0,NA,NA,0,NA,NA
"3034",2000-08-03,NA,NA,0,NA,NA,0,NA,NA,0,NA,NA
"3035",2000-08-04,NA,NA,0,NA,NA,0,NA,NA,0,NA,NA
"3036",2000-08-07,NA,NA,0,NA,NA,0,NA,NA,0,NA,NA
"3037",2000-08-08,NA,NA,0,NA,NA,0,NA,NA,0,NA,NA
"3038",2000-08-09,NA,NA,0,NA,NA,0,NA,NA,0,NA,NA
"3039",2000-08-10,NA,NA,0,NA,NA,0,NA,NA,0,NA,NA
"3040",2000-08-11,NA,NA,0,NA,NA,0,NA,NA,0,NA,NA
"3041",2000-08-14,NA,NA,0,NA,NA,0,NA,NA,0,NA,NA
"3042",2000-08-16,NA,NA,0,NA,NA,0,NA,NA,0,NA,NA
"3043",2000-08-17,NA,NA,0,NA,NA,0,NA,NA,0,NA,NA
"3044",2000-08-18,NA,NA,0,NA,NA,0,NA,NA,0,NA,NA
"3045",2000-08-21,NA,NA,0,NA,NA,0,NA,NA,0,NA,NA
"3046",2000-08-22,NA,NA,0,NA,NA,0,NA,NA,0,NA,NA
"3047",2000-08-23,NA,NA,0,NA,NA,0,NA,NA,0,NA,NA
"3048",2000-08-24,NA,NA,0,NA,NA,0,NA,NA,0,NA,NA
"3049",2000-08-25,NA,NA,0,NA,NA,0,NA,NA,0,NA,NA
"3050",2000-08-28,NA,NA,0,NA,NA,0,NA,NA,0,NA,NA
"3051",2000-08-29,NA,NA,0,NA,NA,0,NA,NA,0,NA,NA
"3052",2000-08-30,NA,NA,0,NA,NA,0,NA,NA,0,NA,NA
"3053",2000-08-31,NA,NA,0,NA,NA,0,NA,NA,0,NA,NA
"3054",2000-09-01,NA,NA,0,NA,NA,0,NA,NA,0,NA,NA
"3055",2000-09-04,NA,NA,0,NA,NA,0,NA,NA,0,NA,NA
"3056",2000-09-05,NA,NA,0,NA,NA,0,NA,NA,0,NA,NA
"3057",2000-09-06,NA,NA,0,NA,NA,0,NA,NA,0,NA,NA
"3058",2000-09-07,NA,NA,0,NA,NA,0,NA,NA,0,NA,NA
"3059",2000-09-08,NA,NA,0,NA,NA,0,NA,NA,0,NA,NA
"3060",2000-09-14,NA,NA,0,NA,NA,0,NA,NA,0,NA,NA
"3061",2000-09-15,NA,NA,0,NA,NA,0,NA,NA,0,NA,NA
"3062",2000-09-18,NA,NA,0,NA,NA,0,NA,NA,0,NA,NA
"3063",2000-09-19,NA,NA,0,NA,NA,0,NA,NA,0,NA,NA
"3064",2000-09-20,NA,NA,0,NA,NA,0,NA,NA,0,NA,NA
"3065",2000-09-21,NA,NA,0,NA,NA,0,NA,NA,0,NA,NA
"3066",2000-09-22,NA,NA,0,NA,NA,0,NA,NA,0,NA,NA
"3067",2000-09-25,NA,NA,0,NA,NA,0,NA,NA,0,NA,NA
"3068",2000-09-26,NA,NA,0,NA,NA,0,NA,NA,0,NA,NA
"3069",2000-09-27,NA,NA,0,NA,NA,0,NA,NA,0,NA,NA
"3070",2000-09-28,NA,NA,0,NA,NA,0,NA,NA,0,NA,NA
"3071",2000-09-29,NA,NA,0,NA,NA,0,NA,NA,0,NA,NA
"3072",2000-10-02,NA,NA,0,NA,NA,0,NA,NA,0,NA,NA
"3073",2000-10-04,NA,NA,0,NA,NA,0,NA,NA,0,NA,NA
"3074",2000-10-05,NA,NA,0,NA,NA,0,NA,NA,0,NA,NA
"3075",2000-10-06,NA,NA,0,NA,NA,0,NA,NA,0,NA,NA
"3076",2000-10-09,NA,NA,0,NA,NA,0,NA,NA,0,NA,NA
"3077",2000-10-10,NA,NA,0,NA,NA,0,NA,NA,0,NA,NA
"3078",2000-10-11,NA,NA,0,NA,NA,0,NA,NA,0,NA,NA
"3079",2000-10-12,NA,NA,0,NA,NA,0,NA,NA,0,NA,NA
"3080",2000-10-13,NA,NA,0,NA,NA,0,NA,NA,0,NA,NA
"3081",2000-10-16,NA,NA,0,NA,NA,0,NA,NA,0,NA,NA
"3082",2000-10-17,NA,NA,0,NA,NA,0,NA,NA,0,NA,NA
"3083",2000-10-18,NA,NA,0,NA,NA,0,NA,NA,0,NA,NA
"3084",2000-10-19,NA,NA,0,NA,NA,0,NA,NA,0,NA,NA
"3085",2000-10-20,NA,NA,0,NA,NA,0,NA,NA,0,NA,NA
"3086",2000-10-23,NA,NA,0,NA,NA,0,NA,NA,0,NA,NA
"3087",2000-10-24,NA,NA,0,NA,NA,0,NA,NA,0,NA,NA
"3088",2000-10-25,NA,NA,0,NA,NA,0,NA,NA,0,NA,NA
"3089",2000-10-26,NA,NA,0,NA,NA,0,NA,NA,0,NA,NA
"3090",2000-10-27,NA,NA,0,NA,NA,0,NA,NA,0,NA,NA
"3091",2000-10-30,NA,NA,0,NA,NA,0,NA,NA,0,NA,NA
"3092",2000-10-31,NA,NA,0,NA,NA,0,NA,NA,0,NA,NA
"3093",2000-11-01,NA,NA,0,NA,NA,0,NA,NA,0,NA,NA
"3094",2000-11-02,NA,NA,0,NA,NA,0,NA,NA,0,NA,NA
"3095",2000-11-03,NA,NA,0,NA,NA,0,NA,NA,0,NA,NA
"3096",2000-11-06,NA,NA,0,NA,NA,0,NA,NA,0,NA,NA
"3097",2000-11-07,NA,NA,0,NA,NA,0,NA,NA,0,NA,NA
"3098",2000-11-08,NA,NA,0,NA,NA,0,NA,NA,0,NA,NA
"3099",2000-11-09,NA,NA,0,NA,NA,0,NA,NA,0,NA,NA
"3100",2000-11-10,NA,NA,0,NA,NA,0,NA,NA,0,NA,NA
"3101",2000-11-13,NA,NA,0,NA,NA,0,NA,NA,0,NA,NA
"3102",2000-11-14,NA,NA,0,NA,NA,0,NA,NA,0,NA,NA
"3103",2000-11-15,NA,NA,0,NA,NA,0,NA,NA,0,NA,NA
"3104",2000-11-16,NA,NA,0,NA,NA,0,NA,NA,0,NA,NA
"3105",2000-11-17,NA,NA,0,NA,NA,0,NA,NA,0,NA,NA
"3106",2000-11-20,NA,NA,0,NA,NA,0,NA,NA,0,NA,NA
"3107",2000-11-21,NA,NA,0,NA,NA,0,NA,NA,0,NA,NA
"3108",2000-11-22,NA,NA,0,NA,NA,0,NA,NA,0,NA,NA
"3109",2000-11-23,NA,NA,0,NA,NA,0,NA,NA,0,NA,NA
"3110",2000-11-24,NA,NA,0,NA,NA,0,NA,NA,0,NA,NA
"3111",2000-11-27,NA,NA,0,NA,NA,0,NA,NA,0,NA,NA
"3112",2000-11-28,NA,NA,0,NA,NA,0,NA,NA,0,NA,NA
"3113",2000-11-29,NA,NA,0,NA,NA,0,NA,NA,0,NA,NA
"3114",2000-11-30,NA,NA,0,NA,NA,0,NA,NA,0,NA,NA
"3115",2000-12-01,NA,NA,0,NA,NA,0,NA,NA,0,NA,NA
"3116",2000-12-04,NA,NA,0,NA,NA,0,NA,NA,0,NA,NA
"3117",2000-12-05,NA,NA,0,NA,NA,0,NA,NA,0,NA,NA
"3118",2000-12-06,NA,NA,0,NA,NA,0,NA,NA,0,NA,NA
"3119",2000-12-07,NA,NA,0,NA,NA,0,NA,NA,0,NA,NA
"3120",2000-12-08,NA,NA,0,NA,NA,0,NA,NA,0,NA,NA
"3121",2000-12-11,NA,NA,0,NA,NA,0,NA,NA,0,NA,NA
"3122",2000-12-12,NA,NA,0,NA,NA,0,NA,NA,0,NA,NA
"3123",2000-12-13,NA,NA,0,NA,NA,0,NA,NA,0,NA,NA
"3124",2000-12-14,NA,NA,0,NA,NA,0,NA,NA,0,NA,NA
"3125",2000-12-15,NA,NA,0,NA,NA,0,NA,NA,0,NA,NA
"3126",2000-12-18,NA,NA,0,NA,NA,0,NA,NA,0,NA,NA
"3127",2000-12-19,NA,NA,0,NA,NA,0,NA,NA,0,NA,NA
"3128",2000-12-20,NA,NA,0,NA,NA,0,NA,NA,0,NA,NA
"3129",2000-12-21,NA,NA,0,NA,NA,0,NA,NA,0,NA,NA
"3130",2000-12-22,NA,NA,0,NA,NA,0,NA,NA,0,NA,NA
"3131",2000-12-26,NA,NA,0,NA,NA,0,NA,NA,0,NA,NA
"3132",2001-01-02,NA,NA,0,NA,NA,0,NA,NA,0,NA,NA
"3133",2001-01-03,NA,NA,0,NA,NA,0,NA,NA,0,NA,NA
"3134",2001-01-04,NA,NA,0,NA,NA,0,NA,NA,0,NA,NA
"3135",2001-01-05,NA,NA,0,NA,NA,0,NA,NA,0,NA,NA
"3136",2001-01-08,NA,NA,0,NA,NA,0,NA,NA,0,NA,NA
"3137",2001-01-09,NA,NA,0,NA,NA,0,NA,NA,0,NA,NA
"3138",2001-01-10,NA,NA,0,NA,NA,0,NA,NA,0,NA,NA
"3139",2001-01-11,NA,NA,0,NA,NA,0,NA,NA,0,NA,NA
"3140",2001-01-12,NA,NA,0,NA,NA,0,NA,NA,0,NA,NA
"3141",2001-01-15,NA,NA,0,NA,NA,0,NA,NA,0,NA,NA
"3142",2001-01-16,NA,NA,0,NA,NA,0,NA,NA,0,NA,NA
"3143",2001-01-17,NA,NA,0,NA,NA,0,NA,NA,0,NA,NA
"3144",2001-01-18,NA,NA,0,NA,NA,0,NA,NA,0,NA,NA
"3145",2001-01-19,NA,NA,0,NA,NA,0,NA,NA,0,NA,NA
"3146",2001-01-22,NA,NA,0,NA,NA,0,NA,NA,0,NA,NA
"3147",2001-01-26,NA,NA,0,NA,NA,0,NA,NA,0,NA,NA
"3148",2001-01-29,NA,NA,0,NA,NA,0,NA,NA,0,NA,NA
"3149",2001-01-30,NA,NA,0,NA,NA,0,NA,NA,0,NA,NA
"3150",2001-01-31,NA,NA,0,NA,NA,0,NA,NA,0,NA,NA
"3151",2001-02-01,NA,NA,0,NA,NA,0,NA,NA,0,NA,NA
"3152",2001-02-02,NA,NA,0,NA,NA,0,NA,NA,0,NA,NA
"3153",2001-02-05,NA,NA,0,NA,NA,0,NA,NA,0,NA,NA
"3154",2001-02-06,NA,NA,0,NA,NA,0,NA,NA,0,NA,NA
"3155",2001-02-07,NA,NA,0,NA,NA,0,NA,NA,0,NA,NA
"3156",2001-02-08,NA,NA,0,NA,NA,0,NA,NA,0,NA,NA
"3157",2001-02-09,NA,NA,0,NA,NA,0,NA,NA,0,NA,NA
"3158",2001-02-12,NA,NA,0,NA,NA,0,NA,NA,0,NA,NA
"3159",2001-02-13,NA,NA,0,NA,NA,0,NA,NA,0,NA,NA
"3160",2001-02-14,NA,NA,0,NA,NA,0,NA,NA,0,NA,NA
"3161",2001-02-15,NA,NA,0,NA,NA,0,NA,NA,0,NA,NA
"3162",2001-02-16,NA,NA,0,NA,NA,0,NA,NA,0,NA,NA
"3163",2001-02-19,NA,NA,0,NA,NA,0,NA,NA,0,NA,NA
"3164",2001-02-20,NA,NA,0,NA,NA,0,NA,NA,0,NA,NA
"3165",2001-02-21,NA,NA,0,NA,NA,0,NA,NA,0,NA,NA
"3166",2001-02-22,NA,NA,0,NA,NA,0,NA,NA,0,NA,NA
"3167",2001-02-23,NA,NA,0,NA,NA,0,NA,NA,0,NA,NA
"3168",2001-02-26,NA,NA,0,NA,NA,0,NA,NA,0,NA,NA
"3169",2001-02-27,NA,NA,0,NA,NA,0,NA,NA,0,NA,NA
"3170",2001-02-28,NA,NA,0,NA,NA,0,NA,NA,0,NA,NA
"3171",2001-03-02,NA,NA,0,NA,NA,0,NA,NA,0,NA,NA
"3172",2001-03-05,NA,NA,0,NA,NA,0,NA,NA,0,NA,NA
"3173",2001-03-06,NA,NA,0,NA,NA,0,NA,NA,0,NA,NA
"3174",2001-03-07,NA,NA,0,NA,NA,0,NA,NA,0,NA,NA
"3175",2001-03-08,NA,NA,0,NA,NA,0,NA,NA,0,NA,NA
"3176",2001-03-09,NA,NA,0,NA,NA,0,NA,NA,0,NA,NA
"3177",2001-03-12,NA,NA,0,NA,NA,0,NA,NA,0,NA,NA
"3178",2001-03-13,NA,NA,0,NA,NA,0,NA,NA,0,NA,NA
"3179",2001-03-14,NA,NA,0,NA,NA,0,NA,NA,0,NA,NA
"3180",2001-03-15,NA,NA,0,NA,NA,0,NA,NA,0,NA,NA
"3181",2001-03-16,NA,NA,0,NA,NA,0,NA,NA,0,NA,NA
"3182",2001-03-19,NA,NA,0,NA,NA,0,NA,NA,0,NA,NA
"3183",2001-03-20,NA,NA,0,NA,NA,0,NA,NA,0,NA,NA
"3184",2001-03-21,NA,NA,0,NA,NA,0,NA,NA,0,NA,NA
"3185",2001-03-22,NA,NA,0,NA,NA,0,NA,NA,0,NA,NA
"3186",2001-03-23,NA,NA,0,NA,NA,0,NA,NA,0,NA,NA
"3187",2001-03-26,NA,NA,0,NA,NA,0,NA,NA,0,NA,NA
"3188",2001-03-27,NA,NA,0,NA,NA,0,NA,NA,0,NA,NA
"3189",2001-03-28,NA,NA,0,NA,NA,0,NA,NA,0,NA,NA
"3190",2001-03-29,NA,NA,0,NA,NA,0,NA,NA,0,NA,NA
"3191",2001-03-30,NA,NA,0,NA,NA,0,NA,NA,0,NA,NA
"3192",2001-04-02,NA,NA,0,NA,NA,0,NA,NA,0,NA,NA
"3193",2001-04-03,NA,NA,0,NA,NA,0,NA,NA,0,NA,NA
"3194",2001-04-04,NA,NA,0,NA,NA,0,NA,NA,0,NA,NA
"3195",2001-04-06,NA,NA,0,NA,NA,0,NA,NA,0,NA,NA
"3196",2001-04-09,NA,NA,0,NA,NA,0,NA,NA,0,NA,NA
"3197",2001-04-10,NA,NA,0,NA,NA,0,NA,NA,0,NA,NA
"3198",2001-04-11,NA,NA,0,NA,NA,0,NA,NA,0,NA,NA
"3199",2001-04-12,NA,NA,0,NA,NA,0,NA,NA,0,NA,NA
"3200",2001-04-13,NA,NA,0,NA,NA,0,NA,NA,0,NA,NA
"3201",2001-04-16,NA,NA,0,NA,NA,0,NA,NA,0,NA,NA
"3202",2001-04-17,NA,NA,0,NA,NA,0,NA,NA,0,NA,NA
"3203",2001-04-18,NA,NA,0,NA,NA,0,NA,NA,0,NA,NA
"3204",2001-04-19,NA,NA,0,NA,NA,0,NA,NA,0,NA,NA
"3205",2001-04-20,NA,NA,0,NA,NA,0,NA,NA,0,NA,NA
"3206",2001-04-23,NA,NA,0,NA,NA,0,NA,NA,0,NA,NA
"3207",2001-04-24,NA,NA,0,NA,NA,0,NA,NA,0,NA,NA
"3208",2001-04-25,NA,NA,0,NA,NA,0,NA,NA,0,NA,NA
"3209",2001-04-26,NA,NA,0,NA,NA,0,NA,NA,0,NA,NA
"3210",2001-04-27,NA,NA,0,NA,NA,0,NA,NA,0,NA,NA
"3211",2001-04-30,NA,NA,0,NA,NA,0,NA,NA,0,NA,NA
"3212",2001-05-02,NA,NA,0,NA,NA,0,NA,NA,0,NA,NA
"3213",2001-05-03,NA,NA,0,NA,NA,0,NA,NA,0,NA,NA
"3214",2001-05-04,NA,NA,0,NA,NA,0,NA,NA,0,NA,NA
"3215",2001-05-07,NA,NA,0,NA,NA,0,NA,NA,0,NA,NA
"3216",2001-05-08,NA,NA,0,NA,NA,0,NA,NA,0,NA,NA
"3217",2001-05-09,NA,NA,0,NA,NA,0,NA,NA,0,NA,NA
"3218",2001-05-10,NA,NA,0,NA,NA,0,NA,NA,0,NA,NA
"3219",2001-05-11,NA,NA,0,NA,NA,0,NA,NA,0,NA,NA
"3220",2001-05-14,NA,NA,0,NA,NA,0,NA,NA,0,NA,NA
"3221",2001-05-15,NA,NA,0,NA,NA,0,NA,NA,0,NA,NA
"3222",2001-05-16,NA,NA,0,NA,NA,0,NA,NA,0,NA,NA
"3223",2001-05-17,NA,NA,0,NA,NA,0,NA,NA,0,NA,NA
"3224",2001-05-18,NA,NA,0,NA,NA,0,NA,NA,0,NA,NA
"3225",2001-05-21,NA,NA,0,NA,NA,0,NA,NA,0,NA,NA
"3226",2001-05-22,NA,NA,0,NA,NA,0,NA,NA,0,NA,NA
"3227",2001-05-23,NA,NA,0,NA,NA,0,NA,NA,0,NA,NA
"3228",2001-05-24,NA,NA,0,NA,NA,0,NA,NA,0,NA,NA
"3229",2001-05-25,NA,NA,0,NA,NA,0,NA,NA,0,NA,NA
"3230",2001-05-28,NA,NA,0,NA,NA,0,NA,NA,0,NA,NA
"3231",2001-05-29,NA,NA,0,NA,NA,0,NA,NA,0,NA,NA
"3232",2001-05-30,NA,NA,0,NA,NA,0,NA,NA,0,NA,NA
"3233",2001-05-31,NA,NA,0,NA,NA,0,NA,NA,0,NA,NA
"3234",2001-06-01,NA,NA,0,NA,NA,0,NA,NA,0,NA,NA
"3235",2001-06-04,NA,NA,0,NA,NA,0,NA,NA,0,NA,NA
"3236",2001-06-05,NA,NA,0,NA,NA,0,NA,NA,0,NA,NA
"3237",2001-06-07,NA,NA,0,NA,NA,0,NA,NA,0,NA,NA
"3238",2001-06-08,NA,NA,0,NA,NA,0,NA,NA,0,NA,NA
"3239",2001-06-11,NA,NA,0,NA,NA,0,NA,NA,0,NA,NA
"3240",2001-06-12,NA,NA,0,NA,NA,0,NA,NA,0,NA,NA
"3241",2001-06-13,NA,NA,0,NA,NA,0,NA,NA,0,NA,NA
"3242",2001-06-14,NA,NA,0,NA,NA,0,NA,NA,0,NA,NA
"3243",2001-06-15,NA,NA,0,NA,NA,0,NA,NA,0,NA,NA
"3244",2001-06-18,NA,NA,0,NA,NA,0,NA,NA,0,NA,NA
"3245",2001-06-19,NA,NA,0,NA,NA,0,NA,NA,0,NA,NA
"3246",2001-06-20,NA,NA,0,NA,NA,0,NA,NA,0,NA,NA
"3247",2001-06-21,NA,NA,0,NA,NA,0,NA,NA,0,NA,NA
"3248",2001-06-22,NA,NA,0,NA,NA,0,NA,NA,0,NA,NA
"3249",2001-06-25,NA,NA,0,NA,NA,0,NA,NA,0,NA,NA
"3250",2001-06-26,NA,NA,0,NA,NA,0,NA,NA,0,NA,NA
"3251",2001-06-27,NA,NA,0,NA,NA,0,NA,NA,0,NA,NA
"3252",2001-06-28,NA,NA,0,NA,NA,0,NA,NA,0,NA,NA
"3253",2001-06-29,NA,NA,0,NA,NA,0,NA,NA,0,NA,NA
"3254",2001-07-02,NA,NA,0,NA,NA,0,NA,NA,0,NA,NA
"3255",2001-07-03,NA,NA,0,NA,NA,0,NA,NA,0,NA,NA
"3256",2001-07-04,NA,NA,0,NA,NA,0,NA,NA,0,NA,NA
"3257",2001-07-05,NA,NA,0,NA,NA,0,NA,NA,0,NA,NA
"3258",2001-07-06,NA,NA,0,NA,NA,0,NA,NA,0,NA,NA
"3259",2001-07-09,NA,NA,0,NA,NA,0,NA,NA,0,NA,NA
"3260",2001-07-10,NA,NA,0,NA,NA,0,NA,NA,0,NA,NA
"3261",2001-07-11,NA,NA,0,NA,NA,0,NA,NA,0,NA,NA
"3262",2001-07-12,NA,NA,0,NA,NA,0,NA,NA,0,NA,NA
"3263",2001-07-13,NA,NA,0,NA,NA,0,NA,NA,0,NA,NA
"3264",2001-07-16,NA,NA,0,NA,NA,0,NA,NA,0,NA,NA
"3265",2001-07-18,NA,NA,0,NA,NA,0,NA,NA,0,NA,NA
"3266",2001-07-19,NA,NA,0,NA,NA,0,NA,NA,0,NA,NA
"3267",2001-07-20,NA,NA,0,NA,NA,0,NA,NA,0,NA,NA
"3268",2001-07-23,NA,NA,0,NA,NA,0,NA,NA,0,NA,NA
"3269",2001-07-24,NA,NA,0,NA,NA,0,NA,NA,0,NA,NA
"3270",2001-07-25,NA,NA,0,NA,NA,0,NA,NA,0,NA,NA
"3271",2001-07-26,NA,NA,0,NA,NA,0,NA,NA,0,NA,NA
"3272",2001-07-27,NA,NA,0,NA,NA,0,NA,NA,0,NA,NA
"3273",2001-07-30,NA,NA,0,NA,NA,0,NA,NA,0,NA,NA
"3274",2001-07-31,NA,NA,0,NA,NA,0,NA,NA,0,NA,NA
"3275",2001-08-01,NA,NA,0,NA,NA,0,NA,NA,0,NA,NA
"3276",2001-08-02,NA,NA,0,NA,NA,0,NA,NA,0,NA,NA
"3277",2001-08-03,NA,NA,0,NA,NA,0,NA,NA,0,NA,NA
"3278",2001-08-06,NA,NA,0,NA,NA,0,NA,NA,0,NA,NA
"3279",2001-08-07,NA,NA,0,NA,NA,0,NA,NA,0,NA,NA
"3280",2001-08-08,NA,NA,0,NA,NA,0,NA,NA,0,NA,NA
"3281",2001-08-09,NA,NA,0,NA,NA,0,NA,NA,0,NA,NA
"3282",2001-08-10,NA,NA,0,NA,NA,0,NA,NA,0,NA,NA
"3283",2001-08-13,NA,NA,0,NA,NA,0,NA,NA,0,NA,NA
"3284",2001-08-14,NA,NA,0,NA,NA,0,NA,NA,0,NA,NA
"3285",2001-08-16,NA,NA,0,NA,NA,0,NA,NA,0,NA,NA
"3286",2001-08-17,NA,NA,0,NA,NA,0,NA,NA,0,NA,NA
"3287",2001-08-20,NA,NA,0,NA,NA,0,NA,NA,0,NA,NA
"3288",2001-08-21,NA,NA,0,NA,NA,0,NA,NA,0,NA,NA
"3289",2001-08-22,NA,NA,0,NA,NA,0,NA,NA,0,NA,NA
"3290",2001-08-23,NA,NA,0,NA,NA,0,NA,NA,0,NA,NA
"3291",2001-08-24,NA,NA,0,NA,NA,0,NA,NA,0,NA,NA
"3292",2001-08-27,NA,NA,0,NA,NA,0,NA,NA,0,NA,NA
"3293",2001-08-28,NA,NA,0,NA,NA,0,NA,NA,0,NA,NA
"3294",2001-08-29,NA,NA,0,NA,NA,0,NA,NA,0,NA,NA
"3295",2001-08-30,NA,NA,0,NA,NA,0,NA,NA,0,NA,NA
"3296",2001-08-31,NA,NA,0,NA,NA,0,NA,NA,0,NA,NA
"3297",2001-09-03,NA,NA,0,NA,NA,0,NA,NA,0,NA,NA
"3298",2001-09-04,NA,NA,0,NA,NA,0,NA,NA,0,NA,NA
"3299",2001-09-05,NA,NA,0,NA,NA,0,NA,NA,0,NA,NA
"3300",2001-09-06,NA,NA,0,NA,NA,0,NA,NA,0,NA,NA
"3301",2001-09-07,NA,NA,0,NA,NA,0,NA,NA,0,NA,NA
"3302",2001-09-10,NA,NA,0,NA,NA,0,NA,NA,0,NA,NA
"3303",2001-09-11,NA,NA,0,NA,NA,0,NA,NA,0,NA,NA
"3304",2001-09-12,NA,NA,0,NA,NA,0,NA,NA,0,NA,NA
"3305",2001-09-13,NA,NA,0,NA,NA,0,NA,NA,0,NA,NA
"3306",2001-09-14,NA,NA,0,NA,NA,0,NA,NA,0,NA,NA
"3307",2001-09-17,NA,NA,0,NA,NA,0,NA,NA,0,NA,NA
"3308",2001-09-18,NA,NA,0,NA,NA,0,NA,NA,0,NA,NA
"3309",2001-09-19,NA,NA,0,NA,NA,0,NA,NA,0,NA,NA
"3310",2001-09-20,NA,NA,0,NA,NA,0,NA,NA,0,NA,NA
"3311",2001-09-21,NA,NA,0,NA,NA,0,NA,NA,0,NA,NA
"3312",2001-09-24,NA,NA,0,NA,NA,0,NA,NA,0,NA,NA
"3313",2001-09-25,NA,NA,0,NA,NA,0,NA,NA,0,NA,NA
"3314",2001-09-26,NA,NA,0,NA,NA,0,NA,NA,0,NA,NA
"3315",2001-09-27,NA,NA,0,NA,NA,0,NA,NA,0,NA,NA
"3316",2001-09-28,NA,NA,0,NA,NA,0,NA,NA,0,NA,NA
"3317",2001-10-04,NA,NA,0,NA,NA,0,NA,NA,0,NA,NA
"3318",2001-10-05,NA,NA,0,NA,NA,0,NA,NA,0,NA,NA
"3319",2001-10-08,NA,NA,0,NA,NA,0,NA,NA,0,NA,NA
"3320",2001-10-09,NA,NA,0,NA,NA,0,NA,NA,0,NA,NA
"3321",2001-10-10,NA,NA,0,NA,NA,0,NA,NA,0,NA,NA
"3322",2001-10-11,NA,NA,0,NA,NA,0,NA,NA,0,NA,NA
"3323",2001-10-12,NA,NA,0,NA,NA,0,NA,NA,0,NA,NA
"3324",2001-10-15,NA,NA,0,NA,NA,0,NA,NA,0,NA,NA
"3325",2001-10-16,NA,NA,0,NA,NA,0,NA,NA,0,NA,NA
"3326",2001-10-17,NA,NA,0,NA,NA,0,NA,NA,0,NA,NA
"3327",2001-10-18,NA,NA,0,NA,NA,0,NA,NA,0,NA,NA
"3328",2001-10-19,NA,NA,0,NA,NA,0,NA,NA,0,NA,NA
"3329",2001-10-22,NA,NA,0,NA,NA,0,NA,NA,0,NA,NA
"3330",2001-10-23,NA,NA,0,NA,NA,0,NA,NA,0,NA,NA
"3331",2001-10-24,NA,NA,0,NA,NA,0,NA,NA,0,NA,NA
"3332",2001-10-25,NA,NA,0,NA,NA,0,NA,NA,0,NA,NA
"3333",2001-10-26,NA,NA,0,NA,NA,0,NA,NA,0,NA,NA
"3334",2001-10-29,NA,NA,0,NA,NA,0,NA,NA,0,NA,NA
"3335",2001-10-30,NA,NA,0,NA,NA,0,NA,NA,0,NA,NA
"3336",2001-10-31,NA,NA,0,NA,NA,0,NA,NA,0,NA,NA
"3337",2001-11-01,NA,NA,0,NA,NA,0,NA,NA,0,NA,NA
"3338",2001-11-02,NA,NA,0,NA,NA,0,NA,NA,0,NA,NA
"3339",2001-11-05,NA,NA,0,NA,NA,0,NA,NA,0,NA,NA
"3340",2001-11-06,NA,NA,0,NA,NA,0,NA,NA,0,NA,NA
"3341",2001-11-07,NA,NA,0,NA,NA,0,NA,NA,0,NA,NA
"3342",2001-11-08,NA,NA,0,NA,NA,0,NA,NA,0,NA,NA
"3343",2001-11-09,NA,NA,0,NA,NA,0,NA,NA,0,NA,NA
"3344",2001-11-12,NA,NA,0,NA,NA,0,NA,NA,0,NA,NA
"3345",2001-11-13,NA,NA,0,NA,NA,0,NA,NA,0,NA,NA
"3346",2001-11-14,NA,NA,0,NA,NA,0,NA,NA,0,NA,NA
"3347",2001-11-15,NA,NA,0,NA,NA,0,NA,NA,0,NA,NA
"3348",2001-11-16,NA,NA,0,NA,NA,0,NA,NA,0,NA,NA
"3349",2001-11-19,NA,NA,0,NA,NA,0,NA,NA,0,NA,NA
"3350",2001-11-20,NA,NA,0,NA,NA,0,NA,NA,0,NA,NA
"3351",2001-11-21,NA,NA,0,NA,NA,0,NA,NA,0,NA,NA
"3352",2001-11-22,NA,NA,0,NA,NA,0,NA,NA,0,NA,NA
"3353",2001-11-23,NA,NA,0,NA,NA,0,NA,NA,0,NA,NA
"3354",2001-11-26,NA,NA,0,NA,NA,0,NA,NA,0,NA,NA
"3355",2001-11-27,NA,NA,0,NA,NA,0,NA,NA,0,NA,NA
"3356",2001-11-28,NA,NA,0,NA,NA,0,NA,NA,0,NA,NA
"3357",2001-11-29,NA,NA,0,NA,NA,0,NA,NA,0,NA,NA
"3358",2001-11-30,NA,NA,0,NA,NA,0,NA,NA,0,NA,NA
"3359",2001-12-03,NA,NA,0,NA,NA,0,NA,NA,0,NA,NA
"3360",2001-12-04,NA,NA,0,NA,NA,0,NA,NA,0,NA,NA
"3361",2001-12-05,NA,NA,0,NA,NA,0,NA,NA,0,NA,NA
"3362",2001-12-06,NA,NA,0,NA,NA,0,NA,NA,0,NA,NA
"3363",2001-12-07,NA,NA,0,NA,NA,0,NA,NA,0,NA,NA
"3364",2001-12-10,NA,NA,0,NA,NA,0,NA,NA,0,NA,NA
"3365",2001-12-11,NA,NA,0,NA,NA,0,NA,NA,0,NA,NA
"3366",2001-12-12,NA,NA,0,NA,NA,0,NA,NA,0,NA,NA
"3367",2001-12-13,NA,NA,0,NA,NA,0,NA,NA,0,NA,NA
"3368",2001-12-14,NA,NA,0,NA,NA,0,NA,NA,0,NA,NA
"3369",2001-12-17,NA,NA,0,NA,NA,0,NA,NA,0,NA,NA
"3370",2001-12-18,NA,NA,0,NA,NA,0,NA,NA,0,NA,NA
"3371",2001-12-19,NA,NA,0,NA,NA,0,NA,NA,0,NA,NA
"3372",2001-12-20,NA,NA,0,NA,NA,0,NA,NA,0,NA,NA
"3373",2001-12-21,NA,NA,0,NA,NA,0,NA,NA,0,NA,NA
"3374",2001-12-24,NA,NA,0,NA,NA,0,NA,NA,0,NA,NA
"3375",2001-12-26,NA,NA,0,NA,NA,0,NA,NA,0,NA,NA
"3376",2001-12-27,NA,NA,0,NA,NA,0,NA,NA,0,NA,NA
"3377",2001-12-28,NA,NA,0,NA,NA,0,NA,NA,0,NA,NA
"3378",2002-01-02,NA,NA,0,NA,NA,0,NA,NA,0,NA,NA
"3379",2002-01-03,NA,NA,0,NA,NA,0,NA,NA,0,NA,NA
"3380",2002-01-04,NA,NA,0,NA,NA,0,NA,NA,0,NA,NA
"3381",2002-01-07,NA,NA,0,NA,NA,0,NA,NA,0,NA,NA
"3382",2002-01-08,NA,NA,0,NA,NA,0,NA,NA,0,NA,NA
"3383",2002-01-09,NA,NA,0,NA,NA,0,NA,NA,0,NA,NA
"3384",2002-01-10,NA,NA,0,NA,NA,0,NA,NA,0,NA,NA
"3385",2002-01-11,NA,NA,0,NA,NA,0,NA,NA,0,NA,NA
"3386",2002-01-14,NA,NA,0,NA,NA,0,NA,NA,0,NA,NA
"3387",2002-01-15,NA,NA,0,NA,NA,0,NA,NA,0,NA,NA
"3388",2002-01-16,NA,NA,0,NA,NA,0,NA,NA,0,NA,NA
"3389",2002-01-17,NA,NA,0,NA,NA,0,NA,NA,0,NA,NA
"3390",2002-01-18,NA,NA,0,NA,NA,0,NA,NA,0,NA,NA
"3391",2002-01-21,NA,NA,0,NA,NA,0,NA,NA,0,NA,NA
"3392",2002-01-22,NA,NA,0,NA,NA,0,NA,NA,0,NA,NA
"3393",2002-01-23,NA,NA,0,NA,NA,0,NA,NA,0,NA,NA
"3394",2002-01-24,NA,NA,0,NA,NA,0,NA,NA,0,NA,NA
"3395",2002-01-25,NA,NA,0,NA,NA,0,NA,NA,0,NA,NA
"3396",2002-01-28,NA,NA,0,NA,NA,0,NA,NA,0,NA,NA
"3397",2002-01-29,NA,NA,0,NA,NA,0,NA,NA,0,NA,NA
"3398",2002-01-30,NA,NA,0,NA,NA,0,NA,NA,0,NA,NA
"3399",2002-01-31,NA,NA,0,NA,NA,0,NA,NA,0,NA,NA
"3400",2002-02-01,NA,NA,0,NA,NA,0,NA,NA,0,NA,NA
"3401",2002-02-04,NA,NA,0,NA,NA,0,NA,NA,0,NA,NA
"3402",2002-02-05,NA,NA,0,NA,NA,0,NA,NA,0,NA,NA
"3403",2002-02-06,NA,NA,0,NA,NA,0,NA,NA,0,NA,NA
"3404",2002-02-07,NA,NA,0,NA,NA,0,NA,NA,0,NA,NA
"3405",2002-02-08,NA,NA,0,NA,NA,0,NA,NA,0,NA,NA
"3406",2002-02-14,NA,NA,0,NA,NA,0,NA,NA,0,NA,NA
"3407",2002-02-15,NA,NA,0,NA,NA,0,NA,NA,0,NA,NA
"3408",2002-02-18,NA,NA,0,NA,NA,0,NA,NA,0,NA,NA
"3409",2002-02-19,NA,NA,0,NA,NA,0,NA,NA,0,NA,NA
"3410",2002-02-20,NA,NA,0,NA,NA,0,NA,NA,0,NA,NA
"3411",2002-02-21,NA,NA,0,NA,NA,0,NA,NA,0,NA,NA
"3412",2002-02-22,NA,NA,0,NA,NA,0,NA,NA,0,NA,NA
"3413",2002-02-25,NA,NA,0,NA,NA,0,NA,NA,0,NA,NA
"3414",2002-02-26,NA,NA,0,NA,NA,0,NA,NA,0,NA,NA
"3415",2002-02-27,NA,NA,0,NA,NA,0,NA,NA,0,NA,NA
"3416",2002-02-28,NA,NA,0,NA,NA,0,NA,NA,0,NA,NA
"3417",2002-03-04,NA,NA,0,NA,NA,0,NA,NA,0,NA,NA
"3418",2002-03-05,NA,NA,0,NA,NA,0,NA,NA,0,NA,NA
"3419",2002-03-06,NA,NA,0,NA,NA,0,NA,NA,0,NA,NA
"3420",2002-03-07,NA,NA,0,NA,NA,0,NA,NA,0,NA,NA
"3421",2002-03-08,NA,NA,0,NA,NA,0,NA,NA,0,NA,NA
"3422",2002-03-11,NA,NA,0,NA,NA,0,NA,NA,0,NA,NA
"3423",2002-03-12,NA,NA,0,NA,NA,0,NA,NA,0,NA,NA
"3424",2002-03-13,NA,NA,0,NA,NA,0,NA,NA,0,NA,NA
"3425",2002-03-14,NA,NA,0,NA,NA,0,NA,NA,0,NA,NA
"3426",2002-03-15,NA,NA,0,NA,NA,0,NA,NA,0,NA,NA
"3427",2002-03-18,NA,NA,0,NA,NA,0,NA,NA,0,NA,NA
"3428",2002-03-19,NA,NA,0,NA,NA,0,NA,NA,0,NA,NA
"3429",2002-03-20,NA,NA,0,NA,NA,0,NA,NA,0,NA,NA
"3430",2002-03-21,NA,NA,0,NA,NA,0,NA,NA,0,NA,NA
"3431",2002-03-22,NA,NA,0,NA,NA,0,NA,NA,0,NA,NA
"3432",2002-03-25,NA,NA,0,NA,NA,0,NA,NA,0,NA,NA
"3433",2002-03-26,NA,NA,0,NA,NA,0,NA,NA,0,NA,NA
"3434",2002-03-27,NA,NA,0,NA,NA,0,NA,NA,0,NA,NA
"3435",2002-03-28,NA,NA,0,NA,NA,0,NA,NA,0,NA,NA
"3436",2002-03-29,NA,NA,0,NA,NA,0,NA,NA,0,NA,NA
"3437",2002-04-01,NA,NA,0,NA,NA,0,NA,NA,0,NA,NA
"3438",2002-04-02,NA,NA,0,NA,NA,0,NA,NA,0,NA,NA
"3439",2002-04-03,NA,NA,0,NA,NA,0,NA,NA,0,NA,NA
"3440",2002-04-04,NA,NA,0,NA,NA,0,NA,NA,0,NA,NA
"3441",2002-04-08,NA,NA,0,NA,NA,0,NA,NA,0,NA,NA
"3442",2002-04-09,NA,NA,0,NA,NA,0,NA,NA,0,NA,NA
"3443",2002-04-10,NA,NA,0,NA,NA,0,NA,NA,0,NA,NA
"3444",2002-04-11,NA,NA,0,NA,NA,0,NA,NA,0,NA,NA
"3445",2002-04-12,NA,NA,0,NA,NA,0,NA,NA,0,NA,NA
"3446",2002-04-15,NA,NA,0,NA,NA,0,NA,NA,0,NA,NA
"3447",2002-04-16,NA,NA,0,NA,NA,0,NA,NA,0,NA,NA
"3448",2002-04-17,NA,NA,0,NA,NA,0,NA,NA,0,NA,NA
"3449",2002-04-18,NA,NA,0,NA,NA,0,NA,NA,0,NA,NA
"3450",2002-04-19,NA,NA,0,NA,NA,0,NA,NA,0,NA,NA
"3451",2002-04-22,NA,NA,0,NA,NA,0,NA,NA,0,NA,NA
"3452",2002-04-23,NA,NA,0,NA,NA,0,NA,NA,0,NA,NA
"3453",2002-04-24,NA,NA,0,NA,NA,0,NA,NA,0,NA,NA
"3454",2002-04-25,NA,NA,0,NA,NA,0,NA,NA,0,NA,NA
"3455",2002-04-26,NA,NA,0,NA,NA,0,NA,NA,0,NA,NA
"3456",2002-04-29,NA,NA,0,NA,NA,0,NA,NA,0,NA,NA
"3457",2002-04-30,NA,NA,0,NA,NA,0,NA,NA,0,NA,NA
"3458",2002-05-02,NA,NA,0,NA,NA,0,NA,NA,0,NA,NA
"3459",2002-05-03,NA,NA,0,NA,NA,0,NA,NA,0,NA,NA
"3460",2002-05-06,NA,NA,0,NA,NA,0,NA,NA,0,NA,NA
"3461",2002-05-07,NA,NA,0,NA,NA,0,NA,NA,0,NA,NA
"3462",2002-05-08,NA,NA,0,NA,NA,0,NA,NA,0,NA,NA
"3463",2002-05-09,NA,NA,0,NA,NA,0,NA,NA,0,NA,NA
"3464",2002-05-10,NA,NA,0,NA,NA,0,NA,NA,0,NA,NA
"3465",2002-05-13,NA,NA,0,NA,NA,0,NA,NA,0,NA,NA
"3466",2002-05-14,NA,NA,0,NA,NA,0,NA,NA,0,NA,NA
"3467",2002-05-15,NA,NA,0,NA,NA,0,NA,NA,0,NA,NA
"3468",2002-05-16,NA,NA,0,NA,NA,0,NA,NA,0,NA,NA
"3469",2002-05-17,NA,NA,0,NA,NA,0,NA,NA,0,NA,NA
"3470",2002-05-20,NA,NA,0,NA,NA,0,NA,NA,0,NA,NA
"3471",2002-05-21,NA,NA,0,NA,NA,0,NA,NA,0,NA,NA
"3472",2002-05-22,NA,NA,0,NA,NA,0,NA,NA,0,NA,NA
"3473",2002-05-23,NA,NA,0,NA,NA,0,NA,NA,0,NA,NA
"3474",2002-05-24,NA,NA,0,NA,NA,0,NA,NA,0,NA,NA
"3475",2002-05-27,NA,NA,0,NA,NA,0,NA,NA,0,NA,NA
"3476",2002-05-28,NA,NA,0,NA,NA,0,NA,NA,0,NA,NA
"3477",2002-05-29,NA,NA,0,NA,NA,0,NA,NA,0,NA,NA
"3478",2002-05-30,NA,NA,0,NA,NA,0,NA,NA,0,NA,NA
"3479",2002-05-31,NA,NA,0,NA,NA,0,NA,NA,0,NA,NA
"3480",2002-06-03,NA,NA,0,NA,NA,0,NA,NA,0,NA,NA
"3481",2002-06-04,NA,NA,0,NA,NA,0,NA,NA,0,NA,NA
"3482",2002-06-05,NA,NA,0,NA,NA,0,NA,NA,0,NA,NA
"3483",2002-06-07,NA,NA,0,NA,NA,0,NA,NA,0,NA,NA
"3484",2002-06-10,NA,NA,0,NA,NA,0,NA,NA,0,NA,NA
"3485",2002-06-11,NA,NA,0,NA,NA,0,NA,NA,0,NA,NA
"3486",2002-06-12,NA,NA,0,NA,NA,0,NA,NA,0,NA,NA
"3487",2002-06-14,NA,NA,0,NA,NA,0,NA,NA,0,NA,NA
"3488",2002-06-17,NA,NA,0,NA,NA,0,NA,NA,0,NA,NA
"3489",2002-06-18,NA,NA,0,NA,NA,0,NA,NA,0,NA,NA
"3490",2002-06-19,NA,NA,0,NA,NA,0,NA,NA,0,NA,NA
"3491",2002-06-20,NA,NA,0,NA,NA,0,NA,NA,0,NA,NA
"3492",2002-06-21,NA,NA,0,NA,NA,0,NA,NA,0,NA,NA
"3493",2002-06-24,NA,NA,0,NA,NA,0,NA,NA,0,NA,NA
"3494",2002-06-25,NA,NA,0,NA,NA,0,NA,NA,0,NA,NA
"3495",2002-06-26,NA,NA,0,NA,NA,0,NA,NA,0,NA,NA
"3496",2002-06-27,NA,NA,0,NA,NA,0,NA,NA,0,NA,NA
"3497",2002-06-28,NA,NA,0,NA,NA,0,NA,NA,0,NA,NA
"3498",2002-07-02,NA,NA,0,NA,NA,0,NA,NA,0,NA,NA
"3499",2002-07-03,NA,NA,0,NA,NA,0,NA,NA,0,NA,NA
"3500",2002-07-04,NA,NA,0,NA,NA,0,NA,NA,0,NA,NA
"3501",2002-07-05,NA,NA,0,NA,NA,0,NA,NA,0,NA,NA
"3502",2002-07-08,NA,NA,0,NA,NA,0,NA,NA,0,NA,NA
"3503",2002-07-09,NA,NA,0,NA,NA,0,NA,NA,0,NA,NA
"3504",2002-07-10,NA,NA,0,NA,NA,0,NA,NA,0,NA,NA
"3505",2002-07-11,NA,NA,0,NA,NA,0,NA,NA,0,NA,NA
"3506",2002-07-12,NA,NA,0,NA,NA,0,NA,NA,0,NA,NA
"3507",2002-07-15,NA,NA,0,NA,NA,0,NA,NA,0,NA,NA
"3508",2002-07-16,NA,NA,0,NA,NA,0,NA,NA,0,NA,NA
"3509",2002-07-18,NA,NA,0,NA,NA,0,NA,NA,0,NA,NA
"3510",2002-07-19,NA,NA,0,NA,NA,0,NA,NA,0,NA,NA
"3511",2002-07-22,NA,NA,0,NA,NA,0,NA,NA,0,NA,NA
"3512",2002-07-23,NA,NA,0,NA,NA,0,NA,NA,0,NA,NA
"3513",2002-07-24,NA,NA,0,NA,NA,0,NA,NA,0,NA,NA
"3514",2002-07-25,NA,NA,0,NA,NA,0,NA,NA,0,NA,NA
"3515",2002-07-26,NA,NA,0,NA,NA,0,NA,NA,0,NA,NA
"3516",2002-07-29,NA,NA,0,NA,NA,0,NA,NA,0,NA,NA
"3517",2002-07-30,NA,NA,0,NA,NA,0,NA,NA,0,NA,NA
"3518",2002-07-31,NA,NA,0,NA,NA,0,NA,NA,0,NA,NA
"3519",2002-08-01,NA,NA,0,NA,NA,0,NA,NA,0,NA,NA
"3520",2002-08-02,NA,NA,0,NA,NA,0,NA,NA,0,NA,NA
"3521",2002-08-05,NA,NA,0,NA,NA,0,NA,NA,0,NA,NA
"3522",2002-08-06,NA,NA,0,NA,NA,0,NA,NA,0,NA,NA
"3523",2002-08-07,NA,NA,0,NA,NA,0,NA,NA,0,NA,NA
"3524",2002-08-08,NA,NA,0,NA,NA,0,NA,NA,0,NA,NA
"3525",2002-08-09,NA,NA,0,NA,NA,0,NA,NA,0,NA,NA
"3526",2002-08-12,NA,NA,0,NA,NA,0,NA,NA,0,NA,NA
"3527",2002-08-13,NA,NA,0,NA,NA,0,NA,NA,0,NA,NA
"3528",2002-08-14,NA,NA,0,NA,NA,0,NA,NA,0,NA,NA
"3529",2002-08-16,NA,NA,0,NA,NA,0,NA,NA,0,NA,NA
"3530",2002-08-19,NA,NA,0,NA,NA,0,NA,NA,0,NA,NA
"3531",2002-08-20,NA,NA,0,NA,NA,0,NA,NA,0,NA,NA
"3532",2002-08-21,NA,NA,0,NA,NA,0,NA,NA,0,NA,NA
"3533",2002-08-22,NA,NA,0,NA,NA,0,NA,NA,0,NA,NA
"3534",2002-08-23,NA,NA,0,NA,NA,0,NA,NA,0,NA,NA
"3535",2002-08-26,NA,NA,0,NA,NA,0,NA,NA,0,NA,NA
"3536",2002-08-27,NA,NA,0,NA,NA,0,NA,NA,0,NA,NA
"3537",2002-08-28,NA,NA,0,NA,NA,0,NA,NA,0,NA,NA
"3538",2002-08-29,NA,NA,0,NA,NA,0,NA,NA,0,NA,NA
"3539",2002-08-30,NA,NA,0,NA,NA,0,NA,NA,0,NA,NA
"3540",2002-09-02,NA,NA,0,NA,NA,0,NA,NA,0,NA,NA
"3541",2002-09-03,NA,NA,0,NA,NA,0,NA,NA,0,NA,NA
"3542",2002-09-04,NA,NA,0,NA,NA,0,NA,NA,0,NA,NA
"3543",2002-09-05,NA,NA,0,NA,NA,0,NA,NA,0,NA,NA
"3544",2002-09-06,NA,NA,0,NA,NA,0,NA,NA,0,NA,NA
"3545",2002-09-09,NA,NA,0,NA,NA,0,NA,NA,0,NA,NA
"3546",2002-09-10,NA,NA,0,NA,NA,0,NA,NA,0,NA,NA
"3547",2002-09-11,NA,NA,0,NA,NA,0,NA,NA,0,NA,NA
"3548",2002-09-12,NA,NA,0,NA,NA,0,NA,NA,0,NA,NA
"3549",2002-09-13,NA,NA,0,NA,NA,0,NA,NA,0,NA,NA
"3550",2002-09-16,NA,NA,0,NA,NA,0,NA,NA,0,NA,NA
"3551",2002-09-17,NA,NA,0,NA,NA,0,NA,NA,0,NA,NA
"3552",2002-09-18,NA,NA,0,NA,NA,0,NA,NA,0,NA,NA
"3553",2002-09-19,NA,NA,0,NA,NA,0,NA,NA,0,NA,NA
"3554",2002-09-23,NA,NA,0,NA,NA,0,NA,NA,0,NA,NA
"3555",2002-09-24,NA,NA,0,NA,NA,0,NA,NA,0,NA,NA
"3556",2002-09-25,NA,NA,0,NA,NA,0,NA,NA,0,NA,NA
"3557",2002-09-26,NA,NA,0,NA,NA,0,NA,NA,0,NA,NA
"3558",2002-09-27,NA,NA,0,NA,NA,0,NA,NA,0,NA,NA
"3559",2002-09-30,NA,NA,0,NA,NA,0,NA,NA,0,NA,NA
"3560",2002-10-01,NA,NA,0,NA,NA,0,NA,NA,0,NA,NA
"3561",2002-10-02,NA,NA,0,NA,NA,0,NA,NA,0,NA,NA
"3562",2002-10-04,NA,NA,0,NA,NA,0,NA,NA,0,NA,NA
"3563",2002-10-07,NA,NA,0,NA,NA,0,NA,NA,0,NA,NA
"3564",2002-10-08,NA,NA,0,NA,NA,0,NA,NA,0,NA,NA
"3565",2002-10-09,NA,NA,0,NA,NA,0,NA,NA,0,NA,NA
"3566",2002-10-10,NA,NA,0,NA,NA,0,NA,NA,0,NA,NA
"3567",2002-10-11,NA,NA,0,NA,NA,0,NA,NA,0,NA,NA
"3568",2002-10-14,NA,NA,0,NA,NA,0,NA,NA,0,NA,NA
"3569",2002-10-15,NA,NA,0,NA,NA,0,NA,NA,0,NA,NA
"3570",2002-10-16,NA,NA,0,NA,NA,0,NA,NA,0,NA,NA
"3571",2002-10-17,NA,NA,0,NA,NA,0,NA,NA,0,NA,NA
"3572",2002-10-18,NA,NA,0,NA,NA,0,NA,NA,0,NA,NA
"3573",2002-10-21,NA,NA,0,NA,NA,0,NA,NA,0,NA,NA
"3574",2002-10-22,NA,NA,0,NA,NA,0,NA,NA,0,NA,NA
"3575",2002-10-23,NA,NA,0,NA,NA,0,NA,NA,0,NA,NA
"3576",2002-10-24,NA,NA,0,NA,NA,0,NA,NA,0,NA,NA
"3577",2002-10-25,NA,NA,0,NA,NA,0,NA,NA,0,NA,NA
"3578",2002-10-28,NA,NA,0,NA,NA,0,NA,NA,0,NA,NA
"3579",2002-10-29,NA,NA,0,NA,NA,0,NA,NA,0,NA,NA
"3580",2002-10-30,NA,NA,0,NA,NA,0,NA,NA,0,NA,NA
"3581",2002-10-31,NA,NA,0,NA,NA,0,NA,NA,0,NA,NA
"3582",2002-11-01,NA,NA,0,NA,NA,0,NA,NA,0,NA,NA
"3583",2002-11-04,NA,NA,0,NA,NA,0,NA,NA,0,NA,NA
"3584",2002-11-05,NA,NA,0,NA,NA,0,NA,NA,0,NA,NA
"3585",2002-11-06,NA,NA,0,NA,NA,0,NA,NA,0,NA,NA
"3586",2002-11-07,NA,NA,0,NA,NA,0,NA,NA,0,NA,NA
"3587",2002-11-08,NA,NA,0,NA,NA,0,NA,NA,0,NA,NA
"3588",2002-11-11,NA,NA,0,NA,NA,0,NA,NA,0,NA,NA
"3589",2002-11-12,NA,NA,0,NA,NA,0,NA,NA,0,NA,NA
"3590",2002-11-13,NA,NA,0,NA,NA,0,NA,NA,0,NA,NA
"3591",2002-11-14,NA,NA,0,NA,NA,0,NA,NA,0,NA,NA
"3592",2002-11-15,NA,NA,0,NA,NA,0,NA,NA,0,NA,NA
"3593",2002-11-18,NA,NA,0,NA,NA,0,NA,NA,0,NA,NA
"3594",2002-11-19,NA,NA,0,NA,NA,0,NA,NA,0,NA,NA
"3595",2002-11-20,NA,NA,0,NA,NA,0,NA,NA,0,NA,NA
"3596",2002-11-21,NA,NA,0,NA,NA,0,NA,NA,0,NA,NA
"3597",2002-11-22,NA,NA,0,NA,NA,0,NA,NA,0,NA,NA
"3598",2002-11-25,NA,NA,0,NA,NA,0,NA,NA,0,NA,NA
"3599",2002-11-26,NA,NA,0,NA,NA,0,NA,NA,0,NA,NA
"3600",2002-11-27,NA,NA,0,NA,NA,0,NA,NA,0,NA,NA
"3601",2002-11-28,NA,NA,0,NA,NA,0,NA,NA,0,NA,NA
"3602",2002-11-29,NA,NA,0,NA,NA,0,NA,NA,0,NA,NA
"3603",2002-12-02,NA,NA,0,NA,NA,0,NA,NA,0,NA,NA
"3604",2002-12-03,NA,NA,0,NA,NA,0,NA,NA,0,NA,NA
"3605",2002-12-04,NA,NA,0,NA,NA,0,NA,NA,0,NA,NA
"3606",2002-12-05,NA,NA,0,NA,NA,0,NA,NA,0,NA,NA
"3607",2002-12-06,NA,NA,0,NA,NA,0,NA,NA,0,NA,NA
"3608",2002-12-09,NA,NA,0,NA,NA,0,NA,NA,0,NA,NA
"3609",2002-12-10,NA,NA,0,NA,NA,0,NA,NA,0,NA,NA
"3610",2002-12-11,NA,NA,0,NA,NA,0,NA,NA,0,NA,NA
"3611",2002-12-12,NA,NA,0,NA,NA,0,NA,NA,0,NA,NA
"3612",2002-12-13,NA,NA,0,NA,NA,0,NA,NA,0,NA,NA
"3613",2002-12-16,NA,NA,0,NA,NA,0,NA,NA,0,NA,NA
"3614",2002-12-17,NA,NA,0,NA,NA,0,NA,NA,0,NA,NA
"3615",2002-12-18,NA,NA,0,NA,NA,0,NA,NA,0,NA,NA
"3616",2002-12-20,NA,NA,0,NA,NA,0,NA,NA,0,NA,NA
"3617",2002-12-23,NA,NA,0,NA,NA,0,NA,NA,0,NA,NA
"3618",2002-12-24,NA,NA,0,NA,NA,0,NA,NA,0,NA,NA
"3619",2002-12-26,NA,NA,0,NA,NA,0,NA,NA,0,NA,NA
"3620",2002-12-27,NA,NA,0,NA,NA,0,NA,NA,0,NA,NA
"3621",2002-12-30,NA,NA,0,NA,NA,0,NA,NA,0,NA,NA
"3622",2003-01-02,NA,NA,0,NA,NA,0,NA,NA,0,NA,NA
"3623",2003-01-03,NA,NA,0,NA,NA,0,NA,NA,0,NA,NA
"3624",2003-01-06,NA,NA,0,NA,NA,0,NA,NA,0,NA,NA
"3625",2003-01-07,NA,NA,0,NA,NA,0,NA,NA,0,NA,NA
"3626",2003-01-08,NA,NA,0,NA,NA,0,NA,NA,0,NA,NA
"3627",2003-01-09,NA,NA,0,NA,NA,0,NA,NA,0,NA,NA
"3628",2003-01-10,NA,NA,0,NA,NA,0,NA,NA,0,NA,NA
"3629",2003-01-13,NA,NA,0,NA,NA,0,NA,NA,0,NA,NA
"3630",2003-01-14,NA,NA,0,NA,NA,0,NA,NA,0,NA,NA
"3631",2003-01-15,NA,NA,0,NA,NA,0,NA,NA,0,NA,NA
"3632",2003-01-16,NA,NA,0,NA,NA,0,NA,NA,0,NA,NA
"3633",2003-01-17,NA,NA,0,NA,NA,0,NA,NA,0,NA,NA
"3634",2003-01-20,NA,NA,0,NA,NA,0,NA,NA,0,NA,NA
"3635",2003-01-21,NA,NA,0,NA,NA,0,NA,NA,0,NA,NA
"3636",2003-01-22,NA,NA,0,NA,NA,0,NA,NA,0,NA,NA
"3637",2003-01-23,NA,NA,0,NA,NA,0,NA,NA,0,NA,NA
"3638",2003-01-24,NA,NA,0,NA,NA,0,NA,NA,0,NA,NA
"3639",2003-01-27,NA,NA,0,NA,NA,0,NA,NA,0,NA,NA
"3640",2003-01-28,NA,NA,0,NA,NA,0,NA,NA,0,NA,NA
"3641",2003-01-29,NA,NA,0,NA,NA,0,NA,NA,0,NA,NA
"3642",2003-01-30,NA,NA,0,NA,NA,0,NA,NA,0,NA,NA
"3643",2003-02-03,NA,NA,0,NA,NA,0,NA,NA,0,NA,NA
"3644",2003-02-04,NA,NA,0,NA,NA,0,NA,NA,0,NA,NA
"3645",2003-02-05,NA,NA,0,NA,NA,0,NA,NA,0,NA,NA
"3646",2003-02-06,NA,NA,0,NA,NA,0,NA,NA,0,NA,NA
"3647",2003-02-07,NA,NA,0,NA,NA,0,NA,NA,0,NA,NA
"3648",2003-02-10,NA,NA,0,NA,NA,0,NA,NA,0,NA,NA
"3649",2003-02-11,NA,NA,0,NA,NA,0,NA,NA,0,NA,NA
"3650",2003-02-12,NA,NA,0,NA,NA,0,NA,NA,0,NA,NA
"3651",2003-02-13,NA,NA,0,NA,NA,0,NA,NA,0,NA,NA
"3652",2003-02-14,NA,NA,0,NA,NA,0,NA,NA,0,NA,NA
"3653",2003-02-17,NA,NA,0,NA,NA,0,NA,NA,0,NA,NA
"3654",2003-02-18,NA,NA,0,NA,NA,0,NA,NA,0,NA,NA
"3655",2003-02-19,NA,NA,0,NA,NA,0,NA,NA,0,NA,NA
"3656",2003-02-20,NA,NA,0,NA,NA,0,NA,NA,0,NA,NA
"3657",2003-02-21,NA,NA,0,NA,NA,0,NA,NA,0,NA,NA
"3658",2003-02-24,NA,NA,0,NA,NA,0,NA,NA,0,NA,NA
"3659",2003-02-25,NA,NA,0,NA,NA,0,NA,NA,0,NA,NA
"3660",2003-02-26,NA,NA,0,NA,NA,0,NA,NA,0,NA,NA
"3661",2003-02-27,NA,NA,0,NA,NA,0,NA,NA,0,NA,NA
"3662",2003-02-28,NA,NA,0,NA,NA,0,NA,NA,0,NA,NA
"3663",2003-03-03,NA,NA,0,NA,NA,0,NA,NA,0,NA,NA
"3664",2003-03-04,NA,NA,0,NA,NA,0,NA,NA,0,NA,NA
"3665",2003-03-05,NA,NA,0,NA,NA,0,NA,NA,0,NA,NA
"3666",2003-03-06,NA,NA,0,NA,NA,0,NA,NA,0,NA,NA
"3667",2003-03-07,NA,NA,0,NA,NA,0,NA,NA,0,NA,NA
"3668",2003-03-10,NA,NA,0,NA,NA,0,NA,NA,0,NA,NA
"3669",2003-03-11,NA,NA,0,NA,NA,0,NA,NA,0,NA,NA
"3670",2003-03-12,NA,NA,0,NA,NA,0,NA,NA,0,NA,NA
"3671",2003-03-13,NA,NA,0,NA,NA,0,NA,NA,0,NA,NA
"3672",2003-03-14,NA,NA,0,NA,NA,0,NA,NA,0,NA,NA
"3673",2003-03-17,NA,NA,0,NA,NA,0,NA,NA,0,NA,NA
"3674",2003-03-18,NA,NA,0,NA,NA,0,NA,NA,0,NA,NA
"3675",2003-03-19,NA,NA,0,NA,NA,0,NA,NA,0,NA,NA
"3676",2003-03-20,NA,NA,0,NA,NA,0,NA,NA,0,NA,NA
"3677",2003-03-21,NA,NA,0,NA,NA,0,NA,NA,0,NA,NA
"3678",2003-03-24,NA,NA,0,NA,NA,0,NA,NA,0,NA,NA
"3679",2003-03-25,NA,NA,0,NA,NA,0,NA,NA,0,NA,NA
"3680",2003-03-26,NA,NA,0,NA,NA,0,NA,NA,0,NA,NA
"3681",2003-03-27,NA,NA,0,NA,NA,0,NA,NA,0,NA,NA
"3682",2003-03-28,NA,NA,0,NA,NA,0,NA,NA,0,NA,NA
"3683",2003-03-31,NA,NA,0,NA,NA,0,NA,NA,0,NA,NA
"3684",2003-04-01,NA,NA,0,NA,NA,0,NA,NA,0,NA,NA
"3685",2003-04-02,NA,NA,0,NA,NA,0,NA,NA,0,NA,NA
"3686",2003-04-03,NA,NA,0,NA,NA,0,NA,NA,0,NA,NA
"3687",2003-04-04,NA,NA,0,NA,NA,0,NA,NA,0,NA,NA
"3688",2003-04-07,NA,NA,0,NA,NA,0,NA,NA,0,NA,NA
"3689",2003-04-08,NA,NA,0,NA,NA,0,NA,NA,0,NA,NA
"3690",2003-04-09,NA,NA,0,NA,NA,0,NA,NA,0,NA,NA
"3691",2003-04-10,NA,NA,0,NA,NA,0,NA,NA,0,NA,NA
"3692",2003-04-11,NA,NA,0,NA,NA,0,NA,NA,0,NA,NA
"3693",2003-04-14,NA,NA,0,NA,NA,0,NA,NA,0,NA,NA
"3694",2003-04-15,NA,NA,0,NA,NA,0,NA,NA,0,NA,NA
"3695",2003-04-16,NA,NA,0,NA,NA,0,NA,NA,0,NA,NA
"3696",2003-04-17,NA,NA,0,NA,NA,0,NA,NA,0,NA,NA
"3697",2003-04-18,NA,NA,0,NA,NA,0,NA,NA,0,NA,NA
"3698",2003-04-21,NA,NA,0,NA,NA,0,NA,NA,0,NA,NA
"3699",2003-04-22,NA,NA,0,NA,NA,0,NA,NA,0,NA,NA
"3700",2003-04-23,NA,NA,0,NA,NA,0,NA,NA,0,NA,NA
"3701",2003-04-24,NA,NA,0,NA,NA,0,NA,NA,0,NA,NA
"3702",2003-04-25,NA,NA,0,NA,NA,0,NA,NA,0,NA,NA
"3703",2003-04-28,NA,NA,0,NA,NA,0,NA,NA,0,NA,NA
"3704",2003-04-29,NA,NA,0,NA,NA,0,NA,NA,0,NA,NA
"3705",2003-04-30,NA,NA,0,NA,NA,0,NA,NA,0,NA,NA
"3706",2003-05-02,NA,NA,0,NA,NA,0,NA,NA,0,NA,NA
"3707",2003-05-06,NA,NA,0,NA,NA,0,NA,NA,0,NA,NA
"3708",2003-05-07,NA,NA,0,NA,NA,0,NA,NA,0,NA,NA
"3709",2003-05-09,NA,NA,0,NA,NA,0,NA,NA,0,NA,NA
"3710",2003-05-12,NA,NA,0,NA,NA,0,NA,NA,0,NA,NA
"3711",2003-05-13,NA,NA,0,NA,NA,0,NA,NA,0,NA,NA
"3712",2003-05-14,NA,NA,0,NA,NA,0,NA,NA,0,NA,NA
"3713",2003-05-15,NA,NA,0,NA,NA,0,NA,NA,0,NA,NA
"3714",2003-05-16,NA,NA,0,NA,NA,0,NA,NA,0,NA,NA
"3715",2003-05-19,NA,NA,0,NA,NA,0,NA,NA,0,NA,NA
"3716",2003-05-20,NA,NA,0,NA,NA,0,NA,NA,0,NA,NA
"3717",2003-05-21,NA,NA,0,NA,NA,0,NA,NA,0,NA,NA
"3718",2003-05-22,NA,NA,0,NA,NA,0,NA,NA,0,NA,NA
"3719",2003-05-23,NA,NA,0,NA,NA,0,NA,NA,0,NA,NA
"3720",2003-05-26,NA,NA,0,NA,NA,0,NA,NA,0,NA,NA
"3721",2003-05-27,NA,NA,0,NA,NA,0,NA,NA,0,NA,NA
"3722",2003-05-28,NA,NA,0,NA,NA,0,NA,NA,0,NA,NA
"3723",2003-05-29,NA,NA,0,NA,NA,0,NA,NA,0,NA,NA
"3724",2003-05-30,NA,NA,0,NA,NA,0,NA,NA,0,NA,NA
"3725",2003-06-02,NA,NA,0,NA,NA,0,NA,NA,0,NA,NA
"3726",2003-06-03,NA,NA,0,NA,NA,0,NA,NA,0,NA,NA
"3727",2003-06-04,NA,NA,0,NA,NA,0,NA,NA,0,NA,NA
"3728",2003-06-05,NA,NA,0,NA,NA,0,NA,NA,0,NA,NA
"3729",2003-06-09,NA,NA,0,NA,NA,0,NA,NA,0,NA,NA
"3730",2003-06-10,NA,NA,0,NA,NA,0,NA,NA,0,NA,NA
"3731",2003-06-11,NA,NA,0,NA,NA,0,NA,NA,0,NA,NA
"3732",2003-06-12,NA,NA,0,NA,NA,0,NA,NA,0,NA,NA
"3733",2003-06-13,NA,NA,0,NA,NA,0,NA,NA,0,NA,NA
"3734",2003-06-16,NA,NA,0,NA,NA,0,NA,NA,0,NA,NA
"3735",2003-06-17,NA,NA,0,NA,NA,0,NA,NA,0,NA,NA
"3736",2003-06-18,NA,NA,0,NA,NA,0,NA,NA,0,NA,NA
"3737",2003-06-19,NA,NA,0,NA,NA,0,NA,NA,0,NA,NA
"3738",2003-06-20,NA,NA,0,NA,NA,0,NA,NA,0,NA,NA
"3739",2003-06-23,NA,NA,0,NA,NA,0,NA,NA,0,NA,NA
"3740",2003-06-24,NA,NA,0,NA,NA,0,NA,NA,0,NA,NA
"3741",2003-06-25,NA,NA,0,NA,NA,0,NA,NA,0,NA,NA
"3742",2003-06-26,NA,NA,0,NA,NA,0,NA,NA,0,NA,NA
"3743",2003-06-27,NA,NA,0,NA,NA,0,NA,NA,0,NA,NA
"3744",2003-06-30,NA,NA,0,NA,NA,0,NA,NA,0,NA,NA
"3745",2003-07-01,NA,NA,0,NA,NA,0,NA,NA,0,NA,NA
"3746",2003-07-02,NA,NA,0,NA,NA,0,NA,NA,0,NA,NA
"3747",2003-07-03,NA,NA,0,NA,NA,0,NA,NA,0,NA,NA
"3748",2003-07-04,NA,NA,0,NA,NA,0,NA,NA,0,NA,NA
"3749",2003-07-07,NA,NA,0,NA,NA,0,NA,NA,0,NA,NA
"3750",2003-07-08,NA,NA,0,NA,NA,0,NA,NA,0,NA,NA
"3751",2003-07-09,NA,NA,0,NA,NA,0,NA,NA,0,NA,NA
"3752",2003-07-10,NA,NA,0,NA,NA,0,NA,NA,0,NA,NA
"3753",2003-07-11,NA,NA,0,NA,NA,0,NA,NA,0,NA,NA
"3754",2003-07-14,NA,NA,0,NA,NA,0,NA,NA,0,NA,NA
"3755",2003-07-15,NA,NA,0,NA,NA,0,NA,NA,0,NA,NA
"3756",2003-07-16,NA,NA,0,NA,NA,0,NA,NA,0,NA,NA
"3757",2003-07-18,NA,NA,0,NA,NA,0,NA,NA,0,NA,NA
"3758",2003-07-21,NA,NA,0,NA,NA,0,NA,NA,0,NA,NA
"3759",2003-07-22,NA,NA,0,NA,NA,0,NA,NA,0,NA,NA
"3760",2003-07-23,NA,NA,0,NA,NA,0,NA,NA,0,NA,NA
"3761",2003-07-24,NA,NA,0,NA,NA,0,NA,NA,0,NA,NA
"3762",2003-07-25,NA,NA,0,NA,NA,0,NA,NA,0,NA,NA
"3763",2003-07-28,NA,NA,0,NA,NA,0,NA,NA,0,NA,NA
"3764",2003-07-29,NA,NA,0,NA,NA,0,NA,NA,0,NA,NA
"3765",2003-07-30,NA,NA,0,NA,NA,0,NA,NA,0,NA,NA
"3766",2003-07-31,NA,NA,0,NA,NA,0,NA,NA,0,NA,NA
"3767",2003-08-01,NA,NA,0,NA,NA,0,NA,NA,0,NA,NA
"3768",2003-08-04,NA,NA,0,NA,NA,0,NA,NA,0,NA,NA
"3769",2003-08-05,NA,NA,0,NA,NA,0,NA,NA,0,NA,NA
"3770",2003-08-06,NA,NA,0,NA,NA,0,NA,NA,0,NA,NA
"3771",2003-08-07,NA,NA,0,NA,NA,0,NA,NA,0,NA,NA
"3772",2003-08-08,NA,NA,0,NA,NA,0,NA,NA,0,NA,NA
"3773",2003-08-11,NA,NA,0,NA,NA,0,NA,NA,0,NA,NA
"3774",2003-08-12,NA,NA,0,NA,NA,0,NA,NA,0,NA,NA
"3775",2003-08-13,NA,NA,0,NA,NA,0,NA,NA,0,NA,NA
"3776",2003-08-14,NA,NA,0,NA,NA,0,NA,NA,0,NA,NA
"3777",2003-08-18,NA,NA,0,NA,NA,0,NA,NA,0,NA,NA
"3778",2003-08-19,NA,NA,0,NA,NA,0,NA,NA,0,NA,NA
"3779",2003-08-20,NA,NA,0,NA,NA,0,NA,NA,0,NA,NA
"3780",2003-08-21,NA,NA,0,NA,NA,0,NA,NA,0,NA,NA
"3781",2003-08-22,NA,NA,0,NA,NA,0,NA,NA,0,NA,NA
"3782",2003-08-25,NA,NA,0,NA,NA,0,NA,NA,0,NA,NA
"3783",2003-08-26,NA,NA,0,NA,NA,0,NA,NA,0,NA,NA
"3784",2003-08-27,NA,NA,0,NA,NA,0,NA,NA,0,NA,NA
"3785",2003-08-28,NA,NA,0,NA,NA,0,NA,NA,0,NA,NA
"3786",2003-08-29,NA,NA,0,NA,NA,0,NA,NA,0,NA,NA
"3787",2003-09-01,NA,NA,0,NA,NA,0,NA,NA,0,NA,NA
"3788",2003-09-02,NA,NA,0,NA,NA,0,NA,NA,0,NA,NA
"3789",2003-09-03,NA,NA,0,NA,NA,0,NA,NA,0,NA,NA
"3790",2003-09-04,NA,NA,0,NA,NA,0,NA,NA,0,NA,NA
"3791",2003-09-05,NA,NA,0,NA,NA,0,NA,NA,0,NA,NA
"3792",2003-09-08,NA,NA,0,NA,NA,0,NA,NA,0,NA,NA
"3793",2003-09-09,NA,NA,0,NA,NA,0,NA,NA,0,NA,NA
"3794",2003-09-15,NA,NA,0,NA,NA,0,NA,NA,0,NA,NA
"3795",2003-09-16,NA,NA,0,NA,NA,0,NA,NA,0,NA,NA
"3796",2003-09-17,NA,NA,0,NA,NA,0,NA,NA,0,NA,NA
"3797",2003-09-18,NA,NA,0,NA,NA,0,NA,NA,0,NA,NA
"3798",2003-09-19,NA,NA,0,NA,NA,0,NA,NA,0,NA,NA
"3799",2003-09-22,NA,NA,0,NA,NA,0,NA,NA,0,NA,NA
"3800",2003-09-23,NA,NA,0,NA,NA,0,NA,NA,0,NA,NA
"3801",2003-09-24,NA,NA,0,NA,NA,0,NA,NA,0,NA,NA
"3802",2003-09-25,NA,NA,0,NA,NA,0,NA,NA,0,NA,NA
"3803",2003-09-26,NA,NA,0,NA,NA,0,NA,NA,0,NA,NA
"3804",2003-09-29,NA,NA,0,NA,NA,0,NA,NA,0,NA,NA
"3805",2003-09-30,NA,NA,0,NA,NA,0,NA,NA,0,NA,NA
"3806",2003-10-01,NA,NA,0,NA,NA,0,NA,NA,0,NA,NA
"3807",2003-10-02,NA,NA,0,NA,NA,0,NA,NA,0,NA,NA
"3808",2003-10-06,NA,NA,0,NA,NA,0,NA,NA,0,NA,NA
"3809",2003-10-07,NA,NA,0,NA,NA,0,NA,NA,0,NA,NA
"3810",2003-10-08,NA,NA,0,NA,NA,0,NA,NA,0,NA,NA
"3811",2003-10-09,NA,NA,0,NA,NA,0,NA,NA,0,NA,NA
"3812",2003-10-10,NA,NA,0,NA,NA,0,NA,NA,0,NA,NA
"3813",2003-10-13,NA,NA,0,NA,NA,0,NA,NA,0,NA,NA
"3814",2003-10-14,NA,NA,0,NA,NA,0,NA,NA,0,NA,NA
"3815",2003-10-15,NA,NA,0,NA,NA,0,NA,NA,0,NA,NA
"3816",2003-10-16,NA,NA,0,NA,NA,0,NA,NA,0,NA,NA
"3817",2003-10-17,NA,NA,0,NA,NA,0,NA,NA,0,NA,NA
"3818",2003-10-20,NA,NA,0,NA,NA,0,NA,NA,0,NA,NA
"3819",2003-10-21,NA,NA,0,NA,NA,0,NA,NA,0,NA,NA
"3820",2003-10-22,NA,NA,0,NA,NA,0,NA,NA,0,NA,NA
"3821",2003-10-23,NA,NA,0,NA,NA,0,NA,NA,0,NA,NA
"3822",2003-10-24,NA,NA,0,NA,NA,0,NA,NA,0,NA,NA
"3823",2003-10-27,NA,NA,0,NA,NA,0,NA,NA,0,NA,NA
"3824",2003-10-28,NA,NA,0,NA,NA,0,NA,NA,0,NA,NA
"3825",2003-10-29,NA,NA,0,NA,NA,0,NA,NA,0,NA,NA
"3826",2003-10-30,NA,NA,0,NA,NA,0,NA,NA,0,NA,NA
"3827",2003-10-31,NA,NA,0,NA,NA,0,NA,NA,0,NA,NA
"3828",2003-11-03,NA,NA,0,NA,NA,0,NA,NA,0,NA,NA
"3829",2003-11-04,NA,NA,0,NA,NA,0,NA,NA,0,NA,NA
"3830",2003-11-05,NA,NA,0,NA,NA,0,NA,NA,0,NA,NA
"3831",2003-11-06,NA,NA,0,NA,NA,0,NA,NA,0,NA,NA
"3832",2003-11-07,NA,NA,0,NA,NA,0,NA,NA,0,NA,NA
"3833",2003-11-10,NA,NA,0,NA,NA,0,NA,NA,0,NA,NA
"3834",2003-11-11,NA,NA,0,NA,NA,0,NA,NA,0,NA,NA
"3835",2003-11-12,NA,NA,0,NA,NA,0,NA,NA,0,NA,NA
"3836",2003-11-13,NA,NA,0,NA,NA,0,NA,NA,0,NA,NA
"3837",2003-11-14,NA,NA,0,NA,NA,0,NA,NA,0,NA,NA
"3838",2003-11-17,NA,NA,0,NA,NA,0,NA,NA,0,NA,NA
"3839",2003-11-18,NA,NA,0,NA,NA,0,NA,NA,0,NA,NA
"3840",2003-11-19,NA,NA,0,NA,NA,0,NA,NA,0,NA,NA
"3841",2003-11-20,NA,NA,0,NA,NA,0,NA,NA,0,NA,NA
"3842",2003-11-21,NA,NA,0,NA,NA,0,NA,NA,0,NA,NA
"3843",2003-11-24,NA,NA,0,NA,NA,0,NA,NA,0,NA,NA
"3844",2003-11-25,NA,NA,0,NA,NA,0,NA,NA,0,NA,NA
"3845",2003-11-26,NA,NA,0,NA,NA,0,NA,NA,0,NA,NA
"3846",2003-11-27,NA,NA,0,NA,NA,0,NA,NA,0,NA,NA
"3847",2003-11-28,NA,NA,0,NA,NA,0,NA,NA,0,NA,NA
"3848",2003-12-01,NA,NA,0,NA,NA,0,NA,NA,0,NA,NA
"3849",2003-12-02,NA,NA,0,NA,NA,0,NA,NA,0,NA,NA
"3850",2003-12-03,NA,NA,0,NA,NA,0,NA,NA,0,NA,NA
"3851",2003-12-04,NA,NA,0,NA,NA,0,NA,NA,0,NA,NA
"3852",2003-12-05,NA,NA,0,NA,NA,0,NA,NA,0,NA,NA
"3853",2003-12-08,NA,NA,0,NA,NA,0,NA,NA,0,NA,NA
"3854",2003-12-09,NA,NA,0,NA,NA,0,NA,NA,0,NA,NA
"3855",2003-12-10,NA,NA,0,NA,NA,0,NA,NA,0,NA,NA
"3856",2003-12-11,NA,NA,0,NA,NA,0,NA,NA,0,NA,NA
"3857",2003-12-12,NA,NA,0,NA,NA,0,NA,NA,0,NA,NA
"3858",2003-12-15,NA,NA,0,NA,NA,0,NA,NA,0,NA,NA
"3859",2003-12-16,NA,NA,0,NA,NA,0,NA,NA,0,NA,NA
"3860",2003-12-17,NA,NA,0,NA,NA,0,NA,NA,0,NA,NA
"3861",2003-12-18,NA,NA,0,NA,NA,0,NA,NA,0,NA,NA
"3862",2003-12-19,NA,NA,0,NA,NA,0,NA,NA,0,NA,NA
"3863",2003-12-22,NA,NA,0,NA,NA,0,NA,NA,0,NA,NA
"3864",2003-12-23,NA,NA,0,NA,NA,0,NA,NA,0,NA,NA
"3865",2003-12-24,NA,NA,0,NA,NA,0,NA,NA,0,NA,NA
"3866",2003-12-26,NA,NA,0,NA,NA,0,NA,NA,0,NA,NA
"3867",2003-12-29,NA,NA,0,NA,NA,0,NA,NA,0,NA,NA
"3868",2003-12-30,NA,NA,0,NA,NA,0,NA,NA,0,NA,NA
"3869",2004-01-02,NA,NA,0,NA,NA,0,NA,NA,0,NA,NA
"3870",2004-01-05,NA,NA,0,NA,NA,0,NA,NA,0,NA,NA
"3871",2004-01-06,NA,NA,0,NA,NA,0,NA,NA,0,NA,NA
"3872",2004-01-07,NA,NA,0,NA,NA,0,NA,NA,0,NA,NA
"3873",2004-01-08,NA,NA,0,NA,NA,0,NA,NA,0,NA,NA
"3874",2004-01-09,NA,NA,0,NA,NA,0,NA,NA,0,NA,NA
"3875",2004-01-12,NA,NA,0,NA,NA,0,NA,NA,0,NA,NA
"3876",2004-01-13,NA,NA,0,NA,NA,0,NA,NA,0,NA,NA
"3877",2004-01-14,NA,NA,0,NA,NA,0,NA,NA,0,NA,NA
"3878",2004-01-15,NA,NA,0,NA,NA,0,NA,NA,0,NA,NA
"3879",2004-01-16,NA,NA,0,NA,NA,0,NA,NA,0,NA,NA
"3880",2004-01-19,NA,NA,0,NA,NA,0,NA,NA,0,NA,NA
"3881",2004-01-20,NA,NA,0,NA,NA,0,NA,NA,0,NA,NA
"3882",2004-01-26,NA,NA,0,NA,NA,0,NA,NA,0,NA,NA
"3883",2004-01-27,NA,NA,0,NA,NA,0,NA,NA,0,NA,NA
"3884",2004-01-28,NA,NA,0,NA,NA,0,NA,NA,0,NA,NA
"3885",2004-01-29,NA,NA,0,NA,NA,0,NA,NA,0,NA,NA
"3886",2004-01-30,NA,NA,0,NA,NA,0,NA,NA,0,NA,NA
"3887",2004-02-02,NA,NA,0,NA,NA,0,NA,NA,0,NA,NA
"3888",2004-02-03,NA,NA,0,NA,NA,0,NA,NA,0,NA,NA
"3889",2004-02-04,NA,NA,0,NA,NA,0,NA,NA,0,NA,NA
"3890",2004-02-05,NA,NA,0,NA,NA,0,NA,NA,0,NA,NA
"3891",2004-02-06,NA,NA,0,NA,NA,0,NA,NA,0,NA,NA
"3892",2004-02-09,NA,NA,0,NA,NA,0,NA,NA,0,NA,NA
"3893",2004-02-10,NA,NA,0,NA,NA,0,NA,NA,0,NA,NA
"3894",2004-02-11,NA,NA,0,NA,NA,0,NA,NA,0,NA,NA
"3895",2004-02-12,NA,NA,0,NA,NA,0,NA,NA,0,NA,NA
"3896",2004-02-13,NA,NA,0,NA,NA,0,NA,NA,0,NA,NA
"3897",2004-02-16,NA,NA,0,NA,NA,0,NA,NA,0,NA,NA
"3898",2004-02-17,NA,NA,0,NA,NA,0,NA,NA,0,NA,NA
"3899",2004-02-18,NA,NA,0,NA,NA,0,NA,NA,0,NA,NA
"3900",2004-02-19,NA,NA,0,NA,NA,0,NA,NA,0,NA,NA
"3901",2004-02-20,NA,NA,0,NA,NA,0,NA,NA,0,NA,NA
"3902",2004-02-23,NA,NA,0,NA,NA,0,NA,NA,0,NA,NA
"3903",2004-02-24,NA,NA,0,NA,NA,0,NA,NA,0,NA,NA
"3904",2004-02-25,NA,NA,0,NA,NA,0,NA,NA,0,NA,NA
"3905",2004-02-26,NA,NA,0,NA,NA,0,NA,NA,0,NA,NA
"3906",2004-02-27,NA,NA,0,NA,NA,0,NA,NA,0,NA,NA
"3907",2004-03-02,NA,NA,0,NA,NA,0,NA,NA,0,NA,NA
"3908",2004-03-03,NA,NA,0,NA,NA,0,NA,NA,0,NA,NA
"3909",2004-03-04,NA,NA,0,NA,NA,0,NA,NA,0,NA,NA
"3910",2004-03-05,NA,NA,0,NA,NA,0,NA,NA,0,NA,NA
"3911",2004-03-08,NA,NA,0,NA,NA,0,NA,NA,0,NA,NA
"3912",2004-03-09,NA,NA,0,NA,NA,0,NA,NA,0,NA,NA
"3913",2004-03-10,NA,NA,0,NA,NA,0,NA,NA,0,NA,NA
"3914",2004-03-11,NA,NA,0,NA,NA,0,NA,NA,0,NA,NA
"3915",2004-03-12,NA,NA,0,NA,NA,0,NA,NA,0,NA,NA
"3916",2004-03-15,NA,NA,0,NA,NA,0,NA,NA,0,NA,NA
"3917",2004-03-16,NA,NA,0,NA,NA,0,NA,NA,0,NA,NA
"3918",2004-03-17,NA,NA,0,NA,NA,0,NA,NA,0,NA,NA
"3919",2004-03-18,NA,NA,0,NA,NA,0,NA,NA,0,NA,NA
"3920",2004-03-19,NA,NA,0,NA,NA,0,NA,NA,0,NA,NA
"3921",2004-03-22,NA,NA,0,NA,NA,0,NA,NA,0,NA,NA
"3922",2004-03-23,NA,NA,0,NA,NA,0,NA,NA,0,NA,NA
"3923",2004-03-24,NA,NA,0,NA,NA,0,NA,NA,0,NA,NA
"3924",2004-03-25,NA,NA,0,NA,NA,0,NA,NA,0,NA,NA
"3925",2004-03-26,NA,NA,0,NA,NA,0,NA,NA,0,NA,NA
"3926",2004-03-29,NA,NA,0,NA,NA,0,NA,NA,0,NA,NA
"3927",2004-03-30,NA,NA,0,NA,NA,0,NA,NA,0,NA,NA
"3928",2004-03-31,NA,NA,0,NA,NA,0,NA,NA,0,NA,NA
"3929",2004-04-01,NA,NA,0,NA,NA,0,NA,NA,0,NA,NA
"3930",2004-04-02,NA,NA,0,NA,NA,0,NA,NA,0,NA,NA
"3931",2004-04-06,NA,NA,0,NA,NA,0,NA,NA,0,NA,NA
"3932",2004-04-07,NA,NA,0,NA,NA,0,NA,NA,0,NA,NA
"3933",2004-04-08,NA,NA,0,NA,NA,0,NA,NA,0,NA,NA
"3934",2004-04-09,NA,NA,0,NA,NA,0,NA,NA,0,NA,NA
"3935",2004-04-12,NA,NA,0,NA,NA,0,NA,NA,0,NA,NA
"3936",2004-04-13,NA,NA,0,NA,NA,0,NA,NA,0,NA,NA
"3937",2004-04-14,NA,NA,0,NA,NA,0,NA,NA,0,NA,NA
"3938",2004-04-16,NA,NA,0,NA,NA,0,NA,NA,0,NA,NA
"3939",2004-04-19,NA,NA,0,NA,NA,0,NA,NA,0,NA,NA
"3940",2004-04-20,NA,NA,0,NA,NA,0,NA,NA,0,NA,NA
"3941",2004-04-21,NA,NA,0,NA,NA,0,NA,NA,0,NA,NA
"3942",2004-04-22,NA,NA,0,NA,NA,0,NA,NA,0,NA,NA
"3943",2004-04-23,NA,NA,0,NA,NA,0,NA,NA,0,NA,NA
"3944",2004-04-26,NA,NA,0,NA,NA,0,NA,NA,0,NA,NA
"3945",2004-04-27,NA,NA,0,NA,NA,0,NA,NA,0,NA,NA
"3946",2004-04-28,NA,NA,0,NA,NA,0,NA,NA,0,NA,NA
"3947",2004-04-29,NA,NA,0,NA,NA,0,NA,NA,0,NA,NA
"3948",2004-04-30,NA,NA,0,NA,NA,0,NA,NA,0,NA,NA
"3949",2004-05-03,NA,NA,0,NA,NA,0,NA,NA,0,NA,NA
"3950",2004-05-04,NA,NA,0,NA,NA,0,NA,NA,0,NA,NA
"3951",2004-05-06,NA,NA,0,NA,NA,0,NA,NA,0,NA,NA
"3952",2004-05-07,NA,NA,0,NA,NA,0,NA,NA,0,NA,NA
"3953",2004-05-10,NA,NA,0,NA,NA,0,NA,NA,0,NA,NA
"3954",2004-05-11,NA,NA,0,NA,NA,0,NA,NA,0,NA,NA
"3955",2004-05-12,NA,NA,0,NA,NA,0,NA,NA,0,NA,NA
"3956",2004-05-13,NA,NA,0,NA,NA,0,NA,NA,0,NA,NA
"3957",2004-05-14,NA,NA,0,NA,NA,0,NA,NA,0,NA,NA
"3958",2004-05-17,NA,NA,0,NA,NA,0,NA,NA,0,NA,NA
"3959",2004-05-18,NA,NA,0,NA,NA,0,NA,NA,0,NA,NA
"3960",2004-05-19,NA,NA,0,NA,NA,0,NA,NA,0,NA,NA
"3961",2004-05-20,NA,NA,0,NA,NA,0,NA,NA,0,NA,NA
"3962",2004-05-21,NA,NA,0,NA,NA,0,NA,NA,0,NA,NA
"3963",2004-05-24,NA,NA,0,NA,NA,0,NA,NA,0,NA,NA
"3964",2004-05-25,NA,NA,0,NA,NA,0,NA,NA,0,NA,NA
"3965",2004-05-27,NA,NA,0,NA,NA,0,NA,NA,0,NA,NA
"3966",2004-05-28,NA,NA,0,NA,NA,0,NA,NA,0,NA,NA
"3967",2004-05-31,NA,NA,0,NA,NA,0,NA,NA,0,NA,NA
"3968",2004-06-01,NA,NA,0,NA,NA,0,NA,NA,0,NA,NA
"3969",2004-06-02,NA,NA,0,NA,NA,0,NA,NA,0,NA,NA
"3970",2004-06-03,NA,NA,0,NA,NA,0,NA,NA,0,NA,NA
"3971",2004-06-04,NA,NA,0,NA,NA,0,NA,NA,0,NA,NA
"3972",2004-06-07,NA,NA,0,NA,NA,0,NA,NA,0,NA,NA
"3973",2004-06-08,NA,NA,0,NA,NA,0,NA,NA,0,NA,NA
"3974",2004-06-09,NA,NA,0,NA,NA,0,NA,NA,0,NA,NA
"3975",2004-06-10,NA,NA,0,NA,NA,0,NA,NA,0,NA,NA
"3976",2004-06-11,NA,NA,0,NA,NA,0,NA,NA,0,NA,NA
"3977",2004-06-14,NA,NA,0,NA,NA,0,NA,NA,0,NA,NA
"3978",2004-06-15,NA,NA,0,NA,NA,0,NA,NA,0,NA,NA
"3979",2004-06-16,NA,NA,0,NA,NA,0,NA,NA,0,NA,NA
"3980",2004-06-17,NA,NA,0,NA,NA,0,NA,NA,0,NA,NA
"3981",2004-06-18,NA,NA,0,NA,NA,0,NA,NA,0,NA,NA
"3982",2004-06-21,NA,NA,0,NA,NA,0,NA,NA,0,NA,NA
"3983",2004-06-22,NA,NA,0,NA,NA,0,NA,NA,0,NA,NA
"3984",2004-06-23,NA,NA,0,NA,NA,0,NA,NA,0,NA,NA
"3985",2004-06-24,NA,NA,0,NA,NA,0,NA,NA,0,NA,NA
"3986",2004-06-25,NA,NA,0,NA,NA,0,NA,NA,0,NA,NA
"3987",2004-06-28,NA,NA,0,NA,NA,0,NA,NA,0,NA,NA
"3988",2004-06-29,NA,NA,0,NA,NA,0,NA,NA,0,NA,NA
"3989",2004-06-30,NA,NA,0,NA,NA,0,NA,NA,0,NA,NA
"3990",2004-07-01,NA,NA,0,NA,NA,0,NA,NA,0,NA,NA
"3991",2004-07-02,NA,NA,0,NA,NA,0,NA,NA,0,NA,NA
"3992",2004-07-05,NA,NA,0,NA,NA,0,NA,NA,0,NA,NA
"3993",2004-07-06,NA,NA,0,NA,NA,0,NA,NA,0,NA,NA
"3994",2004-07-07,NA,NA,0,NA,NA,0,NA,NA,0,NA,NA
"3995",2004-07-08,NA,NA,0,NA,NA,0,NA,NA,0,NA,NA
"3996",2004-07-09,NA,NA,0,NA,NA,0,NA,NA,0,NA,NA
"3997",2004-07-12,NA,NA,0,NA,NA,0,NA,NA,0,NA,NA
"3998",2004-07-13,NA,NA,0,NA,NA,0,NA,NA,0,NA,NA
"3999",2004-07-14,NA,NA,0,NA,NA,0,NA,NA,0,NA,NA
"4000",2004-07-15,NA,NA,0,NA,NA,0,NA,NA,0,NA,NA
"4001",2004-07-16,NA,NA,0,NA,NA,0,NA,NA,0,NA,NA
"4002",2004-07-19,NA,NA,0,NA,NA,0,NA,NA,0,NA,NA
"4003",2004-07-20,NA,NA,0,NA,NA,0,NA,NA,0,NA,NA
"4004",2004-07-21,NA,NA,0,NA,NA,0,NA,NA,0,NA,NA
"4005",2004-07-22,NA,NA,0,NA,NA,0,NA,NA,0,NA,NA
"4006",2004-07-23,NA,NA,0,NA,NA,0,NA,NA,0,NA,NA
"4007",2004-07-26,NA,NA,0,NA,NA,0,NA,NA,0,NA,NA
"4008",2004-07-27,NA,NA,0,NA,NA,0,NA,NA,0,NA,NA
"4009",2004-07-28,NA,NA,0,NA,NA,0,NA,NA,0,NA,NA
"4010",2004-07-29,NA,NA,0,NA,NA,0,NA,NA,0,NA,NA
"4011",2004-07-30,NA,NA,0,NA,NA,0,NA,NA,0,NA,NA
"4012",2004-08-02,NA,NA,0,NA,NA,0,NA,NA,0,NA,NA
"4013",2004-08-03,NA,NA,0,NA,NA,0,NA,NA,0,NA,NA
"4014",2004-08-04,NA,NA,0,NA,NA,0,NA,NA,0,NA,NA
"4015",2004-08-05,NA,NA,0,NA,NA,0,NA,NA,0,NA,NA
"4016",2004-08-06,NA,NA,0,NA,NA,0,NA,NA,0,NA,NA
"4017",2004-08-09,NA,NA,0,NA,NA,0,NA,NA,0,NA,NA
"4018",2004-08-10,NA,NA,0,NA,NA,0,NA,NA,0,NA,NA
"4019",2004-08-11,NA,NA,0,NA,NA,0,NA,NA,0,NA,NA
"4020",2004-08-12,NA,NA,0,NA,NA,0,NA,NA,0,NA,NA
"4021",2004-08-13,NA,NA,0,NA,NA,0,NA,NA,0,NA,NA
"4022",2004-08-16,NA,NA,0,NA,NA,0,NA,NA,0,NA,NA
"4023",2004-08-17,NA,NA,0,NA,NA,0,NA,NA,0,NA,NA
"4024",2004-08-18,NA,NA,0,NA,NA,0,NA,NA,0,NA,NA
"4025",2004-08-19,NA,NA,0,NA,NA,0,NA,NA,0,NA,NA
"4026",2004-08-20,NA,NA,0,NA,NA,0,NA,NA,0,NA,NA
"4027",2004-08-23,NA,NA,0,NA,NA,0,NA,NA,0,NA,NA
"4028",2004-08-24,NA,NA,0,NA,NA,0,NA,NA,0,NA,NA
"4029",2004-08-25,NA,NA,0,NA,NA,0,NA,NA,0,NA,NA
"4030",2004-08-26,NA,NA,0,NA,NA,0,NA,NA,0,NA,NA
"4031",2004-08-27,NA,NA,0,NA,NA,0,NA,NA,0,NA,NA
"4032",2004-08-30,NA,NA,0,NA,NA,0,NA,NA,0,NA,NA
"4033",2004-08-31,NA,NA,0,NA,NA,0,NA,NA,0,NA,NA
"4034",2004-09-01,NA,NA,0,NA,NA,0,NA,NA,0,NA,NA
"4035",2004-09-02,NA,NA,0,NA,NA,0,NA,NA,0,NA,NA
"4036",2004-09-03,NA,NA,0,NA,NA,0,NA,NA,0,NA,NA
"4037",2004-09-06,NA,NA,0,NA,NA,0,NA,NA,0,NA,NA
"4038",2004-09-07,NA,NA,0,NA,NA,0,NA,NA,0,NA,NA
"4039",2004-09-08,NA,NA,0,NA,NA,0,NA,NA,0,NA,NA
"4040",2004-09-09,NA,NA,0,NA,NA,0,NA,NA,0,NA,NA
"4041",2004-09-10,NA,NA,0,NA,NA,0,NA,NA,0,NA,NA
"4042",2004-09-13,NA,NA,0,NA,NA,0,NA,NA,0,NA,NA
"4043",2004-09-14,NA,NA,0,NA,NA,0,NA,NA,0,NA,NA
"4044",2004-09-15,NA,NA,0,NA,NA,0,NA,NA,0,NA,NA
"4045",2004-09-16,NA,NA,0,NA,NA,0,NA,NA,0,NA,NA
"4046",2004-09-17,NA,NA,0,NA,NA,0,NA,NA,0,NA,NA
"4047",2004-09-20,NA,NA,0,NA,NA,0,NA,NA,0,NA,NA
"4048",2004-09-21,NA,NA,0,NA,NA,0,NA,NA,0,NA,NA
"4049",2004-09-22,NA,NA,0,NA,NA,0,NA,NA,0,NA,NA
"4050",2004-09-23,NA,NA,0,NA,NA,0,NA,NA,0,NA,NA
"4051",2004-09-24,NA,NA,0,NA,NA,0,NA,NA,0,NA,NA
"4052",2004-09-30,NA,NA,0,NA,NA,0,NA,NA,0,NA,NA
"4053",2004-10-01,NA,NA,0,NA,NA,0,NA,NA,0,NA,NA
"4054",2004-10-04,NA,NA,0,NA,NA,0,NA,NA,0,NA,NA
"4055",2004-10-05,NA,NA,0,NA,NA,0,NA,NA,0,NA,NA
"4056",2004-10-06,NA,NA,0,NA,NA,0,NA,NA,0,NA,NA
"4057",2004-10-07,NA,NA,0,NA,NA,0,NA,NA,0,NA,NA
"4058",2004-10-08,NA,NA,0,NA,NA,0,NA,NA,0,NA,NA
"4059",2004-10-11,NA,NA,0,NA,NA,0,NA,NA,0,NA,NA
"4060",2004-10-12,NA,NA,0,NA,NA,0,NA,NA,0,NA,NA
"4061",2004-10-13,NA,NA,0,NA,NA,0,NA,NA,0,NA,NA
"4062",2004-10-14,NA,NA,0,NA,NA,0,NA,NA,0,NA,NA
"4063",2004-10-15,NA,NA,0,NA,NA,0,NA,NA,0,NA,NA
"4064",2004-10-18,NA,NA,0,NA,NA,0,NA,NA,0,NA,NA
"4065",2004-10-19,NA,NA,0,NA,NA,0,NA,NA,0,NA,NA
"4066",2004-10-20,NA,NA,0,NA,NA,0,NA,NA,0,NA,NA
"4067",2004-10-21,NA,NA,0,NA,NA,0,NA,NA,0,NA,NA
"4068",2004-10-22,NA,NA,0,NA,NA,0,NA,NA,0,NA,NA
"4069",2004-10-25,NA,NA,0,NA,NA,0,NA,NA,0,NA,NA
"4070",2004-10-26,NA,NA,0,NA,NA,0,NA,NA,0,NA,NA
"4071",2004-10-27,NA,NA,0,NA,NA,0,NA,NA,0,NA,NA
"4072",2004-10-28,NA,NA,0,NA,NA,0,NA,NA,0,NA,NA
"4073",2004-10-29,NA,NA,0,NA,NA,0,NA,NA,0,NA,NA
"4074",2004-11-01,NA,NA,0,NA,NA,0,NA,NA,0,NA,NA
"4075",2004-11-02,NA,NA,0,NA,NA,0,NA,NA,0,NA,NA
"4076",2004-11-03,NA,NA,0,NA,NA,0,NA,NA,0,NA,NA
"4077",2004-11-04,NA,NA,0,NA,NA,0,NA,NA,0,NA,NA
"4078",2004-11-05,NA,NA,0,NA,NA,0,NA,NA,0,NA,NA
"4079",2004-11-08,NA,NA,0,NA,NA,0,NA,NA,0,NA,NA
"4080",2004-11-09,NA,NA,0,NA,NA,0,NA,NA,0,NA,NA
"4081",2004-11-10,NA,NA,0,NA,NA,0,NA,NA,0,NA,NA
"4082",2004-11-11,NA,NA,0,NA,NA,0,NA,NA,0,NA,NA
"4083",2004-11-12,NA,NA,0,NA,NA,0,NA,NA,0,NA,NA
"4084",2004-11-15,NA,NA,0,NA,NA,0,NA,NA,0,NA,NA
"4085",2004-11-16,NA,NA,0,NA,NA,0,NA,NA,0,NA,NA
"4086",2004-11-17,NA,NA,0,NA,NA,0,NA,NA,0,NA,NA
"4087",2004-11-18,NA,NA,0,NA,NA,0,NA,NA,0,NA,NA
"4088",2004-11-19,NA,NA,0,NA,NA,0,NA,NA,0,NA,NA
"4089",2004-11-22,NA,NA,0,NA,NA,0,NA,NA,0,NA,NA
"4090",2004-11-23,NA,NA,0,NA,NA,0,NA,NA,0,NA,NA
"4091",2004-11-24,NA,NA,0,NA,NA,0,NA,NA,0,NA,NA
"4092",2004-11-25,NA,NA,0,NA,NA,0,NA,NA,0,NA,NA
"4093",2004-11-26,NA,NA,0,NA,NA,0,NA,NA,0,NA,NA
"4094",2004-11-29,NA,NA,0,NA,NA,0,NA,NA,0,NA,NA
"4095",2004-11-30,NA,NA,0,NA,NA,0,NA,NA,0,NA,NA
"4096",2004-12-01,NA,NA,0,NA,NA,0,NA,NA,0,NA,NA
"4097",2004-12-02,NA,NA,0,NA,NA,0,NA,NA,0,NA,NA
"4098",2004-12-03,NA,NA,0,NA,NA,0,NA,NA,0,NA,NA
"4099",2004-12-06,NA,NA,0,NA,NA,0,NA,NA,0,NA,NA
"4100",2004-12-07,NA,NA,0,NA,NA,0,NA,NA,0,NA,NA
"4101",2004-12-08,NA,NA,0,NA,NA,0,NA,NA,0,NA,NA
"4102",2004-12-09,NA,NA,0,NA,NA,0,NA,NA,0,NA,NA
"4103",2004-12-10,NA,NA,0,NA,NA,0,NA,NA,0,NA,NA
"4104",2004-12-13,NA,NA,0,NA,NA,0,NA,NA,0,NA,NA
"4105",2004-12-14,NA,NA,0,NA,NA,0,NA,NA,0,NA,NA
"4106",2004-12-15,NA,NA,0,NA,NA,0,NA,NA,0,NA,NA
"4107",2004-12-16,NA,NA,0,NA,NA,0,NA,NA,0,NA,NA
"4108",2004-12-17,NA,NA,0,NA,NA,0,NA,NA,0,NA,NA
"4109",2004-12-20,NA,NA,0,NA,NA,0,NA,NA,0,NA,NA
"4110",2004-12-21,NA,NA,0,NA,NA,0,NA,NA,0,NA,NA
"4111",2004-12-22,NA,NA,0,NA,NA,0,NA,NA,0,NA,NA
"4112",2004-12-23,NA,NA,0,NA,NA,0,NA,NA,0,NA,NA
"4113",2004-12-24,NA,NA,0,NA,NA,0,NA,NA,0,NA,NA
"4114",2004-12-27,NA,NA,0,NA,NA,0,NA,NA,0,NA,NA
"4115",2004-12-28,NA,NA,0,NA,NA,0,NA,NA,0,NA,NA
"4116",2004-12-29,NA,NA,0,NA,NA,0,NA,NA,0,NA,NA
"4117",2004-12-30,NA,NA,0,NA,NA,0,NA,NA,0,NA,NA
"4118",2005-01-03,NA,NA,0,NA,NA,0,NA,NA,0,NA,NA
"4119",2005-01-04,NA,NA,0,NA,NA,0,NA,NA,0,NA,NA
"4120",2005-01-05,NA,NA,0,NA,NA,0,NA,NA,0,NA,NA
"4121",2005-01-06,NA,NA,0,NA,NA,0,NA,NA,0,NA,NA
"4122",2005-01-07,NA,NA,0,NA,NA,0,NA,NA,0,NA,NA
"4123",2005-01-10,NA,NA,0,NA,NA,0,NA,NA,0,NA,NA
"4124",2005-01-11,NA,NA,0,NA,NA,0,NA,NA,0,NA,NA
"4125",2005-01-12,NA,NA,0,NA,NA,0,NA,NA,0,NA,NA
"4126",2005-01-13,NA,NA,0,NA,NA,0,NA,NA,0,NA,NA
"4127",2005-01-14,NA,NA,0,NA,NA,0,NA,NA,0,NA,NA
"4128",2005-01-17,NA,NA,0,NA,NA,0,NA,NA,0,NA,NA
"4129",2005-01-18,NA,NA,0,NA,NA,0,NA,NA,0,NA,NA
"4130",2005-01-19,NA,NA,0,NA,NA,0,NA,NA,0,NA,NA
"4131",2005-01-20,NA,NA,0,NA,NA,0,NA,NA,0,NA,NA
"4132",2005-01-21,NA,NA,0,NA,NA,0,NA,NA,0,NA,NA
"4133",2005-01-24,NA,NA,0,NA,NA,0,NA,NA,0,NA,NA
"4134",2005-01-25,NA,NA,0,NA,NA,0,NA,NA,0,NA,NA
"4135",2005-01-26,NA,NA,0,NA,NA,0,NA,NA,0,NA,NA
"4136",2005-01-27,NA,NA,0,NA,NA,0,NA,NA,0,NA,NA
"4137",2005-01-28,NA,NA,0,NA,NA,0,NA,NA,0,NA,NA
"4138",2005-01-31,NA,NA,0,NA,NA,0,NA,NA,0,NA,NA
"4139",2005-02-01,NA,NA,0,NA,NA,0,NA,NA,0,NA,NA
"4140",2005-02-02,NA,NA,0,NA,NA,0,NA,NA,0,NA,NA
"4141",2005-02-03,NA,NA,0,NA,NA,0,NA,NA,0,NA,NA
"4142",2005-02-04,NA,NA,0,NA,NA,0,NA,NA,0,NA,NA
"4143",2005-02-07,NA,NA,0,NA,NA,0,NA,NA,0,NA,NA
"4144",2005-02-11,NA,NA,0,NA,NA,0,NA,NA,0,NA,NA
"4145",2005-02-14,NA,NA,0,NA,NA,0,NA,NA,0,NA,NA
"4146",2005-02-15,NA,NA,0,NA,NA,0,NA,NA,0,NA,NA
"4147",2005-02-16,NA,NA,0,NA,NA,0,NA,NA,0,NA,NA
"4148",2005-02-17,NA,NA,0,NA,NA,0,NA,NA,0,NA,NA
"4149",2005-02-18,NA,NA,0,NA,NA,0,NA,NA,0,NA,NA
"4150",2005-02-21,NA,NA,0,NA,NA,0,NA,NA,0,NA,NA
"4151",2005-02-22,NA,NA,0,NA,NA,0,NA,NA,0,NA,NA
"4152",2005-02-23,NA,NA,0,NA,NA,0,NA,NA,0,NA,NA
"4153",2005-02-24,NA,NA,0,NA,NA,0,NA,NA,0,NA,NA
"4154",2005-02-25,NA,NA,0,NA,NA,0,NA,NA,0,NA,NA
"4155",2005-02-28,NA,NA,0,NA,NA,0,NA,NA,0,NA,NA
"4156",2005-03-02,NA,NA,0,NA,NA,0,NA,NA,0,NA,NA
"4157",2005-03-03,NA,NA,0,NA,NA,0,NA,NA,0,NA,NA
"4158",2005-03-04,NA,NA,0,NA,NA,0,NA,NA,0,NA,NA
"4159",2005-03-07,NA,NA,0,NA,NA,0,NA,NA,0,NA,NA
"4160",2005-03-08,NA,NA,0,NA,NA,0,NA,NA,0,NA,NA
"4161",2005-03-09,NA,NA,0,NA,NA,0,NA,NA,0,NA,NA
"4162",2005-03-10,NA,NA,0,NA,NA,0,NA,NA,0,NA,NA
"4163",2005-03-11,NA,NA,0,NA,NA,0,NA,NA,0,NA,NA
"4164",2005-03-14,NA,NA,0,NA,NA,0,NA,NA,0,NA,NA
"4165",2005-03-15,NA,NA,0,NA,NA,0,NA,NA,0,NA,NA
"4166",2005-03-16,NA,NA,0,NA,NA,0,NA,NA,0,NA,NA
"4167",2005-03-17,NA,NA,0,NA,NA,0,NA,NA,0,NA,NA
"4168",2005-03-18,NA,NA,0,NA,NA,0,NA,NA,0,NA,NA
"4169",2005-03-21,NA,NA,0,NA,NA,0,NA,NA,0,NA,NA
"4170",2005-03-22,NA,NA,0,NA,NA,0,NA,NA,0,NA,NA
"4171",2005-03-23,NA,NA,0,NA,NA,0,NA,NA,0,NA,NA
"4172",2005-03-24,NA,NA,0,NA,NA,0,NA,NA,0,NA,NA
"4173",2005-03-25,NA,NA,0,NA,NA,0,NA,NA,0,NA,NA
"4174",2005-03-28,NA,NA,0,NA,NA,0,NA,NA,0,NA,NA
"4175",2005-03-29,NA,NA,0,NA,NA,0,NA,NA,0,NA,NA
"4176",2005-03-30,NA,NA,0,NA,NA,0,NA,NA,0,NA,NA
"4177",2005-03-31,NA,NA,0,NA,NA,0,NA,NA,0,NA,NA
"4178",2005-04-01,NA,NA,0,NA,NA,0,NA,NA,0,NA,NA
"4179",2005-04-04,NA,NA,0,NA,NA,0,NA,NA,0,NA,NA
"4180",2005-04-06,NA,NA,0,NA,NA,0,NA,NA,0,NA,NA
"4181",2005-04-07,NA,NA,0,NA,NA,0,NA,NA,0,NA,NA
"4182",2005-04-08,NA,NA,0,NA,NA,0,NA,NA,0,NA,NA
"4183",2005-04-11,NA,NA,0,NA,NA,0,NA,NA,0,NA,NA
"4184",2005-04-12,NA,NA,0,NA,NA,0,NA,NA,0,NA,NA
"4185",2005-04-13,NA,NA,0,NA,NA,0,NA,NA,0,NA,NA
"4186",2005-04-14,NA,NA,0,NA,NA,0,NA,NA,0,NA,NA
"4187",2005-04-15,NA,NA,0,NA,NA,0,NA,NA,0,NA,NA
"4188",2005-04-18,NA,NA,0,NA,NA,0,NA,NA,0,NA,NA
"4189",2005-04-19,NA,NA,0,NA,NA,0,NA,NA,0,NA,NA
"4190",2005-04-20,NA,NA,0,NA,NA,0,NA,NA,0,NA,NA
"4191",2005-04-21,NA,NA,0,NA,NA,0,NA,NA,0,NA,NA
"4192",2005-04-22,NA,NA,0,NA,NA,0,NA,NA,0,NA,NA
"4193",2005-04-25,NA,NA,0,NA,NA,0,NA,NA,0,NA,NA
"4194",2005-04-26,NA,NA,0,NA,NA,0,NA,NA,0,NA,NA
"4195",2005-04-27,NA,NA,0,NA,NA,0,NA,NA,0,NA,NA
"4196",2005-04-28,NA,NA,0,NA,NA,0,NA,NA,0,NA,NA
"4197",2005-04-29,NA,NA,0,NA,NA,0,NA,NA,0,NA,NA
"4198",2005-05-02,NA,NA,0,NA,NA,0,NA,NA,0,NA,NA
"4199",2005-05-03,NA,NA,0,NA,NA,0,NA,NA,0,NA,NA
"4200",2005-05-04,NA,NA,0,NA,NA,0,NA,NA,0,NA,NA
"4201",2005-05-06,NA,NA,0,NA,NA,0,NA,NA,0,NA,NA
"4202",2005-05-09,NA,NA,0,NA,NA,0,NA,NA,0,NA,NA
"4203",2005-05-10,NA,NA,0,NA,NA,0,NA,NA,0,NA,NA
"4204",2005-05-11,NA,NA,0,NA,NA,0,NA,NA,0,NA,NA
"4205",2005-05-12,NA,NA,0,NA,NA,0,NA,NA,0,NA,NA
"4206",2005-05-13,NA,NA,0,NA,NA,0,NA,NA,0,NA,NA
"4207",2005-05-16,NA,NA,0,NA,NA,0,NA,NA,0,NA,NA
"4208",2005-05-17,NA,NA,0,NA,NA,0,NA,NA,0,NA,NA
"4209",2005-05-18,NA,NA,0,NA,NA,0,NA,NA,0,NA,NA
"4210",2005-05-19,NA,NA,0,NA,NA,0,NA,NA,0,NA,NA
"4211",2005-05-20,NA,NA,0,NA,NA,0,NA,NA,0,NA,NA
"4212",2005-05-23,NA,NA,0,NA,NA,0,NA,NA,0,NA,NA
"4213",2005-05-24,NA,NA,0,NA,NA,0,NA,NA,0,NA,NA
"4214",2005-05-25,NA,NA,0,NA,NA,0,NA,NA,0,NA,NA
"4215",2005-05-26,NA,NA,0,NA,NA,0,NA,NA,0,NA,NA
"4216",2005-05-27,NA,NA,0,NA,NA,0,NA,NA,0,NA,NA
"4217",2005-05-30,NA,NA,0,NA,NA,0,NA,NA,0,NA,NA
"4218",2005-05-31,NA,NA,0,NA,NA,0,NA,NA,0,NA,NA
"4219",2005-06-01,NA,NA,0,NA,NA,0,NA,NA,0,NA,NA
"4220",2005-06-02,NA,NA,0,NA,NA,0,NA,NA,0,NA,NA
"4221",2005-06-03,NA,NA,0,NA,NA,0,NA,NA,0,NA,NA
"4222",2005-06-07,NA,NA,0,NA,NA,0,NA,NA,0,NA,NA
"4223",2005-06-08,NA,NA,0,NA,NA,0,NA,NA,0,NA,NA
"4224",2005-06-09,NA,NA,0,NA,NA,0,NA,NA,0,NA,NA
"4225",2005-06-10,NA,NA,0,NA,NA,0,NA,NA,0,NA,NA
"4226",2005-06-13,NA,NA,0,NA,NA,0,NA,NA,0,NA,NA
"4227",2005-06-14,NA,NA,0,NA,NA,0,NA,NA,0,NA,NA
"4228",2005-06-15,NA,NA,0,NA,NA,0,NA,NA,0,NA,NA
"4229",2005-06-16,NA,NA,0,NA,NA,0,NA,NA,0,NA,NA
"4230",2005-06-17,NA,NA,0,NA,NA,0,NA,NA,0,NA,NA
"4231",2005-06-20,NA,NA,0,NA,NA,0,NA,NA,0,NA,NA
"4232",2005-06-21,NA,NA,0,NA,NA,0,NA,NA,0,NA,NA
"4233",2005-06-22,NA,NA,0,NA,NA,0,NA,NA,0,NA,NA
"4234",2005-06-23,NA,NA,0,NA,NA,0,NA,NA,0,NA,NA
"4235",2005-06-24,NA,NA,0,NA,NA,0,NA,NA,0,NA,NA
"4236",2005-06-27,NA,NA,0,NA,NA,0,NA,NA,0,NA,NA
"4237",2005-06-28,NA,NA,0,NA,NA,0,NA,NA,0,NA,NA
"4238",2005-06-29,NA,NA,0,NA,NA,0,NA,NA,0,NA,NA
"4239",2005-06-30,NA,NA,0,NA,NA,0,NA,NA,0,NA,NA
"4240",2005-07-01,NA,NA,0,NA,NA,0,NA,NA,0,NA,NA
"4241",2005-07-04,NA,NA,0,NA,NA,0,NA,NA,0,NA,NA
"4242",2005-07-05,NA,NA,0,NA,NA,0,NA,NA,0,NA,NA
"4243",2005-07-06,NA,NA,0,NA,NA,0,NA,NA,0,NA,NA
"4244",2005-07-07,NA,NA,0,NA,NA,0,NA,NA,0,NA,NA
"4245",2005-07-08,NA,NA,0,NA,NA,0,NA,NA,0,NA,NA
"4246",2005-07-11,NA,NA,0,NA,NA,0,NA,NA,0,NA,NA
"4247",2005-07-12,NA,NA,0,NA,NA,0,NA,NA,0,NA,NA
"4248",2005-07-13,NA,NA,0,NA,NA,0,NA,NA,0,NA,NA
"4249",2005-07-14,NA,NA,0,NA,NA,0,NA,NA,0,NA,NA
"4250",2005-07-15,NA,NA,0,NA,NA,0,NA,NA,0,NA,NA
"4251",2005-07-18,NA,NA,0,NA,NA,0,NA,NA,0,NA,NA
"4252",2005-07-19,NA,NA,0,NA,NA,0,NA,NA,0,NA,NA
"4253",2005-07-20,NA,NA,0,NA,NA,0,NA,NA,0,NA,NA
"4254",2005-07-21,NA,NA,0,NA,NA,0,NA,NA,0,NA,NA
"4255",2005-07-22,NA,NA,0,NA,NA,0,NA,NA,0,NA,NA
"4256",2005-07-25,NA,NA,0,NA,NA,0,NA,NA,0,NA,NA
"4257",2005-07-26,NA,NA,0,NA,NA,0,NA,NA,0,NA,NA
"4258",2005-07-27,NA,NA,0,NA,NA,0,NA,NA,0,NA,NA
"4259",2005-07-28,NA,NA,0,NA,NA,0,NA,NA,0,NA,NA
"4260",2005-07-29,NA,NA,0,NA,NA,0,NA,NA,0,NA,NA
"4261",2005-08-01,NA,NA,0,NA,NA,0,NA,NA,0,NA,NA
"4262",2005-08-02,NA,NA,0,NA,NA,0,NA,NA,0,NA,NA
"4263",2005-08-03,NA,NA,0,NA,NA,0,NA,NA,0,NA,NA
"4264",2005-08-04,NA,NA,0,NA,NA,0,NA,NA,0,NA,NA
"4265",2005-08-05,NA,NA,0,NA,NA,0,NA,NA,0,NA,NA
"4266",2005-08-08,NA,NA,0,NA,NA,0,NA,NA,0,NA,NA
"4267",2005-08-09,NA,NA,0,NA,NA,0,NA,NA,0,NA,NA
"4268",2005-08-10,NA,NA,0,NA,NA,0,NA,NA,0,NA,NA
"4269",2005-08-11,NA,NA,0,NA,NA,0,NA,NA,0,NA,NA
"4270",2005-08-12,NA,NA,0,NA,NA,0,NA,NA,0,NA,NA
"4271",2005-08-16,NA,NA,0,NA,NA,0,NA,NA,0,NA,NA
"4272",2005-08-17,NA,NA,0,NA,NA,0,NA,NA,0,NA,NA
"4273",2005-08-18,NA,NA,0,NA,NA,0,NA,NA,0,NA,NA
"4274",2005-08-19,NA,NA,0,NA,NA,0,NA,NA,0,NA,NA
"4275",2005-08-22,NA,NA,0,NA,NA,0,NA,NA,0,NA,NA
"4276",2005-08-23,NA,NA,0,NA,NA,0,NA,NA,0,NA,NA
"4277",2005-08-24,NA,NA,0,NA,NA,0,NA,NA,0,NA,NA
"4278",2005-08-25,NA,NA,0,NA,NA,0,NA,NA,0,NA,NA
"4279",2005-08-26,NA,NA,0,NA,NA,0,NA,NA,0,NA,NA
"4280",2005-08-29,NA,NA,0,NA,NA,0,NA,NA,0,NA,NA
"4281",2005-08-30,NA,NA,0,NA,NA,0,NA,NA,0,NA,NA
"4282",2005-08-31,NA,NA,0,NA,NA,0,NA,NA,0,NA,NA
"4283",2005-09-01,NA,NA,0,NA,NA,0,NA,NA,0,NA,NA
"4284",2005-09-02,NA,NA,0,NA,NA,0,NA,NA,0,NA,NA
"4285",2005-09-05,NA,NA,0,NA,NA,0,NA,NA,0,NA,NA
"4286",2005-09-06,NA,NA,0,NA,NA,0,NA,NA,0,NA,NA
"4287",2005-09-07,NA,NA,0,NA,NA,0,NA,NA,0,NA,NA
"4288",2005-09-08,NA,NA,0,NA,NA,0,NA,NA,0,NA,NA
"4289",2005-09-09,NA,NA,0,NA,NA,0,NA,NA,0,NA,NA
"4290",2005-09-12,NA,NA,0,NA,NA,0,NA,NA,0,NA,NA
"4291",2005-09-13,NA,NA,0,NA,NA,0,NA,NA,0,NA,NA
"4292",2005-09-14,NA,NA,0,NA,NA,0,NA,NA,0,NA,NA
"4293",2005-09-15,NA,NA,0,NA,NA,0,NA,NA,0,NA,NA
"4294",2005-09-16,NA,NA,0,NA,NA,0,NA,NA,0,NA,NA
"4295",2005-09-20,NA,NA,0,NA,NA,0,NA,NA,0,NA,NA
"4296",2005-09-21,NA,NA,0,NA,NA,0,NA,NA,0,NA,NA
"4297",2005-09-22,NA,NA,0,NA,NA,0,NA,NA,0,NA,NA
"4298",2005-09-23,NA,NA,0,NA,NA,0,NA,NA,0,NA,NA
"4299",2005-09-26,NA,NA,0,NA,NA,0,NA,NA,0,NA,NA
"4300",2005-09-27,NA,NA,0,NA,NA,0,NA,NA,0,NA,NA
"4301",2005-09-28,NA,NA,0,NA,NA,0,NA,NA,0,NA,NA
"4302",2005-09-29,NA,NA,0,NA,NA,0,NA,NA,0,NA,NA
"4303",2005-09-30,NA,NA,0,NA,NA,0,NA,NA,0,NA,NA
"4304",2005-10-04,NA,NA,0,NA,NA,0,NA,NA,0,NA,NA
"4305",2005-10-05,0,11795,-11795,549402,532510,16892,NA,NA,0,549402,549402
"4306",2005-10-06,0,78,-78,115861,114226,1635,NA,NA,0,115861,115861
"4307",2005-10-07,NA,NA,0,273158,271803,1355,NA,NA,0,273158,273158
"4308",2005-10-10,13418,17,13401,292810,306084,-13274,NA,NA,0,306228,306228
"4309",2005-10-11,0,3590,-3590,386537,379748,6789,NA,NA,0,386870,386870
"4310",2005-10-12,0,2155,-2155,209810,207655,2155,NA,NA,0,209810,209810
"4311",2005-10-13,NA,NA,0,198831,198831,0,NA,NA,0,198831,198831
"4312",2005-10-14,NA,NA,0,155206,156601,-1395,NA,NA,0,156601,156601
"4313",2005-10-17,0,37,-37,96954,96948,6,NA,NA,0,96985,96985
"4314",2005-10-18,NA,NA,0,64554,64522,32,NA,NA,0,64554,64554
"4315",2005-10-19,NA,NA,0,46073,46073,0,NA,NA,0,46073,46073
"4316",2005-10-20,NA,NA,0,23452,23452,0,NA,NA,0,23452,23452
"4317",2005-10-21,NA,NA,0,38189,38189,0,NA,NA,0,38189,38189
"4318",2005-10-24,NA,NA,0,14181,14244,-63,NA,NA,0,14244,14244
"4319",2005-10-25,NA,NA,0,64934,64867,67,NA,NA,0,64934,64934
"4320",2005-10-26,NA,NA,0,16051,16051,0,NA,NA,0,16051,16051
"4321",2005-10-27,0,2705,-2705,30033,27250,2783,NA,NA,0,30033,30033
"4322",2005-10-28,NA,NA,0,8353,8353,0,NA,NA,0,8353,8353
"4323",2005-10-31,NA,NA,0,7980,7223,757,NA,NA,0,7980,7980
"4324",2005-11-01,0,9839,-9839,20212,10373,9839,NA,NA,0,20212,20212
"4325",2005-11-02,NA,NA,0,16533,16533,0,NA,NA,0,16533,16533
"4326",2005-11-03,0,6222,-6222,21962,15740,6222,NA,NA,0,21962,21962
"4327",2005-11-04,NA,NA,0,12414,12414,0,NA,NA,0,12414,12414
"4328",2005-11-07,0,23235,-23235,65710,31054,34656,NA,NA,0,65710,65710
"4329",2005-11-08,0,74549,-74549,109264,28856,80408,NA,NA,0,110336,110336
"4330",2005-11-09,10282,43197,-32915,87339,31679,55660,NA,NA,0,97621,97621
"4331",2005-11-10,0,95598,-95598,289311,185642,103669,NA,NA,0,289311,289311
"4332",2005-11-11,0,6120,-6120,72986,66891,6095,NA,NA,0,73011,73011
"4333",2005-11-14,NA,NA,0,45007,45007,0,NA,NA,0,45007,45007
"4334",2005-11-15,0,3255,-3255,37634,33284,4350,NA,NA,0,37634,37634
"4335",2005-11-16,44280,54034,-9754,37276,27516,9760,NA,NA,0,82280,82280
"4336",2005-11-17,0,1357,-1357,39228,36949,2279,NA,NA,0,39791,39791
"4337",2005-11-18,6359,13203,-6844,45922,39078,6844,NA,NA,0,52281,52281
"4338",2005-11-21,0,274,-274,33428,32580,848,NA,NA,0,33428,33428
"4339",2005-11-22,3855,0,3855,44684,60468,-15784,11929,0,11929,60468,60468
"4340",2005-11-23,10442,0,10442,357784,292722,65062,0,13857,-13857,382788,382788
"4341",2005-11-24,374133,259875,114258,343824,454698,-110874,NA,NA,0,717957,717957
"4342",2005-11-25,451005,317334,133671,328341,456704,-128363,NA,NA,0,779346,779346
"4343",2005-11-28,16670,1244,15426,72437,87864,-15427,NA,NA,0,89107,89107
"4344",2005-11-29,10542,386,10156,132230,142386,-10156,NA,NA,0,142772,142772
"4345",2005-11-30,7079,0,7079,90451,89493,958,NA,NA,0,97530,97530
"4346",2005-12-01,171500,171500,0,88092,82862,5230,NA,NA,0,259592,259592
"4347",2005-12-02,3653,37087,-33434,184438,152295,32143,NA,NA,0,189383,189383
"4348",2005-12-05,0,11766,-11766,84799,71926,12873,NA,NA,0,84799,84799
"4349",2005-12-06,NA,NA,0,83924,83924,0,NA,NA,0,83924,83924
"4350",2005-12-07,0,16600,-16600,75370,58770,16600,NA,NA,0,75370,75370
"4351",2005-12-08,0,32924,-32924,83013,50088,32925,NA,NA,0,83013,83013
"4352",2005-12-09,NA,NA,0,46651,46651,0,NA,NA,0,46651,46651
"4353",2005-12-12,NA,NA,0,18246,18246,0,NA,NA,0,18246,18246
"4354",2005-12-13,NA,NA,0,73904,74201,-297,NA,NA,0,74690,74690
"4355",2005-12-14,0,5121,-5121,48883,40601,8282,NA,NA,0,48883,48883
"4356",2005-12-15,NA,NA,0,38843,37980,863,NA,NA,0,38843,38843
"4357",2005-12-16,NA,NA,0,45022,43745,1277,NA,NA,0,45022,45022
"4358",2005-12-19,600,0,600,21518,22118,-600,NA,NA,0,22118,22118
"4359",2005-12-20,5162,5776,-614,19114,18499,615,NA,NA,0,24275,24275
"4360",2005-12-21,24737,8516,16221,13414,29635,-16221,NA,NA,0,38151,38151
"4361",2005-12-22,14692,4863,9829,18224,28052,-9828,NA,NA,0,32915,32915
"4362",2005-12-23,6237,3585,2652,41494,44315,-2821,NA,NA,0,47901,47901
"4363",2005-12-26,354,0,354,20910,21097,-187,NA,NA,0,21264,21264
"4364",2005-12-27,15547,0,15547,19853,35401,-15548,NA,NA,0,35401,35401
"4365",2005-12-28,4491,0,4491,5475,9965,-4490,NA,NA,0,9965,9965
"4366",2005-12-29,12141,0,12141,17661,29803,-12142,NA,NA,0,29803,29803
"4367",2006-01-02,0,3411,-3411,11467,8057,3410,NA,NA,0,11467,11467
"4368",2006-01-03,712,0,712,19439,20151,-712,NA,NA,0,20151,20151
"4369",2006-01-04,3076,1251,1825,53966,55791,-1825,NA,NA,0,57042,57042
"4370",2006-01-05,16,0,16,25858,25874,-16,NA,NA,0,25874,25874
"4371",2006-01-06,14786,229,14557,70170,84726,-14556,NA,NA,0,84956,84956
"4372",2006-01-09,308,596,-288,34778,34491,287,NA,NA,0,35087,35087
"4373",2006-01-10,397,962,-565,9921,9357,564,NA,NA,0,10318,10318
"4374",2006-01-11,512,0,512,11220,11732,-512,NA,NA,0,11732,11732
"4375",2006-01-12,92,0,92,5450,5541,-91,NA,NA,0,5541,5541
"4376",2006-01-13,2027,10760,-8733,17515,8782,8733,NA,NA,0,19542,19542
"4377",2006-01-16,3520,6366,-2846,27345,24499,2846,NA,NA,0,30865,30865
"4378",2006-01-17,883,5771,-4888,15571,10682,4889,NA,NA,0,16453,16453
"4379",2006-01-18,32960,98479,-65519,99127,43253,55874,NA,NA,0,141732,141732
"4380",2006-01-19,24435,41266,-16831,51362,34532,16830,NA,NA,0,75798,75798
"4381",2006-01-20,297949,254955,42994,275072,142618,132454,153852,0,153852,729870,729870
"4382",2006-01-23,152969,306294,-153325,75454,101996,-26542,176034,0,176034,408291,408291
"4383",2006-01-24,13141,15447,-2306,43882,41576,2306,NA,NA,0,57023,57023
"4384",2006-01-25,2498,0,2498,42078,44576,-2498,NA,NA,0,44576,44576
"4385",2006-01-26,740,1726,-986,15454,14468,986,NA,NA,0,16194,16194
"4386",2006-01-27,0,1088,-1088,41565,40477,1088,NA,NA,0,41565,41565
"4387",2006-01-31,NA,NA,0,37279,52166,-14887,14887,0,14887,52166,52166
"4388",2006-02-01,NA,NA,0,14463,39557,-25094,25095,0,25095,39557,39557
"4389",2006-02-02,NA,NA,0,13082,13082,0,NA,NA,0,13082,13082
"4390",2006-02-03,779,0,779,7942,9508,-1566,NA,NA,0,9508,9508
"4391",2006-02-06,464,0,464,4848,9061,-4213,3750,0,3750,9061,9061
"4392",2006-02-07,308,0,308,11509,11817,-308,NA,NA,0,11817,11817
"4393",2006-02-08,NA,NA,0,14229,35121,-20892,20892,0,20892,35121,35121
"4394",2006-02-09,NA,NA,0,3502,12080,-8578,8578,0,8578,12080,12080
"4395",2006-02-10,NA,NA,0,2879,7449,-4570,4272,0,4272,7449,7449
"4396",2006-02-13,0,227,-227,10886,10659,227,NA,NA,0,10886,10886
"4397",2006-02-14,NA,NA,0,2041,2041,0,NA,NA,0,2041,2041
"4398",2006-02-15,NA,NA,0,20412,20412,0,NA,NA,0,20412,20412
"4399",2006-02-16,NA,NA,0,2568,2568,0,NA,NA,0,2568,2568
"4400",2006-02-17,222,0,222,2805,3027,-222,NA,NA,0,3027,3027
"4401",2006-02-20,NA,NA,0,6320,6320,0,NA,NA,0,6320,6320
"4402",2006-02-21,0,797,-797,999,224,775,NA,NA,0,1022,1022
"4403",2006-02-22,NA,NA,0,16386,16386,0,NA,NA,0,16386,16386
"4404",2006-02-23,2304,531,1773,2707,4481,-1774,NA,NA,0,5011,5011
"4405",2006-02-24,NA,NA,0,7092,7092,0,NA,NA,0,7092,7092
"4406",2006-02-27,NA,NA,0,4975,4975,0,NA,NA,0,4975,4975
"4407",2006-02-28,452,0,452,3504,3956,-452,NA,NA,0,3956,3956
"4408",2006-03-02,NA,NA,0,3841,3841,0,NA,NA,0,3841,3841
"4409",2006-03-03,1410,0,1410,5895,7940,-2045,NA,NA,0,8316,8316
"4410",2006-03-06,3164,337,2827,878,3076,-2198,NA,NA,0,4042,4042
"4411",2006-03-07,6292,0,6292,2698,8989,-6291,NA,NA,0,8989,8989
"4412",2006-03-08,0,7451,-7451,12724,5273,7451,NA,NA,0,12724,12724
"4413",2006-03-09,NA,NA,0,1653,1653,0,NA,NA,0,1653,1653
"4414",2006-03-10,58,0,58,6047,6105,-58,NA,NA,0,6105,6105
"4415",2006-03-13,746,2891,-2145,4033,1888,2145,NA,NA,0,4779,4779
"4416",2006-03-14,540,0,540,1237,1777,-540,NA,NA,0,1777,1777
"4417",2006-03-15,177,0,177,484,4101,-3617,NA,NA,0,4101,4101
"4418",2006-03-16,NA,NA,0,1585,1585,0,NA,NA,0,1585,1585
"4419",2006-03-17,683,0,683,3004,3687,-683,NA,NA,0,3687,3687
"4420",2006-03-20,NA,NA,0,924,924,0,NA,NA,0,924,924
"4421",2006-03-21,1241,0,1241,2055,3296,-1241,NA,NA,0,3296,3296
"4422",2006-03-22,1446,0,1446,732,2178,-1446,NA,NA,0,2178,2178
"4423",2006-03-23,NA,NA,0,297,297,0,NA,NA,0,297,297
"4424",2006-03-24,798,0,798,1987,2785,-798,NA,NA,0,2785,2785
"4425",2006-03-27,1736,0,1736,1066,1510,-444,NA,NA,0,2802,2802
"4426",2006-03-28,NA,NA,0,1015,1015,0,NA,NA,0,1015,1015
"4427",2006-03-29,78,0,78,973,1052,-79,NA,NA,0,1052,1052
"4428",2006-03-30,NA,NA,0,5724,5724,0,NA,NA,0,5724,5724
"4429",2006-03-31,NA,NA,0,3385,3385,0,NA,NA,0,3385,3385
"4430",2006-04-03,NA,NA,0,2475,2475,0,NA,NA,0,2475,2475
"4431",2006-04-04,NA,NA,0,10535,10535,0,NA,NA,0,10535,10535
"4432",2006-04-05,NA,NA,0,5976,5976,0,NA,NA,0,5976,5976
"4433",2006-04-06,281,83,198,494,692,-198,NA,NA,0,775,775
"4434",2006-04-07,NA,NA,0,7087,1962,5125,0,5125,-5125,7087,7087
"4435",2006-04-10,NA,NA,0,6502,4628,1874,0,1875,-1875,6502,6502
"4436",2006-04-11,NA,NA,0,779,779,0,NA,NA,0,779,779
"4437",2006-04-12,0,2800,-2800,21524,5841,15683,0,12883,-12883,21524,21524
"4438",2006-04-13,NA,NA,0,544,544,0,NA,NA,0,544,544
"4439",2006-04-14,NA,NA,0,1351,1351,0,NA,NA,0,1351,1351
"4440",2006-04-17,0,1400,-1400,4433,3033,1400,NA,NA,0,4433,4433
"4441",2006-04-18,0,6375,-6375,7839,1464,6375,NA,NA,0,7839,7839
"4442",2006-04-19,0,37082,-37082,12426,2230,10196,NA,NA,0,39312,39312
"4443",2006-04-20,0,37305,-37305,19586,8881,10705,NA,NA,0,46186,46186
"4444",2006-04-21,0,53728,-53728,1916,900,1016,NA,NA,0,54628,54628
"4445",2006-04-24,30348,38240,-7892,10029,2137,7892,NA,NA,0,40377,40377
"4446",2006-04-25,0,53257,-53257,28996,14095,14901,NA,NA,0,67479,67479
"4447",2006-04-26,NA,NA,0,5574,5574,0,NA,NA,0,5574,5574
"4448",2006-04-27,NA,NA,0,4862,4736,126,NA,NA,0,4863,4863
"4449",2006-04-28,NA,NA,0,3399,3399,0,NA,NA,0,3399,3399
"4450",2006-05-02,NA,NA,0,3825,3697,128,NA,NA,0,3825,3825
"4451",2006-05-03,NA,NA,0,219,219,0,NA,NA,0,219,219
"4452",2006-05-04,NA,NA,0,4,4,0,NA,NA,0,4,4
"4453",2006-05-08,NA,NA,0,3253,3253,0,NA,NA,0,3253,3253
"4454",2006-05-09,NA,NA,0,4564,4564,0,NA,NA,0,4564,4564
"4455",2006-05-10,NA,NA,0,534,534,0,NA,NA,0,534,534
"4456",2006-05-11,NA,NA,0,4493,4493,0,NA,NA,0,4493,4493
"4457",2006-05-12,0,444,-444,2519,2075,444,NA,NA,0,2519,2519
"4458",2006-05-15,434,0,434,1122,1556,-434,NA,NA,0,1556,1556
"4459",2006-05-16,NA,NA,0,1580,806,774,NA,NA,0,1580,1580
"4460",2006-05-17,NA,NA,0,5181,5181,0,NA,NA,0,5181,5181
"4461",2006-05-18,NA,NA,0,749,749,0,NA,NA,0,749,749
"4462",2006-05-19,NA,NA,0,2739,2739,0,NA,NA,0,2739,2739
"4463",2006-05-22,NA,NA,0,2180,2180,0,NA,NA,0,2180,2180
"4464",2006-05-23,NA,NA,0,1265,1265,0,NA,NA,0,1265,1265
"4465",2006-05-24,NA,NA,0,3997,3997,0,NA,NA,0,3997,3997
"4466",2006-05-25,34155,31050,3105,5406,4830,576,0,3681,-3681,39561,39561
"4467",2006-05-26,10000,10000,0,2936,2937,-1,NA,NA,0,12937,12937
"4468",2006-05-29,10000,10000,0,358,358,0,NA,NA,0,10358,10358
"4469",2006-05-30,NA,NA,0,2009,2009,0,NA,NA,0,2009,2009
"4470",2006-06-01,44491,43200,1291,2949,4240,-1291,NA,NA,0,47440,47440
"4471",2006-06-02,2970,2970,0,2,2,0,NA,NA,0,2972,2972
"4472",2006-06-05,NA,NA,0,22,22,0,NA,NA,0,22,22
"4473",2006-06-07,994,0,994,10,1005,-995,NA,NA,0,1005,1005
"4474",2006-06-08,NA,NA,0,4404,4402,2,0,2,-2,4404,4404
"4475",2006-06-09,5381,5000,381,1444,1825,-381,NA,NA,0,6825,6825
"4476",2006-06-12,939,0,939,733,1671,-938,NA,NA,0,1671,1671
"4477",2006-06-13,NA,NA,0,184,184,0,NA,NA,0,184,184
"4478",2006-06-14,NA,NA,0,150,150,0,NA,NA,0,150,150
"4479",2006-06-15,NA,NA,0,3,3,0,NA,NA,0,3,3
"4480",2006-06-16,NA,NA,0,1325,942,383,0,383,-383,1325,1325
"4481",2006-06-19,103,0,103,431,534,-103,NA,NA,0,534,534
"4482",2006-06-20,NA,NA,0,NA,NA,0,NA,NA,0,NA,NA
"4483",2006-06-21,NA,NA,0,3,3,0,NA,NA,0,3,3
"4484",2006-06-22,0,810,-810,4527,3716,811,NA,NA,0,4527,4527
"4485",2006-06-23,0,1,-1,89,88,1,NA,NA,0,89,89
"4486",2006-06-26,NA,NA,0,1102,1102,0,NA,NA,0,1102,1102
"4487",2006-06-27,0,147,-147,218,71,147,NA,NA,0,218,218
"4488",2006-06-28,0,1,-1,2322,2321,1,NA,NA,0,2322,2322
"4489",2006-06-29,0,14,-14,1638,1624,14,NA,NA,0,1638,1638
"4490",2006-06-30,18305,18271,34,733,767,-34,NA,NA,0,19038,19038
"4491",2006-07-03,20,12,8,453,461,-8,NA,NA,0,473,473
"4492",2006-07-04,NA,NA,0,37,35,2,0,2,-2,37,37
"4493",2006-07-05,0,1,-1,114,100,14,0,13,-13,114,114
"4494",2006-07-06,NA,NA,0,50,50,0,NA,NA,0,50,50
"4495",2006-07-07,0,3,-3,82,79,3,NA,NA,0,82,82
"4496",2006-07-10,NA,NA,0,11,11,0,NA,NA,0,11,11
"4497",2006-07-11,NA,NA,0,1629,1629,0,NA,NA,0,1629,1629
"4498",2006-07-12,NA,NA,0,490,490,0,NA,NA,0,490,490
"4499",2006-07-13,0,1,-1,194,193,1,NA,NA,0,194,194
"4500",2006-07-14,8415,8871,-456,1482,1027,455,NA,NA,0,9898,9898
"4501",2006-07-18,NA,NA,0,660,660,0,NA,NA,0,660,660
"4502",2006-07-19,NA,NA,0,96,96,0,NA,NA,0,96,96
"4503",2006-07-20,NA,NA,0,1635,1635,0,NA,NA,0,1635,1635
"4504",2006-07-21,0,88,-88,940,852,88,NA,NA,0,940,940
"4505",2006-07-24,0,78,-78,850,772,78,NA,NA,0,850,850
"4506",2006-07-25,NA,NA,0,92,92,0,NA,NA,0,92,92
"4507",2006-07-26,NA,NA,0,258,258,0,NA,NA,0,258,258
"4508",2006-07-27,402,401,1,28,29,-1,NA,NA,0,430,430
"4509",2006-07-28,0,1737,-1737,1937,200,1737,NA,NA,0,1937,1937
"4510",2006-07-31,NA,NA,0,779,779,0,NA,NA,0,779,779
"4511",2006-08-01,NA,NA,0,1,1,0,NA,NA,0,1,1
"4512",2006-08-02,NA,NA,0,580,580,0,NA,NA,0,580,580
"4513",2006-08-03,NA,NA,0,676,676,0,NA,NA,0,676,676
"4514",2006-08-04,NA,NA,0,585,585,0,NA,NA,0,585,585
"4515",2006-08-07,NA,NA,0,1152,1152,0,NA,NA,0,1152,1152
"4516",2006-08-08,NA,NA,0,632,632,0,NA,NA,0,632,632
"4517",2006-08-09,NA,NA,0,485,485,0,NA,NA,0,485,485
"4518",2006-08-10,NA,NA,0,884,884,0,NA,NA,0,884,884
"4519",2006-08-11,NA,NA,0,438,438,0,NA,NA,0,438,438
"4520",2006-08-14,NA,NA,0,307,307,0,NA,NA,0,307,307
"4521",2006-08-16,NA,NA,0,1919,1919,0,NA,NA,0,1919,1919
"4522",2006-08-17,NA,NA,0,2472,2472,0,NA,NA,0,2472,2472
"4523",2006-08-18,NA,NA,0,580,580,0,NA,NA,0,580,580
"4524",2006-08-21,NA,NA,0,2304,2304,0,NA,NA,0,2304,2304
"4525",2006-08-22,NA,NA,0,6524,6524,0,NA,NA,0,6524,6524
"4526",2006-08-23,0,3,-3,2249,2246,3,NA,NA,0,2249,2249
"4527",2006-08-24,0,3,-3,2127,2124,3,NA,NA,0,2127,2127
"4528",2006-08-25,0,6741,-6741,10388,3647,6741,NA,NA,0,10388,10388
"4529",2006-08-28,NA,NA,0,3778,3778,0,NA,NA,0,3778,3778
"4530",2006-08-29,NA,NA,0,5421,5421,0,NA,NA,0,5421,5421
"4531",2006-08-30,NA,NA,0,4135,4135,0,NA,NA,0,4135,4135
"4532",2006-08-31,0,15,-15,4753,4738,15,NA,NA,0,4753,4753
"4533",2006-09-01,0,737,-737,5482,4745,737,NA,NA,0,5482,5482
"4534",2006-09-04,0,788,-788,3396,2608,788,NA,NA,0,3396,3396
"4535",2006-09-05,1670,1670,0,1567,1567,0,NA,NA,0,3237,3237
"4536",2006-09-06,NA,NA,0,867,867,0,NA,NA,0,867,867
"4537",2006-09-07,0,424,-424,8448,8023,425,NA,NA,0,8448,8448
"4538",2006-09-08,NA,NA,0,8113,8113,0,NA,NA,0,8113,8113
"4539",2006-09-11,NA,NA,0,3297,3297,0,NA,NA,0,3297,3297
"4540",2006-09-12,0,231,-231,2928,2697,231,NA,NA,0,2928,2928
"4541",2006-09-13,NA,NA,0,7733,7733,0,NA,NA,0,7733,7733
"4542",2006-09-14,NA,NA,0,2207,2207,0,NA,NA,0,2207,2207
"4543",2006-09-15,2900,440,2460,6379,8839,-2460,NA,NA,0,9279,9279
"4544",2006-09-18,3760,1433,2327,1964,4291,-2327,NA,NA,0,5724,5724
"4545",2006-09-19,NA,NA,0,1408,1408,0,NA,NA,0,1408,1408
"4546",2006-09-20,2288,1794,494,1514,2007,-493,NA,NA,0,3801,3801
"4547",2006-09-21,NA,NA,0,646,646,0,NA,NA,0,646,646
"4548",2006-09-22,NA,NA,0,1098,1098,0,NA,NA,0,1098,1098
"4549",2006-09-25,NA,NA,0,22,22,0,NA,NA,0,22,22
"4550",2006-09-26,NA,NA,0,1370,1370,0,NA,NA,0,1370,1370
"4551",2006-09-27,NA,NA,0,75,75,0,NA,NA,0,75,75
"4552",2006-09-28,1376,0,1376,204,1580,-1376,NA,NA,0,1580,1580
"4553",2006-09-29,146,0,146,649,795,-146,NA,NA,0,795,795
"4554",2006-10-02,NA,NA,0,583,583,0,NA,NA,0,583,583
"4555",2006-10-04,1133,0,1133,336,1469,-1133,NA,NA,0,1469,1469
"4556",2006-10-09,853,0,853,16228,17081,-853,NA,NA,0,17081,17081
"4557",2006-10-10,NA,NA,0,7090,7090,0,NA,NA,0,7090,7090
"4558",2006-10-11,423,114,309,5211,5521,-310,NA,NA,0,5634,5634
"4559",2006-10-12,NA,NA,0,1021,1021,0,NA,NA,0,1021,1021
"4560",2006-10-13,NA,NA,0,1343,1343,0,NA,NA,0,1343,1343
"4561",2006-10-16,NA,NA,0,293,293,0,NA,NA,0,293,293
"4562",2006-10-17,0,1380,-1380,2132,753,1379,NA,NA,0,2132,2132
"4563",2006-10-18,NA,NA,0,33,33,0,NA,NA,0,33,33
"4564",2006-10-19,NA,NA,0,1698,1698,0,NA,NA,0,1698,1698
"4565",2006-10-20,NA,NA,0,103,103,0,NA,NA,0,103,103
"4566",2006-10-23,NA,NA,0,353,353,0,NA,NA,0,353,353
"4567",2006-10-24,442,0,442,223,665,-442,NA,NA,0,665,665
"4568",2006-10-25,NA,NA,0,707,707,0,NA,NA,0,707,707
"4569",2006-10-26,NA,NA,0,12323,12323,0,NA,NA,0,12323,12323
"4570",2006-10-27,NA,NA,0,289,289,0,NA,NA,0,289,289
"4571",2006-10-30,NA,NA,0,133,133,0,NA,NA,0,133,133
"4572",2006-10-31,NA,NA,0,9,9,0,NA,NA,0,9,9
"4573",2006-11-01,NA,NA,0,443,443,0,NA,NA,0,443,443
"4574",2006-11-02,NA,NA,0,1720,1720,0,NA,NA,0,1720,1720
"4575",2006-11-03,NA,NA,0,1221,1221,0,NA,NA,0,1221,1221
"4576",2006-11-06,NA,NA,0,1961,1961,0,NA,NA,0,1961,1961
"4577",2006-11-07,NA,NA,0,263,263,0,NA,NA,0,263,263
"4578",2006-11-08,0,902,-902,2508,1606,902,NA,NA,0,2508,2508
"4579",2006-11-09,NA,NA,0,318,488,-170,170,0,170,488,488
"4580",2006-11-10,NA,NA,0,7066,963,6103,0,6103,-6103,7066,7066
"4581",2006-11-13,NA,NA,0,370,370,0,NA,NA,0,370,370
"4582",2006-11-14,0,29,-29,1183,1154,29,NA,NA,0,1183,1183
"4583",2006-11-15,NA,NA,0,689,689,0,NA,NA,0,689,689
"4584",2006-11-16,NA,NA,0,109,109,0,NA,NA,0,109,109
"4585",2006-11-17,NA,NA,0,1133,1133,0,NA,NA,0,1133,1133
"4586",2006-11-20,0,429,-429,690,261,429,NA,NA,0,690,690
"4587",2006-11-21,NA,NA,0,802,802,0,NA,NA,0,802,802
"4588",2006-11-22,0,179,-179,2187,2008,179,NA,NA,0,2187,2187
"4589",2006-11-23,NA,NA,0,4127,1078,3049,0,3048,-3048,4127,4127
"4590",2006-11-24,NA,NA,0,696,696,0,NA,NA,0,696,696
"4591",2006-11-27,NA,NA,0,682,682,0,NA,NA,0,682,682
"4592",2006-11-28,NA,NA,0,1872,1868,4,0,4,-4,1872,1872
"4593",2006-11-29,38491,0,38491,18618,9170,9448,0,47939,-47939,57109,57109
"4594",2006-11-30,NA,NA,0,3511,3511,0,NA,NA,0,3511,3511
"4595",2006-12-01,37497,0,37497,25479,2886,22593,0,51456,-51456,62976,62976
"4596",2006-12-04,NA,NA,0,2788,2788,0,NA,NA,0,2788,2788
"4597",2006-12-05,NA,NA,0,1474,1474,0,NA,NA,0,1474,1474
"4598",2006-12-06,NA,NA,0,2100,1830,270,0,270,-270,2100,2100
"4599",2006-12-07,NA,NA,0,1669,1224,445,0,445,-445,1669,1669
"4600",2006-12-08,NA,NA,0,689,689,0,NA,NA,0,689,689
"4601",2006-12-11,NA,NA,0,132,132,0,NA,NA,0,132,132
"4602",2006-12-12,14000,0,14000,6088,1842,4246,0,18279,-18279,20122,20122
"4603",2006-12-13,NA,NA,0,2986,3904,-918,0,502,-502,4407,4407
"4604",2006-12-14,190,0,190,1298,2413,-1115,0,1098,-1098,3547,3547
"4605",2006-12-15,698,0,698,1463,2160,-697,NA,NA,0,2160,2160
"4606",2006-12-18,0,1453,-1453,1975,522,1453,NA,NA,0,1975,1975
"4607",2006-12-19,755,0,755,4452,5207,-755,NA,NA,0,5207,5207
"4608",2006-12-20,823,0,823,5124,5947,-823,NA,NA,0,5947,5947
"4609",2006-12-21,NA,NA,0,3621,4009,-388,NA,NA,0,4009,4009
"4610",2006-12-22,NA,NA,0,1061,1061,0,NA,NA,0,1061,1061
"4611",2006-12-26,NA,NA,0,1845,1845,0,NA,NA,0,1845,1845
"4612",2006-12-27,NA,NA,0,121,121,0,NA,NA,0,121,121
"4613",2006-12-28,NA,NA,0,157,157,0,NA,NA,0,157,157
"4614",2007-01-02,0,132,-132,537,406,131,NA,NA,0,537,537
"4615",2007-01-03,0,823,-823,1575,753,822,NA,NA,0,1575,1575
"4616",2007-01-04,0,384,-384,2562,2178,384,NA,NA,0,2562,2562
"4617",2007-01-05,NA,NA,0,227,227,0,NA,NA,0,227,227
"4618",2007-01-08,NA,NA,0,255,255,0,NA,NA,0,255,255
"4619",2007-01-09,NA,NA,0,94,94,0,NA,NA,0,94,94
"4620",2007-01-10,NA,NA,0,621,621,0,NA,NA,0,621,621
"4621",2007-01-11,NA,NA,0,496,496,0,NA,NA,0,496,496
"4622",2007-01-12,380,0,380,588,968,-380,NA,NA,0,968,968
"4623",2007-01-15,NA,NA,0,290,290,0,NA,NA,0,290,290
"4624",2007-01-16,NA,NA,0,923,923,0,NA,NA,0,923,923
"4625",2007-01-17,NA,NA,0,99,99,0,NA,NA,0,99,99
"4626",2007-01-18,NA,NA,0,461,461,0,NA,NA,0,461,461
"4627",2007-01-19,NA,NA,0,50,50,0,NA,NA,0,50,50
"4628",2007-01-22,NA,NA,0,180,180,0,NA,NA,0,180,180
"4629",2007-01-23,369,0,369,465,835,-370,NA,NA,0,835,835
"4630",2007-01-24,NA,NA,0,91,91,0,NA,NA,0,91,91
"4631",2007-01-25,NA,NA,0,24,24,0,NA,NA,0,24,24
"4632",2007-01-26,224,0,224,108,332,-224,NA,NA,0,332,332
"4633",2007-01-29,NA,NA,0,331,331,0,NA,NA,0,331,331
"4634",2007-01-30,0,233,-233,794,561,233,NA,NA,0,794,794
"4635",2007-01-31,NA,NA,0,436,436,0,NA,NA,0,436,436
"4636",2007-02-01,NA,NA,0,1189,1189,0,NA,NA,0,1189,1189
"4637",2007-02-02,NA,NA,0,383,200,183,0,183,-183,383,383
"4638",2007-02-05,0,293,-293,918,468,450,0,157,-157,918,918
"4639",2007-02-06,NA,NA,0,1385,1385,0,NA,NA,0,1385,1385
"4640",2007-02-07,0,429,-429,1268,815,453,NA,NA,0,1268,1268
"4641",2007-02-08,NA,NA,0,200,200,0,NA,NA,0,200,200
"4642",2007-02-09,0,685,-685,1107,423,684,NA,NA,0,1107,1107
"4643",2007-02-12,NA,NA,0,1717,1717,0,NA,NA,0,1717,1717
"4644",2007-02-13,NA,NA,0,821,821,0,NA,NA,0,821,821
"4645",2007-02-14,NA,NA,0,806,806,0,NA,NA,0,806,806
"4646",2007-02-15,0,450,-450,581,131,450,NA,NA,0,581,581
"4647",2007-02-16,NA,NA,0,1479,1479,0,NA,NA,0,1479,1479
"4648",2007-02-20,0,4272,-4272,8107,3835,4272,NA,NA,0,8107,8107
"4649",2007-02-21,0,248,-248,3163,2915,248,NA,NA,0,3163,3163
"4650",2007-02-22,0,9828,-9828,13141,3312,9829,NA,NA,0,13141,13141
"4651",2007-02-23,0,3220,-3220,3814,594,3220,NA,NA,0,3814,3814
"4652",2007-02-26,0,21,-21,7966,7945,21,NA,NA,0,7966,7966
"4653",2007-02-27,0,91289,-91289,97233,5943,91290,NA,NA,0,97233,97233
"4654",2007-02-28,NA,NA,0,2031,2031,0,NA,NA,0,2031,2031
"4655",2007-03-02,0,3337,-3337,9434,6097,3337,NA,NA,0,9434,9434
"4656",2007-03-05,0,6,-6,734,728,6,NA,NA,0,734,734
"4657",2007-03-06,NA,NA,0,2059,2059,0,NA,NA,0,2059,2059
"4658",2007-03-07,NA,NA,0,858,858,0,NA,NA,0,858,858
"4659",2007-03-08,NA,NA,0,826,826,0,NA,NA,0,826,826
"4660",2007-03-09,0,53,-53,4511,4458,53,NA,NA,0,4511,4511
"4661",2007-03-12,0,116,-116,4100,3984,116,NA,NA,0,4100,4100
"4662",2007-03-13,0,3620,-3620,5121,1501,3620,NA,NA,0,5121,5121
"4663",2007-03-14,0,1018,-1018,1880,861,1019,NA,NA,0,1880,1880
"4664",2007-03-15,0,920,-920,3149,2229,920,NA,NA,0,3149,3149
"4665",2007-03-16,0,3644,-3644,4547,903,3644,NA,NA,0,4547,4547
"4666",2007-03-19,0,10490,-10490,11983,1492,10491,NA,NA,0,11983,11983
"4667",2007-03-20,0,648,-648,3259,2611,648,NA,NA,0,3259,3259
"4668",2007-03-21,0,2308,-2308,3166,858,2308,NA,NA,0,3166,3166
"4669",2007-03-22,0,466,-466,3465,2999,466,NA,NA,0,3465,3465
"4670",2007-03-23,0,1564,-1564,2584,1020,1564,NA,NA,0,2584,2584
"4671",2007-03-26,0,1089,-1089,2914,1825,1089,NA,NA,0,2914,2914
"4672",2007-03-27,0,473,-473,1915,1442,473,NA,NA,0,1915,1915
"4673",2007-03-28,NA,NA,0,1771,1771,0,NA,NA,0,1771,1771
"4674",2007-03-29,0,459,-459,3083,2625,458,NA,NA,0,3083,3083
"4675",2007-03-30,NA,NA,0,2128,2128,0,NA,NA,0,2128,2128
"4676",2007-04-02,NA,NA,0,836,836,0,NA,NA,0,836,836
"4677",2007-04-03,0,1001,-1001,3498,2497,1001,NA,NA,0,3498,3498
"4678",2007-04-04,0,1369,-1369,3953,2584,1369,NA,NA,0,3953,3953
"4679",2007-04-05,0,4744,-4744,8010,3267,4743,NA,NA,0,8010,8010
"4680",2007-04-06,NA,NA,0,1308,1308,0,NA,NA,0,1308,1308
"4681",2007-04-09,NA,NA,0,1629,1629,0,NA,NA,0,1629,1629
"4682",2007-04-10,NA,NA,0,3477,3477,0,NA,NA,0,3477,3477
"4683",2007-04-11,NA,NA,0,3888,3888,0,NA,NA,0,3888,3888
"4684",2007-04-12,NA,NA,0,7923,7923,0,NA,NA,0,7923,7923
"4685",2007-04-13,NA,NA,0,2008,2008,0,NA,NA,0,2008,2008
"4686",2007-04-16,NA,NA,0,1889,1889,0,NA,NA,0,1889,1889
"4687",2007-04-17,NA,NA,0,6458,6458,0,NA,NA,0,6458,6458
"4688",2007-04-18,NA,NA,0,4412,4412,0,NA,NA,0,4412,4412
"4689",2007-04-19,NA,NA,0,2428,2428,0,NA,NA,0,2428,2428
"4690",2007-04-20,NA,NA,0,5736,5736,0,NA,NA,0,5736,5736
"4691",2007-04-23,NA,NA,0,6002,6002,0,NA,NA,0,6002,6002
"4692",2007-04-24,NA,NA,0,3960,3960,0,NA,NA,0,3960,3960
"4693",2007-04-25,NA,NA,0,2686,2686,0,NA,NA,0,2686,2686
"4694",2007-04-26,NA,NA,0,5275,5275,0,NA,NA,0,5275,5275
"4695",2007-04-27,NA,NA,0,956,956,0,NA,NA,0,956,956
"4696",2007-04-30,NA,NA,0,541,541,0,NA,NA,0,541,541
"4697",2007-05-02,NA,NA,0,4791,4791,0,NA,NA,0,4791,4791
"4698",2007-05-03,NA,NA,0,1745,1745,0,NA,NA,0,1745,1745
"4699",2007-05-04,NA,NA,0,1235,1235,0,NA,NA,0,1235,1235
"4700",2007-05-07,NA,NA,0,1693,1693,0,NA,NA,0,1693,1693
"4701",2007-05-08,NA,NA,0,907,907,0,NA,NA,0,907,907
"4702",2007-05-09,NA,NA,0,1661,1661,0,NA,NA,0,1661,1661
"4703",2007-05-10,NA,NA,0,4262,4262,0,NA,NA,0,4262,4262
"4704",2007-05-11,NA,NA,0,3677,3677,0,NA,NA,0,3677,3677
"4705",2007-05-14,NA,NA,0,4997,4997,0,NA,NA,0,4997,4997
"4706",2007-05-15,NA,NA,0,9837,9837,0,NA,NA,0,9837,9837
"4707",2007-05-16,NA,NA,0,4168,4168,0,NA,NA,0,4168,4168
"4708",2007-05-17,NA,NA,0,4155,4155,0,NA,NA,0,4155,4155
"4709",2007-05-18,NA,NA,0,1600,1600,0,NA,NA,0,1600,1600
"4710",2007-05-21,NA,NA,0,806,806,0,NA,NA,0,806,806
"4711",2007-05-22,NA,NA,0,1352,1352,0,NA,NA,0,1352,1352
"4712",2007-05-23,NA,NA,0,1041,1041,0,NA,NA,0,1041,1041
"4713",2007-05-25,NA,NA,0,1499,1499,0,NA,NA,0,1499,1499
"4714",2007-05-28,NA,NA,0,5220,5220,0,NA,NA,0,5220,5220
"4715",2007-05-29,NA,NA,0,2177,2177,0,NA,NA,0,2177,2177
"4716",2007-05-30,NA,NA,0,2402,2402,0,NA,NA,0,2402,2402
"4717",2007-05-31,NA,NA,0,1994,1994,0,NA,NA,0,1994,1994
"4718",2007-06-01,NA,NA,0,4413,4413,0,NA,NA,0,4413,4413
"4719",2007-06-04,NA,NA,0,2839,2839,0,NA,NA,0,2839,2839
"4720",2007-06-05,NA,NA,0,3389,3389,0,NA,NA,0,3389,3389
"4721",2007-06-07,NA,NA,0,3993,3993,0,NA,NA,0,3993,3993
"4722",2007-06-08,NA,NA,0,1837,1837,0,NA,NA,0,1837,1837
"4723",2007-06-11,NA,NA,0,3803,3803,0,NA,NA,0,3803,3803
"4724",2007-06-12,NA,NA,0,7961,7961,0,NA,NA,0,7961,7961
"4725",2007-06-13,NA,NA,0,2583,2583,0,NA,NA,0,2583,2583
"4726",2007-06-14,NA,NA,0,1074,1074,0,NA,NA,0,1074,1074
"4727",2007-06-15,NA,NA,0,3470,3470,0,NA,NA,0,3470,3470
"4728",2007-06-18,NA,NA,0,5497,5497,0,NA,NA,0,5497,5497
"4729",2007-06-19,NA,NA,0,8258,8258,0,NA,NA,0,8258,8258
"4730",2007-06-20,NA,NA,0,39668,39668,0,NA,NA,0,39668,39668
"4731",2007-06-21,NA,NA,0,45060,45060,0,NA,NA,0,45060,45060
"4732",2007-06-22,NA,NA,0,74227,74227,0,NA,NA,0,74227,74227
"4733",2007-06-25,NA,NA,0,31711,30347,1364,0,1364,-1364,31711,31711
"4734",2007-06-26,NA,NA,0,36079,36079,0,NA,NA,0,36079,36079
"4735",2007-06-27,NA,NA,0,22866,22866,0,NA,NA,0,22866,22866
"4736",2007-06-28,NA,NA,0,8517,8517,0,NA,NA,0,8517,8517
"4737",2007-06-29,NA,NA,0,3103,3103,0,NA,NA,0,3103,3103
"4738",2007-07-02,NA,NA,0,3176,3235,-59,NA,NA,0,3235,3235
"4739",2007-07-03,NA,NA,0,13286,13286,0,NA,NA,0,13286,13286
"4740",2007-07-04,0,20191,-20191,184365,164544,19821,NA,NA,0,184735,184735
"4741",2007-07-05,7967,0,7967,10135,18102,-7967,NA,NA,0,18102,18102
"4742",2007-07-06,6488,0,6488,4923,11411,-6488,NA,NA,0,11411,11411
"4743",2007-07-09,4323,0,4323,5966,10289,-4323,NA,NA,0,10289,10289
"4744",2007-07-10,NA,NA,0,8062,8062,0,NA,NA,0,8062,8062
"4745",2007-07-11,NA,NA,0,8490,8490,0,NA,NA,0,8490,8490
"4746",2007-07-12,418,0,418,10594,10682,-88,NA,NA,0,11013,11013
"4747",2007-07-13,NA,NA,0,6516,6516,0,NA,NA,0,6516,6516
"4748",2007-07-16,NA,NA,0,4418,4418,0,NA,NA,0,4418,4418
"4749",2007-07-18,NA,NA,0,2538,2538,0,NA,NA,0,2538,2538
"4750",2007-07-19,NA,NA,0,7117,7117,0,NA,NA,0,7117,7117
"4751",2007-07-20,NA,NA,0,5186,5186,0,NA,NA,0,5186,5186
"4752",2007-07-23,NA,NA,0,1800,1800,0,NA,NA,0,1800,1800
"4753",2007-07-24,NA,NA,0,1821,1759,62,NA,NA,0,1821,1821
"4754",2007-07-25,NA,NA,0,818,818,0,NA,NA,0,818,818
"4755",2007-07-26,NA,NA,0,5310,5310,0,NA,NA,0,5310,5310
"4756",2007-07-27,NA,NA,0,4506,4506,0,NA,NA,0,4506,4506
"4757",2007-07-30,NA,NA,0,3665,3665,0,NA,NA,0,3665,3665
"4758",2007-07-31,NA,NA,0,2019,2019,0,NA,NA,0,2019,2019
"4759",2007-08-01,NA,NA,0,7159,7159,0,NA,NA,0,7159,7159
"4760",2007-08-02,5598,0,5598,5720,11318,-5598,NA,NA,0,11318,11318
"4761",2007-08-03,NA,NA,0,5112,5112,0,NA,NA,0,5112,5112
"4762",2007-08-06,NA,NA,0,979,979,0,NA,NA,0,979,979
"4763",2007-08-07,NA,NA,0,3454,3454,0,NA,NA,0,3454,3454
"4764",2007-08-08,NA,NA,0,1634,1634,0,NA,NA,0,1634,1634
"4765",2007-08-09,NA,NA,0,1035,1035,0,NA,NA,0,1035,1035
"4766",2007-08-10,NA,NA,0,7685,7685,0,NA,NA,0,7685,7685
"4767",2007-08-13,NA,NA,0,2599,2599,0,NA,NA,0,2599,2599
"4768",2007-08-14,NA,NA,0,2276,2276,0,NA,NA,0,2276,2276
"4769",2007-08-16,NA,NA,0,8661,8661,0,NA,NA,0,8661,8661
"4770",2007-08-17,NA,NA,0,4043,4043,0,NA,NA,0,4043,4043
"4771",2007-08-20,NA,NA,0,5795,5795,0,NA,NA,0,5795,5795
"4772",2007-08-21,NA,NA,0,5766,5766,0,NA,NA,0,5766,5766
"4773",2007-08-22,NA,NA,0,3888,3888,0,NA,NA,0,3888,3888
"4774",2007-08-23,NA,NA,0,5715,5715,0,NA,NA,0,5715,5715
"4775",2007-08-24,NA,NA,0,957,957,0,NA,NA,0,957,957
"4776",2007-08-27,NA,NA,0,2513,2513,0,NA,NA,0,2513,2513
"4777",2007-08-28,NA,NA,0,181,181,0,NA,NA,0,181,181
"4778",2007-08-29,NA,NA,0,1227,1227,0,NA,NA,0,1227,1227
"4779",2007-08-30,NA,NA,0,1466,1466,0,NA,NA,0,1466,1466
"4780",2007-08-31,NA,NA,0,1684,1684,0,NA,NA,0,1684,1684
"4781",2007-09-03,NA,NA,0,3769,3769,0,NA,NA,0,3769,3769
"4782",2007-09-04,NA,NA,0,2082,2082,0,NA,NA,0,2082,2082
"4783",2007-09-05,0,36,-36,4303,4267,36,NA,NA,0,4303,4303
"4784",2007-09-06,NA,NA,0,3113,3113,0,NA,NA,0,3113,3113
"4785",2007-09-07,NA,NA,0,2070,2070,0,NA,NA,0,2070,2070
"4786",2007-09-10,NA,NA,0,2006,2006,0,NA,NA,0,2006,2006
"4787",2007-09-11,NA,NA,0,2281,2281,0,NA,NA,0,2281,2281
"4788",2007-09-12,NA,NA,0,667,667,0,NA,NA,0,667,667
"4789",2007-09-13,NA,NA,0,321,321,0,NA,NA,0,321,321
"4790",2007-09-14,NA,NA,0,4412,4412,0,NA,NA,0,4412,4412
"4791",2007-09-17,NA,NA,0,3037,3037,0,NA,NA,0,3037,3037
"4792",2007-09-18,NA,NA,0,5740,5740,0,NA,NA,0,5740,5740
"4793",2007-09-19,NA,NA,0,3010,3010,0,NA,NA,0,3010,3010
"4794",2007-09-20,NA,NA,0,1900,1900,0,NA,NA,0,1900,1900
"4795",2007-09-21,NA,NA,0,1138,1138,0,NA,NA,0,1138,1138
"4796",2007-09-27,NA,NA,0,4383,4383,0,NA,NA,0,4383,4383
"4797",2007-09-28,NA,NA,0,3434,3434,0,NA,NA,0,3434,3434
"4798",2007-10-01,NA,NA,0,2488,2488,0,NA,NA,0,2488,2488
"4799",2007-10-02,NA,NA,0,4672,4672,0,NA,NA,0,4672,4672
"4800",2007-10-04,NA,NA,0,21810,4720,17090,0,17090,-17090,21810,21810
"4801",2007-10-05,NA,NA,0,20380,6252,14128,0,14128,-14128,20380,20380
"4802",2007-10-08,NA,NA,0,13356,13356,0,NA,NA,0,13356,13356
"4803",2007-10-09,NA,NA,0,3579,3579,0,NA,NA,0,3579,3579
"4804",2007-10-10,NA,NA,0,1320,1320,0,NA,NA,0,1320,1320
"4805",2007-10-11,NA,NA,0,4388,4388,0,NA,NA,0,4388,4388
"4806",2007-10-12,NA,NA,0,142,142,0,NA,NA,0,142,142
"4807",2007-10-15,NA,NA,0,6968,6968,0,NA,NA,0,6968,6968
"4808",2007-10-16,NA,NA,0,745,745,0,NA,NA,0,745,745
"4809",2007-10-17,NA,NA,0,2099,2099,0,NA,NA,0,2099,2099
"4810",2007-10-18,NA,NA,0,2799,2799,0,NA,NA,0,2799,2799
"4811",2007-10-19,NA,NA,0,502,502,0,NA,NA,0,502,502
"4812",2007-10-22,NA,NA,0,925,925,0,NA,NA,0,925,925
"4813",2007-10-23,NA,NA,0,3837,3837,0,NA,NA,0,3837,3837
"4814",2007-10-24,NA,NA,0,328,328,0,NA,NA,0,328,328
"4815",2007-10-25,NA,NA,0,460,460,0,NA,NA,0,460,460
"4816",2007-10-26,NA,NA,0,32,32,0,NA,NA,0,32,32
"4817",2007-10-29,NA,NA,0,1526,1526,0,NA,NA,0,1526,1526
"4818",2007-10-30,NA,NA,0,364,364,0,NA,NA,0,364,364
"4819",2007-10-31,NA,NA,0,1347,1347,0,NA,NA,0,1347,1347
"4820",2007-11-01,NA,NA,0,835,835,0,NA,NA,0,835,835
"4821",2007-11-02,NA,NA,0,3164,3164,0,NA,NA,0,3164,3164
"4822",2007-11-05,NA,NA,0,109,109,0,NA,NA,0,109,109
"4823",2007-11-06,NA,NA,0,14,14,0,NA,NA,0,14,14
"4824",2007-11-07,NA,NA,0,77,77,0,NA,NA,0,77,77
"4825",2007-11-08,NA,NA,0,180,180,0,NA,NA,0,180,180
"4826",2007-11-09,NA,NA,0,421,421,0,NA,NA,0,421,421
"4827",2007-11-12,NA,NA,0,200,200,0,NA,NA,0,200,200
"4828",2007-11-13,NA,NA,0,20,20,0,NA,NA,0,20,20
"4829",2007-11-14,NA,NA,0,22,22,0,NA,NA,0,22,22
"4830",2007-11-15,NA,NA,0,245,245,0,NA,NA,0,245,245
"4831",2007-11-16,NA,NA,0,815,815,0,NA,NA,0,815,815
"4832",2007-11-19,NA,NA,0,7029,3202,3827,NA,NA,0,7029,7029
"4833",2007-11-20,NA,NA,0,1241,1241,0,NA,NA,0,1241,1241
"4834",2007-11-21,NA,NA,0,1813,1813,0,NA,NA,0,1813,1813
"4835",2007-11-22,NA,NA,0,999,999,0,NA,NA,0,999,999
"4836",2007-11-23,NA,NA,0,710,710,0,NA,NA,0,710,710
"4837",2007-11-26,NA,NA,0,4774,4774,0,NA,NA,0,4774,4774
"4838",2007-11-27,NA,NA,0,766,766,0,NA,NA,0,766,766
"4839",2007-11-28,NA,NA,0,890,259,631,NA,NA,0,890,890
"4840",2007-11-29,NA,NA,0,3962,121,3841,NA,NA,0,3962,3962
"4841",2007-11-30,NA,NA,0,21367,6107,15260,NA,NA,0,21367,21367
"4842",2007-12-03,NA,NA,0,7149,2922,4227,NA,NA,0,7149,7149
"4843",2007-12-04,NA,NA,0,4686,1860,2826,NA,NA,0,4686,4686
"4844",2007-12-05,NA,NA,0,1489,1411,78,NA,NA,0,1489,1489
"4845",2007-12-06,NA,NA,0,9441,1990,7451,NA,NA,0,9441,9441
"4846",2007-12-07,NA,NA,0,1448,899,549,NA,NA,0,1448,1448
"4847",2007-12-10,NA,NA,0,1786,607,1179,NA,NA,0,1786,1786
"4848",2007-12-11,NA,NA,0,3025,664,2361,NA,NA,0,3025,3025
"4849",2007-12-12,NA,NA,0,1643,1643,0,NA,NA,0,1643,1643
"4850",2007-12-13,NA,NA,0,1606,611,995,NA,NA,0,1606,1606
"4851",2007-12-14,NA,NA,0,1151,917,234,NA,NA,0,1151,1151
"4852",2007-12-17,NA,NA,0,516,401,115,NA,NA,0,516,516
"4853",2007-12-18,NA,NA,0,3948,1961,1987,NA,NA,0,3948,3948
"4854",2007-12-20,NA,NA,0,1249,381,868,NA,NA,0,1249,1249
"4855",2007-12-21,NA,NA,0,1829,1165,664,NA,NA,0,1829,1829
"4856",2007-12-24,NA,NA,0,2292,583,1709,NA,NA,0,2292,2292
"4857",2007-12-26,NA,NA,0,9990,394,9596,NA,NA,0,9990,9990
"4858",2007-12-27,NA,NA,0,31170,5994,25176,NA,NA,0,31170,31170
"4859",2007-12-28,NA,NA,0,3901,3901,0,NA,NA,0,3901,3901
"4860",2008-01-02,NA,NA,0,1711,1711,0,NA,NA,0,1711,1711
"4861",2008-01-03,NA,NA,0,1069,1069,0,NA,NA,0,1069,1069
"4862",2008-01-04,NA,NA,0,1268,1268,0,NA,NA,0,1268,1268
"4863",2008-01-07,NA,NA,0,934,934,0,NA,NA,0,934,934
"4864",2008-01-08,NA,NA,0,3432,3432,0,NA,NA,0,3432,3432
"4865",2008-01-09,NA,NA,0,523,523,0,NA,NA,0,523,523
"4866",2008-01-10,NA,NA,0,3054,3054,0,NA,NA,0,3054,3054
"4867",2008-01-11,NA,NA,0,4817,4817,0,NA,NA,0,4817,4817
"4868",2008-01-14,NA,NA,0,4926,4926,0,NA,NA,0,4926,4926
"4869",2008-01-15,NA,NA,0,2739,2739,0,NA,NA,0,2739,2739
"4870",2008-01-16,NA,NA,0,510,510,0,NA,NA,0,510,510
"4871",2008-01-17,NA,NA,0,953,953,0,NA,NA,0,953,953
"4872",2008-01-18,NA,NA,0,414,414,0,NA,NA,0,414,414
"4873",2008-01-21,NA,NA,0,873,873,0,NA,NA,0,873,873
"4874",2008-01-22,NA,NA,0,2914,2914,0,NA,NA,0,2914,2914
"4875",2008-01-23,NA,NA,0,170,170,0,NA,NA,0,170,170
"4876",2008-01-24,NA,NA,0,877,877,0,NA,NA,0,877,877
"4877",2008-01-25,NA,NA,0,2813,2813,0,NA,NA,0,2813,2813
"4878",2008-01-28,NA,NA,0,1836,1836,0,NA,NA,0,1836,1836
"4879",2008-01-29,NA,NA,0,1766,1766,0,NA,NA,0,1766,1766
"4880",2008-01-30,NA,NA,0,675,675,0,NA,NA,0,675,675
"4881",2008-01-31,NA,NA,0,1479,1479,0,NA,NA,0,1479,1479
"4882",2008-02-01,NA,NA,0,2417,2326,91,NA,NA,0,2417,2417
"4883",2008-02-04,NA,NA,0,750,750,0,NA,NA,0,750,750
"4884",2008-02-05,NA,NA,0,818,818,0,NA,NA,0,818,818
"4885",2008-02-11,NA,NA,0,1049,1049,0,NA,NA,0,1049,1049
"4886",2008-02-12,NA,NA,0,1111,1111,0,NA,NA,0,1111,1111
"4887",2008-02-13,NA,NA,0,68,68,0,NA,NA,0,68,68
"4888",2008-02-14,NA,NA,0,230,230,0,NA,NA,0,230,230
"4889",2008-02-15,NA,NA,0,1069,1069,0,NA,NA,0,1069,1069
"4890",2008-02-18,NA,NA,0,850,850,0,NA,NA,0,850,850
"4891",2008-02-19,NA,NA,0,1339,1339,0,NA,NA,0,1339,1339
"4892",2008-02-20,NA,NA,0,900,900,0,NA,NA,0,900,900
"4893",2008-02-21,NA,NA,0,274,274,0,NA,NA,0,274,274
"4894",2008-02-22,NA,NA,0,137,137,0,NA,NA,0,137,137
"4895",2008-02-25,NA,NA,0,324,324,0,NA,NA,0,324,324
"4896",2008-02-26,NA,NA,0,1573,1573,0,NA,NA,0,1573,1573
"4897",2008-02-27,NA,NA,0,871,871,0,NA,NA,0,871,871
"4898",2008-02-28,NA,NA,0,1007,1007,0,NA,NA,0,1007,1007
"4899",2008-02-29,NA,NA,0,121,121,0,NA,NA,0,121,121
"4900",2008-03-03,NA,NA,0,257,257,0,NA,NA,0,257,257
"4901",2008-03-04,NA,NA,0,813,813,0,NA,NA,0,813,813
"4902",2008-03-05,NA,NA,0,642,642,0,NA,NA,0,642,642
"4903",2008-03-06,NA,NA,0,360,360,0,NA,NA,0,360,360
"4904",2008-03-07,NA,NA,0,471,471,0,NA,NA,0,471,471
"4905",2008-03-10,NA,NA,0,23,23,0,NA,NA,0,23,23
"4906",2008-03-11,NA,NA,0,334,334,0,NA,NA,0,334,334
"4907",2008-03-12,NA,NA,0,1610,1610,0,NA,NA,0,1610,1610
"4908",2008-03-13,NA,NA,0,421,421,0,NA,NA,0,421,421
"4909",2008-03-14,NA,NA,0,275,275,0,NA,NA,0,275,275
"4910",2008-03-17,NA,NA,0,125,125,0,NA,NA,0,125,125
"4911",2008-03-18,NA,NA,0,1492,1492,0,NA,NA,0,1492,1492
"4912",2008-03-19,NA,NA,0,46,46,0,NA,NA,0,46,46
"4913",2008-03-20,NA,NA,0,503,503,0,NA,NA,0,503,503
"4914",2008-03-21,NA,NA,0,153,153,0,NA,NA,0,153,153
"4915",2008-03-24,NA,NA,0,94,94,0,NA,NA,0,94,94
"4916",2008-03-25,NA,NA,0,524,524,0,NA,NA,0,524,524
"4917",2008-03-26,NA,NA,0,29,29,0,NA,NA,0,29,29
"4918",2008-03-27,NA,NA,0,176,176,0,NA,NA,0,176,176
"4919",2008-03-28,NA,NA,0,1634,1634,0,NA,NA,0,1634,1634
"4920",2008-03-31,NA,NA,0,730,730,0,NA,NA,0,730,730
"4921",2008-04-01,NA,NA,0,378,378,0,NA,NA,0,378,378
"4922",2008-04-02,NA,NA,0,1721,1721,0,NA,NA,0,1721,1721
"4923",2008-04-03,NA,NA,0,8234,8234,0,NA,NA,0,8234,8234
"4924",2008-04-04,NA,NA,0,25399,25399,0,NA,NA,0,25399,25399
"4925",2008-04-07,NA,NA,0,6677,6677,0,NA,NA,0,6677,6677
"4926",2008-04-08,NA,NA,0,2345,2345,0,NA,NA,0,2345,2345
"4927",2008-04-10,NA,NA,0,1887,1887,0,NA,NA,0,1887,1887
"4928",2008-04-11,NA,NA,0,2154,2154,0,NA,NA,0,2154,2154
"4929",2008-04-14,NA,NA,0,1873,1873,0,NA,NA,0,1873,1873
"4930",2008-04-15,NA,NA,0,1507,1507,0,NA,NA,0,1507,1507
"4931",2008-04-16,NA,NA,0,2999,2999,0,NA,NA,0,2999,2999
"4932",2008-04-17,NA,NA,0,2331,2331,0,NA,NA,0,2331,2331
"4933",2008-04-18,NA,NA,0,292,292,0,NA,NA,0,292,292
"4934",2008-04-21,NA,NA,0,647,647,0,NA,NA,0,647,647
"4935",2008-04-22,NA,NA,0,2654,2654,0,NA,NA,0,2654,2654
"4936",2008-04-23,NA,NA,0,1433,1433,0,NA,NA,0,1433,1433
"4937",2008-04-24,NA,NA,0,2047,2047,0,NA,NA,0,2047,2047
"4938",2008-04-25,NA,NA,0,580,580,0,NA,NA,0,580,580
"4939",2008-04-28,NA,NA,0,1803,1803,0,NA,NA,0,1803,1803
"4940",2008-04-29,NA,NA,0,215,215,0,NA,NA,0,215,215
"4941",2008-04-30,NA,NA,0,2053,2053,0,NA,NA,0,2053,2053
"4942",2008-05-02,NA,NA,0,378,378,0,NA,NA,0,378,378
"4943",2008-05-06,NA,NA,0,410,410,0,NA,NA,0,410,410
"4944",2008-05-07,NA,NA,0,822,822,0,NA,NA,0,822,822
"4945",2008-05-08,NA,NA,0,1616,1616,0,NA,NA,0,1616,1616
"4946",2008-05-09,NA,NA,0,43744,43744,0,NA,NA,0,43744,43744
"4947",2008-05-13,NA,NA,0,6862,6862,0,NA,NA,0,6862,6862
"4948",2008-05-14,NA,NA,0,3639,3639,0,NA,NA,0,3639,3639
"4949",2008-05-15,NA,NA,0,2767,2767,0,NA,NA,0,2767,2767
"4950",2008-05-16,NA,NA,0,3672,3672,0,NA,NA,0,3672,3672
"4951",2008-05-19,NA,NA,0,773,773,0,NA,NA,0,773,773
"4952",2008-05-20,NA,NA,0,1608,1608,0,NA,NA,0,1608,1608
"4953",2008-05-21,NA,NA,0,5545,5545,0,NA,NA,0,5545,5545
"4954",2008-05-22,NA,NA,0,1341,1341,0,NA,NA,0,1341,1341
"4955",2008-05-23,NA,NA,0,466,466,0,NA,NA,0,466,466
"4956",2008-05-26,NA,NA,0,2826,2826,0,NA,NA,0,2826,2826
"4957",2008-05-27,NA,NA,0,2228,2228,0,NA,NA,0,2228,2228
"4958",2008-05-28,NA,NA,0,2962,2962,0,NA,NA,0,2962,2962
"4959",2008-05-29,NA,NA,0,1762,1762,0,NA,NA,0,1762,1762
"4960",2008-05-30,NA,NA,0,1986,1986,0,NA,NA,0,1986,1986
"4961",2008-06-02,NA,NA,0,8009,8009,0,NA,NA,0,8009,8009
"4962",2008-06-03,NA,NA,0,4762,4762,0,NA,NA,0,4762,4762
"4963",2008-06-04,NA,NA,0,3024,3024,0,NA,NA,0,3024,3024
"4964",2008-06-05,NA,NA,0,1300,1300,0,NA,NA,0,1300,1300
"4965",2008-06-09,NA,NA,0,3565,3565,0,NA,NA,0,3565,3565
"4966",2008-06-10,NA,NA,0,1248,1248,0,NA,NA,0,1248,1248
"4967",2008-06-11,NA,NA,0,1128,1128,0,NA,NA,0,1128,1128
"4968",2008-06-12,NA,NA,0,903,903,0,NA,NA,0,903,903
"4969",2008-06-13,NA,NA,0,2172,2172,0,NA,NA,0,2172,2172
"4970",2008-06-16,NA,NA,0,547,547,0,NA,NA,0,547,547
"4971",2008-06-17,NA,NA,0,306,306,0,NA,NA,0,306,306
"4972",2008-06-18,NA,NA,0,805,805,0,NA,NA,0,805,805
"4973",2008-06-19,NA,NA,0,991,991,0,NA,NA,0,991,991
"4974",2008-06-20,NA,NA,0,494,494,0,NA,NA,0,494,494
"4975",2008-06-23,NA,NA,0,1518,1518,0,NA,NA,0,1518,1518
"4976",2008-06-24,NA,NA,0,156,156,0,NA,NA,0,156,156
"4977",2008-06-25,NA,NA,0,981,981,0,NA,NA,0,981,981
"4978",2008-06-26,NA,NA,0,1488,1488,0,NA,NA,0,1488,1488
"4979",2008-06-27,NA,NA,0,883,883,0,NA,NA,0,883,883
"4980",2008-06-30,NA,NA,0,1028,1028,0,NA,NA,0,1028,1028
"4981",2008-07-01,NA,NA,0,1066,1066,0,NA,NA,0,1066,1066
"4982",2008-07-02,NA,NA,0,1166,1166,0,NA,NA,0,1166,1166
"4983",2008-07-03,NA,NA,0,355,355,0,NA,NA,0,355,355
"4984",2008-07-04,NA,NA,0,378,378,0,NA,NA,0,378,378
"4985",2008-07-07,NA,NA,0,406,406,0,NA,NA,0,406,406
"4986",2008-07-08,NA,NA,0,372,372,0,NA,NA,0,372,372
"4987",2008-07-09,NA,NA,0,379,379,0,NA,NA,0,379,379
"4988",2008-07-10,NA,NA,0,186,186,0,NA,NA,0,186,186
"4989",2008-07-11,NA,NA,0,378,378,0,NA,NA,0,378,378
"4990",2008-07-14,NA,NA,0,652,652,0,NA,NA,0,652,652
"4991",2008-07-15,NA,NA,0,1084,1084,0,NA,NA,0,1084,1084
"4992",2008-07-16,NA,NA,0,1150,1150,0,NA,NA,0,1150,1150
"4993",2008-07-17,NA,NA,0,38,38,0,NA,NA,0,38,38
"4994",2008-07-18,NA,NA,0,55,55,0,NA,NA,0,55,55
"4995",2008-07-21,NA,NA,0,148,148,0,NA,NA,0,148,148
"4996",2008-07-22,NA,NA,0,415,415,0,NA,NA,0,415,415
"4997",2008-07-23,NA,NA,0,5604,5604,0,NA,NA,0,5604,5604
"4998",2008-07-24,NA,NA,0,2706,2706,0,NA,NA,0,2706,2706
"4999",2008-07-25,NA,NA,0,527,527,0,NA,NA,0,527,527
"5000",2008-07-28,NA,NA,0,768,768,0,NA,NA,0,768,768
"5001",2008-07-29,NA,NA,0,591,591,0,NA,NA,0,591,591
"5002",2008-07-30,NA,NA,0,569,569,0,NA,NA,0,569,569
"5003",2008-07-31,NA,NA,0,251,251,0,NA,NA,0,251,251
"5004",2008-08-01,NA,NA,0,171,171,0,NA,NA,0,171,171
"5005",2008-08-04,NA,NA,0,147,147,0,NA,NA,0,147,147
"5006",2008-08-05,NA,NA,0,96,96,0,NA,NA,0,96,96
"5007",2008-08-06,NA,NA,0,56,56,0,NA,NA,0,56,56
"5008",2008-08-07,NA,NA,0,0,0,0,NA,NA,0,0,0
"5009",2008-08-08,NA,NA,0,163,163,0,NA,NA,0,163,163
"5010",2008-08-11,NA,NA,0,478,478,0,NA,NA,0,478,478
"5011",2008-08-12,NA,NA,0,3743,3743,0,NA,NA,0,3743,3743
"5012",2008-08-13,NA,NA,0,1291,1291,0,NA,NA,0,1291,1291
"5013",2008-08-14,NA,NA,0,487,487,0,NA,NA,0,487,487
"5014",2008-08-18,NA,NA,0,2291,2291,0,NA,NA,0,2291,2291
"5015",2008-08-19,NA,NA,0,310,310,0,NA,NA,0,310,310
"5016",2008-08-20,NA,NA,0,161,161,0,NA,NA,0,161,161
"5017",2008-08-21,NA,NA,0,756,756,0,NA,NA,0,756,756
"5018",2008-08-22,NA,NA,0,64,64,0,NA,NA,0,64,64
"5019",2008-08-25,NA,NA,0,306,306,0,NA,NA,0,306,306
"5020",2008-08-26,NA,NA,0,649,649,0,NA,NA,0,649,649
"5021",2008-08-27,NA,NA,0,96,96,0,NA,NA,0,96,96
"5022",2008-08-28,NA,NA,0,390,390,0,NA,NA,0,390,390
"5023",2008-08-29,NA,NA,0,532,532,0,NA,NA,0,532,532
"5024",2008-09-01,NA,NA,0,203,203,0,NA,NA,0,203,203
"5025",2008-09-02,NA,NA,0,2106,2106,0,NA,NA,0,2106,2106
"5026",2008-09-03,NA,NA,0,139,139,0,NA,NA,0,139,139
"5027",2008-09-04,NA,NA,0,343,343,0,NA,NA,0,343,343
"5028",2008-09-05,NA,NA,0,576,576,0,NA,NA,0,576,576
"5029",2008-09-08,NA,NA,0,541,541,0,NA,NA,0,541,541
"5030",2008-09-09,NA,NA,0,198,198,0,NA,NA,0,198,198
"5031",2008-09-10,NA,NA,0,608,608,0,NA,NA,0,608,608
"5032",2008-09-11,NA,NA,0,211,211,0,NA,NA,0,211,211
"5033",2008-09-12,NA,NA,0,29,29,0,NA,NA,0,29,29
"5034",2008-09-16,NA,NA,0,563,563,0,NA,NA,0,563,563
"5035",2008-09-17,NA,NA,0,1124,1124,0,NA,NA,0,1124,1124
"5036",2008-09-18,NA,NA,0,3075,3075,0,NA,NA,0,3075,3075
"5037",2008-09-19,NA,NA,0,1428,1428,0,NA,NA,0,1428,1428
"5038",2008-09-22,NA,NA,0,1548,1548,0,NA,NA,0,1548,1548
"5039",2008-09-23,NA,NA,0,438,438,0,NA,NA,0,438,438
"5040",2008-09-24,NA,NA,0,274,274,0,NA,NA,0,274,274
"5041",2008-09-25,NA,NA,0,1366,1366,0,NA,NA,0,1366,1366
"5042",2008-09-26,NA,NA,0,352,352,0,NA,NA,0,352,352
"5043",2008-09-29,NA,NA,0,1870,1870,0,NA,NA,0,1870,1870
"5044",2008-09-30,NA,NA,0,191,191,0,NA,NA,0,191,191
"5045",2008-10-01,NA,NA,0,664,664,0,NA,NA,0,664,664
"5046",2008-10-02,NA,NA,0,1073,1073,0,NA,NA,0,1073,1073
"5047",2008-10-06,NA,NA,0,554,554,0,NA,NA,0,554,554
"5048",2008-10-07,NA,NA,0,268,268,0,NA,NA,0,268,268
"5049",2008-10-08,NA,NA,0,247,247,0,NA,NA,0,247,247
"5050",2008-10-09,NA,NA,0,122,122,0,NA,NA,0,122,122
"5051",2008-10-10,NA,NA,0,367,367,0,NA,NA,0,367,367
"5052",2008-10-13,NA,NA,0,220,220,0,NA,NA,0,220,220
"5053",2008-10-14,NA,NA,0,1338,1338,0,NA,NA,0,1338,1338
"5054",2008-10-15,NA,NA,0,491,491,0,NA,NA,0,491,491
"5055",2008-10-16,NA,NA,0,587,587,0,NA,NA,0,587,587
"5056",2008-10-17,NA,NA,0,1159,1159,0,NA,NA,0,1159,1159
"5057",2008-10-20,NA,NA,0,91,91,0,NA,NA,0,91,91
"5058",2008-10-21,NA,NA,0,20,20,0,NA,NA,0,20,20
"5059",2008-10-22,NA,NA,0,7,7,0,NA,NA,0,7,7
"5060",2008-10-23,NA,NA,0,121,121,0,NA,NA,0,121,121
"5061",2008-10-24,NA,NA,0,94,94,0,NA,NA,0,94,94
"5062",2008-10-27,NA,NA,0,407,407,0,NA,NA,0,407,407
"5063",2008-10-28,NA,NA,0,1279,1279,0,NA,NA,0,1279,1279
"5064",2008-10-29,NA,NA,0,142,142,0,NA,NA,0,142,142
"5065",2008-10-30,NA,NA,0,239,239,0,NA,NA,0,239,239
"5066",2008-10-31,NA,NA,0,264,264,0,NA,NA,0,264,264
"5067",2008-11-03,NA,NA,0,594,594,0,NA,NA,0,594,594
"5068",2008-11-04,NA,NA,0,250,250,0,NA,NA,0,250,250
"5069",2008-11-05,NA,NA,0,796,796,0,NA,NA,0,796,796
"5070",2008-11-06,NA,NA,0,625,625,0,NA,NA,0,625,625
"5071",2008-11-07,NA,NA,0,82,82,0,NA,NA,0,82,82
"5072",2008-11-10,NA,NA,0,79,79,0,NA,NA,0,79,79
"5073",2008-11-11,NA,NA,0,743,743,0,NA,NA,0,743,743
"5074",2008-11-12,NA,NA,0,364,364,0,NA,NA,0,364,364
"5075",2008-11-13,NA,NA,0,823,823,0,NA,NA,0,823,823
"5076",2008-11-14,NA,NA,0,70,70,0,NA,NA,0,70,70
"5077",2008-11-17,NA,NA,0,2,2,0,NA,NA,0,2,2
"5078",2008-11-18,NA,NA,0,25,25,0,NA,NA,0,25,25
"5079",2008-11-19,NA,NA,0,169,169,0,NA,NA,0,169,169
"5080",2008-11-20,NA,NA,0,1557,1557,0,NA,NA,0,1557,1557
"5081",2008-11-21,NA,NA,0,224,224,0,NA,NA,0,224,224
"5082",2008-11-24,NA,NA,0,50,50,0,NA,NA,0,50,50
"5083",2008-11-25,NA,NA,0,5,5,0,NA,NA,0,5,5
"5084",2008-11-26,NA,NA,0,7,7,0,NA,NA,0,7,7
"5085",2008-11-27,NA,NA,0,27,27,0,NA,NA,0,27,27
"5086",2008-11-28,NA,NA,0,293,293,0,NA,NA,0,293,293
"5087",2008-12-01,NA,NA,0,73,73,0,NA,NA,0,73,73
"5088",2008-12-02,NA,NA,0,480,480,0,NA,NA,0,480,480
"5089",2008-12-03,NA,NA,0,460,460,0,NA,NA,0,460,460
"5090",2008-12-04,NA,NA,0,687,687,0,NA,NA,0,687,687
"5091",2008-12-05,NA,NA,0,214,214,0,NA,NA,0,214,214
"5092",2008-12-08,NA,NA,0,259,259,0,NA,NA,0,259,259
"5093",2008-12-09,NA,NA,0,89,89,0,NA,NA,0,89,89
"5094",2008-12-10,NA,NA,0,313,313,0,NA,NA,0,313,313
"5095",2008-12-11,NA,NA,0,333,333,0,NA,NA,0,333,333
"5096",2008-12-12,NA,NA,0,683,683,0,NA,NA,0,683,683
"5097",2008-12-15,NA,NA,0,144,144,0,NA,NA,0,144,144
"5098",2008-12-16,NA,NA,0,427,427,0,NA,NA,0,427,427
"5099",2008-12-17,NA,NA,0,181,181,0,NA,NA,0,181,181
"5100",2008-12-18,NA,NA,0,119,119,0,NA,NA,0,119,119
"5101",2008-12-19,NA,NA,0,45,45,0,NA,NA,0,45,45
"5102",2008-12-22,NA,NA,0,423,423,0,NA,NA,0,423,423
"5103",2008-12-23,NA,NA,0,230,230,0,NA,NA,0,230,230
"5104",2008-12-24,NA,NA,0,329,329,0,NA,NA,0,329,329
"5105",2008-12-26,NA,NA,0,1237,1237,0,NA,NA,0,1237,1237
"5106",2008-12-29,NA,NA,0,989,989,0,NA,NA,0,989,989
"5107",2008-12-30,NA,NA,0,127,127,0,NA,NA,0,127,127
"5108",2009-01-02,NA,NA,0,353,353,0,NA,NA,0,353,353
"5109",2009-01-05,NA,NA,0,6964,6964,0,NA,NA,0,6964,6964
"5110",2009-01-06,NA,NA,0,7837,7837,0,NA,NA,0,7837,7837
"5111",2009-01-07,NA,NA,0,711,711,0,NA,NA,0,711,711
"5112",2009-01-08,NA,NA,0,15,15,0,NA,NA,0,15,15
"5113",2009-01-09,NA,NA,0,381,381,0,NA,NA,0,381,381
"5114",2009-01-12,NA,NA,0,167,167,0,NA,NA,0,167,167
"5115",2009-01-13,NA,NA,0,202,202,0,NA,NA,0,202,202
"5116",2009-01-14,NA,NA,0,133,133,0,NA,NA,0,133,133
"5117",2009-01-15,NA,NA,0,0,0,0,NA,NA,0,0,0
"5118",2009-01-16,NA,NA,0,574,574,0,NA,NA,0,574,574
"5119",2009-01-19,NA,NA,0,217,217,0,NA,NA,0,217,217
"5120",2009-01-20,NA,NA,0,22,22,0,NA,NA,0,22,22
"5121",2009-01-21,NA,NA,0,404,404,0,NA,NA,0,404,404
"5122",2009-01-22,NA,NA,0,1178,1178,0,NA,NA,0,1178,1178
"5123",2009-01-23,NA,NA,0,196,196,0,NA,NA,0,196,196
"5124",2009-01-28,NA,NA,0,469,469,0,NA,NA,0,469,469
"5125",2009-01-29,NA,NA,0,2964,2964,0,NA,NA,0,2964,2964
"5126",2009-01-30,NA,NA,0,892,892,0,NA,NA,0,892,892
"5127",2009-02-02,NA,NA,0,852,852,0,NA,NA,0,852,852
"5128",2009-02-03,NA,NA,0,346,346,0,NA,NA,0,346,346
"5129",2009-02-04,NA,NA,0,477,477,0,NA,NA,0,477,477
"5130",2009-02-05,NA,NA,0,246,246,0,NA,NA,0,246,246
"5131",2009-02-06,NA,NA,0,64,64,0,NA,NA,0,64,64
"5132",2009-02-09,NA,NA,0,4073,4073,0,NA,NA,0,4073,4073
"5133",2009-02-10,NA,NA,0,5754,5754,0,NA,NA,0,5754,5754
"5134",2009-02-11,NA,NA,0,2650,2650,0,NA,NA,0,2650,2650
"5135",2009-02-12,NA,NA,0,2047,2047,0,NA,NA,0,2047,2047
"5136",2009-02-13,NA,NA,0,6561,6561,0,NA,NA,0,6561,6561
"5137",2009-02-16,NA,NA,0,923,923,0,NA,NA,0,923,923
"5138",2009-02-17,NA,NA,0,3848,3848,0,NA,NA,0,3848,3848
"5139",2009-02-18,NA,NA,0,1374,1374,0,NA,NA,0,1374,1374
"5140",2009-02-19,NA,NA,0,628,628,0,NA,NA,0,628,628
"5141",2009-02-20,NA,NA,0,385,385,0,NA,NA,0,385,385
"5142",2009-02-23,NA,NA,0,883,883,0,NA,NA,0,883,883
"5143",2009-02-24,NA,NA,0,981,981,0,NA,NA,0,981,981
"5144",2009-02-25,NA,NA,0,2957,2957,0,NA,NA,0,2957,2957
"5145",2009-02-26,NA,NA,0,2610,2610,0,NA,NA,0,2610,2610
"5146",2009-02-27,NA,NA,0,357,357,0,NA,NA,0,357,357
"5147",2009-03-02,NA,NA,0,428,428,0,NA,NA,0,428,428
"5148",2009-03-03,NA,NA,0,164,164,0,NA,NA,0,164,164
"5149",2009-03-04,NA,NA,0,69,69,0,NA,NA,0,69,69
"5150",2009-03-05,NA,NA,0,815,815,0,NA,NA,0,815,815
"5151",2009-03-06,NA,NA,0,199,199,0,NA,NA,0,199,199
"5152",2009-03-09,NA,NA,0,1225,1225,0,NA,NA,0,1225,1225
"5153",2009-03-10,NA,NA,0,10,10,0,NA,NA,0,10,10
"5154",2009-03-11,NA,NA,0,925,925,0,NA,NA,0,925,925
"5155",2009-03-12,NA,NA,0,1,1,0,NA,NA,0,1,1
"5156",2009-03-13,NA,NA,0,781,781,0,NA,NA,0,781,781
"5157",2009-03-16,NA,NA,0,1864,1864,0,NA,NA,0,1864,1864
"5158",2009-03-17,NA,NA,0,713,713,0,NA,NA,0,713,713
"5159",2009-03-18,NA,NA,0,1076,1076,0,NA,NA,0,1076,1076
"5160",2009-03-19,NA,NA,0,3036,3036,0,NA,NA,0,3036,3036
"5161",2009-03-20,NA,NA,0,4179,4179,0,NA,NA,0,4179,4179
"5162",2009-03-23,NA,NA,0,11615,11615,0,NA,NA,0,11615,11615
"5163",2009-03-24,NA,NA,0,18863,18863,0,NA,NA,0,18863,18863
"5164",2009-03-25,NA,NA,0,11575,11575,0,NA,NA,0,11575,11575
"5165",2009-03-26,NA,NA,0,5500,7306,-1806,NA,NA,0,7306,7306
"5166",2009-03-27,NA,NA,0,7577,7577,0,NA,NA,0,7577,7577
"5167",2009-03-30,NA,NA,0,3138,3138,0,NA,NA,0,3138,3138
"5168",2009-03-31,NA,NA,0,625,625,0,NA,NA,0,625,625
"5169",2009-04-01,NA,NA,0,1530,1530,0,NA,NA,0,1530,1530
"5170",2009-04-02,NA,NA,0,1988,1988,0,NA,NA,0,1988,1988
"5171",2009-04-03,NA,NA,0,1426,1426,0,NA,NA,0,1426,1426
"5172",2009-04-06,NA,NA,0,5227,5227,0,NA,NA,0,5227,5227
"5173",2009-04-07,NA,NA,0,4214,4214,0,NA,NA,0,4214,4214
"5174",2009-04-08,NA,NA,0,4340,2625,1715,NA,NA,0,4483,4483
"5175",2009-04-09,NA,NA,0,5079,5079,0,NA,NA,0,5079,5079
"5176",2009-04-10,NA,NA,0,27036,27036,0,NA,NA,0,27036,27036
"5177",2009-04-13,NA,NA,0,7528,7528,0,NA,NA,0,7528,7528
"5178",2009-04-14,NA,NA,0,4924,4924,0,NA,NA,0,4924,4924
"5179",2009-04-15,NA,NA,0,3953,3953,0,NA,NA,0,3953,3953
"5180",2009-04-16,NA,NA,0,8645,8645,0,NA,NA,0,8645,8645
"5181",2009-04-17,NA,NA,0,4120,4120,0,NA,NA,0,4120,4120
"5182",2009-04-20,NA,NA,0,1801,1801,0,NA,NA,0,1801,1801
"5183",2009-04-21,NA,NA,0,2679,2679,0,NA,NA,0,2679,2679
"5184",2009-04-22,NA,NA,0,11403,11403,0,NA,NA,0,11403,11403
"5185",2009-04-23,NA,NA,0,1088,1088,0,NA,NA,0,1088,1088
"5186",2009-04-24,NA,NA,0,2173,2173,0,NA,NA,0,2173,2173
"5187",2009-04-27,NA,NA,0,1500,1500,0,NA,NA,0,1500,1500
"5188",2009-04-28,NA,NA,0,4217,4217,0,NA,NA,0,4217,4217
"5189",2009-04-29,NA,NA,0,1587,1587,0,NA,NA,0,1587,1587
"5190",2009-04-30,NA,NA,0,3826,3826,0,NA,NA,0,3826,3826
"5191",2009-05-04,NA,NA,0,1032,1032,0,NA,NA,0,1032,1032
"5192",2009-05-06,NA,NA,0,1850,1850,0,NA,NA,0,1850,1850
"5193",2009-05-07,NA,NA,0,471,471,0,NA,NA,0,471,471
"5194",2009-05-08,NA,NA,0,15254,15254,0,NA,NA,0,15254,15254
"5195",2009-05-11,NA,NA,0,1244,1244,0,NA,NA,0,1244,1244
"5196",2009-05-12,NA,NA,0,51911,51911,0,NA,NA,0,51911,51911
"5197",2009-05-13,NA,NA,0,13929,13929,0,NA,NA,0,13929,13929
"5198",2009-05-14,NA,NA,0,6964,6964,0,NA,NA,0,6964,6964
"5199",2009-05-15,NA,NA,0,4317,4517,-200,NA,NA,0,4517,4517
"5200",2009-05-18,NA,NA,0,6839,6839,0,NA,NA,0,6839,6839
"5201",2009-05-19,NA,NA,0,6079,6079,0,NA,NA,0,6079,6079
"5202",2009-05-20,NA,NA,0,5526,5526,0,NA,NA,0,5526,5526
"5203",2009-05-21,NA,NA,0,19641,19641,0,NA,NA,0,19641,19641
"5204",2009-05-22,NA,NA,0,47865,47865,0,NA,NA,0,47865,47865
"5205",2009-05-25,NA,NA,0,46686,46477,209,NA,NA,0,46686,46686
"5206",2009-05-26,NA,NA,0,22416,22416,0,NA,NA,0,22416,22416
"5207",2009-05-27,NA,NA,0,22244,22244,0,NA,NA,0,22244,22244
"5208",2009-05-28,NA,NA,0,71477,71857,-380,262,0,262,71857,71857
"5209",2009-05-29,NA,NA,0,7507,7507,0,NA,NA,0,7507,7507
"5210",2009-06-01,NA,NA,0,7679,7679,0,NA,NA,0,7679,7679
"5211",2009-06-02,NA,NA,0,8804,8426,378,0,255,-255,8804,8804
"5212",2009-06-03,NA,NA,0,5295,5295,0,NA,NA,0,5295,5295
"5213",2009-06-04,NA,NA,0,5465,5465,0,NA,NA,0,5465,5465
"5214",2009-06-05,NA,NA,0,2156,2156,0,NA,NA,0,2156,2156
"5215",2009-06-08,NA,NA,0,1652,1652,0,NA,NA,0,1652,1652
"5216",2009-06-09,NA,NA,0,3046,3046,0,NA,NA,0,3046,3046
"5217",2009-06-10,NA,NA,0,1215,1215,0,NA,NA,0,1215,1215
"5218",2009-06-11,NA,NA,0,3198,3198,0,NA,NA,0,3198,3198
"5219",2009-06-12,NA,NA,0,4185,4185,0,NA,NA,0,4185,4185
"5220",2009-06-15,NA,NA,0,2407,2407,0,NA,NA,0,2407,2407
"5221",2009-06-16,NA,NA,0,1500,1500,0,NA,NA,0,1500,1500
"5222",2009-06-17,NA,NA,0,2200,2200,0,NA,NA,0,2200,2200
"5223",2009-06-18,NA,NA,0,757,757,0,NA,NA,0,757,757
"5224",2009-06-19,NA,NA,0,1761,1751,10,NA,NA,0,1761,1761
"5225",2009-06-22,NA,NA,0,1319,1342,-23,NA,NA,0,1342,1342
"5226",2009-06-23,NA,NA,0,977,951,26,NA,NA,0,1152,1152
"5227",2009-06-24,NA,NA,0,431,431,0,NA,NA,0,431,431
"5228",2009-06-25,NA,NA,0,3230,3230,0,NA,NA,0,3230,3230
"5229",2009-06-26,NA,NA,0,4745,4745,0,NA,NA,0,4745,4745
"5230",2009-06-29,NA,NA,0,620,620,0,NA,NA,0,620,620
"5231",2009-06-30,NA,NA,0,586,586,0,NA,NA,0,586,586
"5232",2009-07-01,NA,NA,0,2331,2331,0,NA,NA,0,2331,2331
"5233",2009-07-02,NA,NA,0,969,969,0,NA,NA,0,969,969
"5234",2009-07-03,NA,NA,0,1029,1029,0,NA,NA,0,1029,1029
"5235",2009-07-06,NA,NA,0,5448,5669,-221,NA,NA,0,5669,5669
"5236",2009-07-07,NA,NA,0,2185,1963,222,NA,NA,0,2185,2185
"5237",2009-07-08,NA,NA,0,3894,3894,0,NA,NA,0,3894,3894
"5238",2009-07-09,NA,NA,0,2910,2910,0,NA,NA,0,2910,2910
"5239",2009-07-10,NA,NA,0,1301,1301,0,NA,NA,0,1301,1301
"5240",2009-07-13,NA,NA,0,1015,1015,0,NA,NA,0,1015,1015
"5241",2009-07-14,NA,NA,0,1613,1613,0,NA,NA,0,1613,1613
"5242",2009-07-15,NA,NA,0,1626,1626,0,NA,NA,0,1626,1626
"5243",2009-07-16,NA,NA,0,1980,1980,0,NA,NA,0,1980,1980
"5244",2009-07-17,NA,NA,0,2403,2403,0,NA,NA,0,2403,2403
"5245",2009-07-20,NA,NA,0,4107,4107,0,NA,NA,0,4107,4107
"5246",2009-07-21,NA,NA,0,1628,1628,0,NA,NA,0,1628,1628
"5247",2009-07-22,NA,NA,0,2710,2710,0,NA,NA,0,2710,2710
"5248",2009-07-23,NA,NA,0,1613,1613,0,NA,NA,0,1613,1613
"5249",2009-07-24,NA,NA,0,619,619,0,NA,NA,0,619,619
"5250",2009-07-27,NA,NA,0,1631,1631,0,NA,NA,0,1631,1631
"5251",2009-07-28,NA,NA,0,383,383,0,NA,NA,0,383,383
"5252",2009-07-29,NA,NA,0,1539,1539,0,NA,NA,0,1539,1539
"5253",2009-07-30,NA,NA,0,2739,2739,0,NA,NA,0,2739,2739
"5254",2009-07-31,NA,NA,0,2447,2447,0,NA,NA,0,2447,2447
"5255",2009-08-03,NA,NA,0,2082,2082,0,NA,NA,0,2082,2082
"5256",2009-08-04,NA,NA,0,6082,6082,0,NA,NA,0,6082,6082
"5257",2009-08-05,NA,NA,0,3126,3126,0,NA,NA,0,3126,3126
"5258",2009-08-06,NA,NA,0,1373,1373,0,NA,NA,0,1373,1373
"5259",2009-08-07,NA,NA,0,1857,1857,0,NA,NA,0,1857,1857
"5260",2009-08-10,NA,NA,0,2458,2458,0,NA,NA,0,2458,2458
"5261",2009-08-11,NA,NA,0,1420,1420,0,NA,NA,0,1420,1420
"5262",2009-08-12,NA,NA,0,27165,27165,0,NA,NA,0,27165,27165
"5263",2009-08-13,NA,NA,0,28042,28042,0,NA,NA,0,28042,28042
"5264",2009-08-14,NA,NA,0,5168,5168,0,NA,NA,0,5168,5168
"5265",2009-08-17,NA,NA,0,7021,6811,210,NA,NA,0,7021,7021
"5266",2009-08-18,NA,NA,0,3276,3276,0,NA,NA,0,3276,3276
"5267",2009-08-19,NA,NA,0,2102,2102,0,NA,NA,0,2102,2102
"5268",2009-08-20,NA,NA,0,1776,1776,0,NA,NA,0,1776,1776
"5269",2009-08-21,NA,NA,0,2131,2131,0,NA,NA,0,2131,2131
"5270",2009-08-24,NA,NA,0,2778,2778,0,NA,NA,0,2778,2778
"5271",2009-08-25,NA,NA,0,2785,2785,0,NA,NA,0,2785,2785
"5272",2009-08-26,NA,NA,0,2088,2088,0,NA,NA,0,2088,2088
"5273",2009-08-27,NA,NA,0,2436,2436,0,NA,NA,0,2436,2436
"5274",2009-08-28,NA,NA,0,793,793,0,NA,NA,0,793,793
"5275",2009-08-31,NA,NA,0,1669,1669,0,NA,NA,0,1669,1669
"5276",2009-09-01,NA,NA,0,1940,1940,0,NA,NA,0,1940,1940
"5277",2009-09-02,NA,NA,0,2016,2016,0,NA,NA,0,2016,2016
"5278",2009-09-03,NA,NA,0,2671,2671,0,NA,NA,0,2671,2671
"5279",2009-09-04,NA,NA,0,3319,3319,0,NA,NA,0,3319,3319
"5280",2009-09-07,NA,NA,0,8095,8095,0,NA,NA,0,8095,8095
"5281",2009-09-08,NA,NA,0,18624,18624,0,NA,NA,0,18624,18624
"5282",2009-09-09,NA,NA,0,4499,4499,0,NA,NA,0,4499,4499
"5283",2009-09-10,NA,NA,0,4472,4472,0,NA,NA,0,4472,4472
"5284",2009-09-11,NA,NA,0,1868,1868,0,NA,NA,0,1868,1868
"5285",2009-09-14,NA,NA,0,3917,3917,0,NA,NA,0,3917,3917
"5286",2009-09-15,NA,NA,0,2541,2541,0,NA,NA,0,2541,2541
"5287",2009-09-16,NA,NA,0,1194,1194,0,NA,NA,0,1194,1194
"5288",2009-09-17,NA,NA,0,3240,3240,0,NA,NA,0,3240,3240
"5289",2009-09-18,NA,NA,0,3230,3230,0,NA,NA,0,3230,3230
"5290",2009-09-21,NA,NA,0,4243,4243,0,NA,NA,0,4243,4243
"5291",2009-09-22,NA,NA,0,2165,2165,0,NA,NA,0,2165,2165
"5292",2009-09-23,NA,NA,0,2592,2592,0,NA,NA,0,2592,2592
"5293",2009-09-24,NA,NA,0,11868,11868,0,NA,NA,0,11868,11868
"5294",2009-09-25,NA,NA,0,2110,2110,0,NA,NA,0,2110,2110
"5295",2009-09-28,NA,NA,0,295,295,0,NA,NA,0,295,295
"5296",2009-09-29,NA,NA,0,2740,2740,0,NA,NA,0,2740,2740
"5297",2009-09-30,NA,NA,0,1990,1990,0,NA,NA,0,1990,1990
"5298",2009-10-01,NA,NA,0,498,498,0,NA,NA,0,498,498
"5299",2009-10-05,NA,NA,0,4598,6218,-1620,NA,NA,0,6218,6218
"5300",2009-10-06,NA,NA,0,334,334,0,NA,NA,0,334,334
"5301",2009-10-07,NA,NA,0,2401,2401,0,NA,NA,0,2401,2401
"5302",2009-10-08,NA,NA,0,573,573,0,NA,NA,0,573,573
"5303",2009-10-09,NA,NA,0,1566,1566,0,NA,NA,0,1566,1566
"5304",2009-10-12,NA,NA,0,937,937,0,NA,NA,0,937,937
"5305",2009-10-13,NA,NA,0,621,621,0,NA,NA,0,621,621
"5306",2009-10-14,NA,NA,0,912,912,0,NA,NA,0,912,912
"5307",2009-10-15,NA,NA,0,1161,1161,0,NA,NA,0,1161,1161
"5308",2009-10-16,NA,NA,0,1915,1915,0,NA,NA,0,1915,1915
"5309",2009-10-19,NA,NA,0,1115,1115,0,NA,NA,0,1115,1115
"5310",2009-10-20,NA,NA,0,1878,1878,0,NA,NA,0,1878,1878
"5311",2009-10-21,NA,NA,0,1357,1357,0,NA,NA,0,1357,1357
"5312",2009-10-22,NA,NA,0,1226,1226,0,NA,NA,0,1226,1226
"5313",2009-10-23,NA,NA,0,2899,2899,0,NA,NA,0,2899,2899
"5314",2009-10-26,NA,NA,0,6992,6992,0,NA,NA,0,6992,6992
"5315",2009-10-27,NA,NA,0,4883,4883,0,NA,NA,0,4883,4883
"5316",2009-10-28,NA,NA,0,11529,11529,0,NA,NA,0,11529,11529
"5317",2009-10-29,NA,NA,0,4677,4677,0,NA,NA,0,4677,4677
"5318",2009-10-30,NA,NA,0,5645,5645,0,NA,NA,0,5645,5645
"5319",2009-11-02,NA,NA,0,44874,44876,-2,NA,NA,0,44920,44920
"5320",2009-11-03,NA,NA,0,23165,23165,0,NA,NA,0,23165,23165
"5321",2009-11-04,NA,NA,0,26769,26769,0,NA,NA,0,26769,26769
"5322",2009-11-05,NA,NA,0,24271,24271,0,NA,NA,0,24271,24271
"5323",2009-11-06,NA,NA,0,20451,20451,0,NA,NA,0,20451,20451
"5324",2009-11-09,NA,NA,0,25530,25530,0,NA,NA,0,25530,25530
"5325",2009-11-10,NA,NA,0,8398,8659,-261,NA,NA,0,8659,8659
"5326",2009-11-11,NA,NA,0,7919,7664,255,NA,NA,0,7919,7919
"5327",2009-11-12,NA,NA,0,6969,6969,0,NA,NA,0,6969,6969
"5328",2009-11-13,NA,NA,0,41725,41725,0,NA,NA,0,41725,41725
"5329",2009-11-16,NA,NA,0,10619,10619,0,NA,NA,0,10619,10619
"5330",2009-11-17,NA,NA,0,11628,11628,0,NA,NA,0,11628,11628
"5331",2009-11-18,NA,NA,0,9579,9579,0,NA,NA,0,9579,9579
"5332",2009-11-19,NA,NA,0,4926,4926,0,NA,NA,0,4926,4926
"5333",2009-11-20,NA,NA,0,1813,1813,0,NA,NA,0,1813,1813
"5334",2009-11-23,NA,NA,0,3872,3872,0,NA,NA,0,3872,3872
"5335",2009-11-24,NA,NA,0,2851,2851,0,NA,NA,0,2851,2851
"5336",2009-11-25,NA,NA,0,3839,3839,0,NA,NA,0,3839,3839
"5337",2009-11-26,NA,NA,0,5584,5584,0,NA,NA,0,5584,5584
"5338",2009-11-27,NA,NA,0,4403,4403,0,NA,NA,0,4403,4403
"5339",2009-11-30,NA,NA,0,1996,1996,0,NA,NA,0,1996,1996
"5340",2009-12-01,NA,NA,0,2193,2193,0,NA,NA,0,2193,2193
"5341",2009-12-02,NA,NA,0,4577,4577,0,NA,NA,0,4577,4577
"5342",2009-12-03,NA,NA,0,1802,1802,0,NA,NA,0,1802,1802
"5343",2009-12-04,NA,NA,0,4423,4423,0,NA,NA,0,4423,4423
"5344",2009-12-07,NA,NA,0,1323,1323,0,NA,NA,0,1323,1323
"5345",2009-12-08,NA,NA,0,12932,12932,0,NA,NA,0,12932,12932
"5346",2009-12-09,NA,NA,0,4495,4495,0,NA,NA,0,4495,4495
"5347",2009-12-10,NA,NA,0,3927,3927,0,NA,NA,0,3927,3927
"5348",2009-12-11,NA,NA,0,3329,3329,0,NA,NA,0,3329,3329
"5349",2009-12-14,NA,NA,0,6727,6727,0,NA,NA,0,6727,6727
"5350",2009-12-15,NA,NA,0,2148,2148,0,NA,NA,0,2148,2148
"5351",2009-12-16,NA,NA,0,2018,2018,0,NA,NA,0,2018,2018
"5352",2009-12-17,NA,NA,0,2047,2047,0,NA,NA,0,2047,2047
"5353",2009-12-18,NA,NA,0,3728,3728,0,NA,NA,0,3728,3728
"5354",2009-12-21,NA,NA,0,9478,9478,0,NA,NA,0,9478,9478
"5355",2009-12-22,NA,NA,0,3552,3552,0,NA,NA,0,3552,3552
"5356",2009-12-23,NA,NA,0,8563,8563,0,NA,NA,0,8563,8563
"5357",2009-12-24,NA,NA,0,3315,3315,0,NA,NA,0,3315,3315
"5358",2009-12-28,NA,NA,0,2090,2090,0,NA,NA,0,2090,2090
"5359",2009-12-29,NA,NA,0,2200,2200,0,NA,NA,0,2200,2200
"5360",2009-12-30,NA,NA,0,1950,1950,0,NA,NA,0,1950,1950
"5361",2010-01-04,NA,NA,0,3619,3619,0,NA,NA,0,3619,3619
"5362",2010-01-05,NA,NA,0,3968,3968,0,NA,NA,0,3968,3968
"5363",2010-01-06,NA,NA,0,7540,7540,0,NA,NA,0,7540,7540
"5364",2010-01-07,NA,NA,0,1845,1845,0,NA,NA,0,1845,1845
"5365",2010-01-08,NA,NA,0,5078,5078,0,NA,NA,0,5078,5078
"5366",2010-01-11,NA,NA,0,1630,1630,0,NA,NA,0,1630,1630
"5367",2010-01-12,NA,NA,0,1670,1670,0,NA,NA,0,1670,1670
"5368",2010-01-13,NA,NA,0,774,774,0,NA,NA,0,774,774
"5369",2010-01-14,NA,NA,0,3109,3109,0,NA,NA,0,3109,3109
"5370",2010-01-15,NA,NA,0,563,563,0,NA,NA,0,563,563
"5371",2010-01-18,NA,NA,0,1668,1668,0,NA,NA,0,1668,1668
"5372",2010-01-19,NA,NA,0,2756,2756,0,NA,NA,0,2756,2756
"5373",2010-01-20,NA,NA,0,3966,3966,0,NA,NA,0,3966,3966
"5374",2010-01-21,NA,NA,0,2051,2051,0,NA,NA,0,2051,2051
"5375",2010-01-22,NA,NA,0,2465,2465,0,NA,NA,0,2465,2465
"5376",2010-01-25,NA,NA,0,2287,2287,0,NA,NA,0,2287,2287
"5377",2010-01-26,NA,NA,0,206,206,0,NA,NA,0,206,206
"5378",2010-01-27,NA,NA,0,2261,2261,0,NA,NA,0,2261,2261
"5379",2010-01-28,NA,NA,0,6264,6264,0,NA,NA,0,6264,6264
"5380",2010-01-29,NA,NA,0,194,194,0,NA,NA,0,194,194
"5381",2010-02-01,NA,NA,0,233,233,0,NA,NA,0,233,233
"5382",2010-02-02,NA,NA,0,111,111,0,NA,NA,0,111,111
"5383",2010-02-03,NA,NA,0,916,916,0,NA,NA,0,916,916
"5384",2010-02-04,NA,NA,0,686,686,0,NA,NA,0,686,686
"5385",2010-02-05,NA,NA,0,965,965,0,NA,NA,0,965,965
"5386",2010-02-08,NA,NA,0,147,147,0,NA,NA,0,147,147
"5387",2010-02-09,NA,NA,0,1327,1327,0,NA,NA,0,1327,1327
"5388",2010-02-10,NA,NA,0,987,987,0,NA,NA,0,987,987
"5389",2010-02-11,NA,NA,0,967,967,0,NA,NA,0,967,967
"5390",2010-02-12,NA,NA,0,1029,1029,0,NA,NA,0,1029,1029
"5391",2010-02-16,NA,NA,0,5,5,0,NA,NA,0,5,5
"5392",2010-02-17,NA,NA,0,458,458,0,NA,NA,0,458,458
"5393",2010-02-18,NA,NA,0,2076,2076,0,NA,NA,0,2076,2076
"5394",2010-02-19,NA,NA,0,1185,1185,0,NA,NA,0,1185,1185
"5395",2010-02-22,NA,NA,0,2899,2899,0,NA,NA,0,2899,2899
"5396",2010-02-23,NA,NA,0,1661,1661,0,NA,NA,0,1661,1661
"5397",2010-02-24,NA,NA,0,3757,3757,0,NA,NA,0,3757,3757
"5398",2010-02-25,NA,NA,0,2868,2868,0,NA,NA,0,2868,2868
"5399",2010-02-26,NA,NA,0,246,246,0,NA,NA,0,246,246
"5400",2010-03-02,NA,NA,0,3619,3619,0,NA,NA,0,3619,3619
"5401",2010-03-03,NA,NA,0,381,381,0,NA,NA,0,381,381
"5402",2010-03-04,NA,NA,0,715,715,0,NA,NA,0,715,715
"5403",2010-03-05,NA,NA,0,572,572,0,NA,NA,0,572,572
"5404",2010-03-08,NA,NA,0,3342,3342,0,NA,NA,0,3342,3342
"5405",2010-03-09,NA,NA,0,873,873,0,NA,NA,0,873,873
"5406",2010-03-10,NA,NA,0,1586,1586,0,NA,NA,0,1586,1586
"5407",2010-03-11,NA,NA,0,1075,1075,0,NA,NA,0,1075,1075
"5408",2010-03-12,NA,NA,0,1424,1424,0,NA,NA,0,1424,1424
"5409",2010-03-15,NA,NA,0,318,318,0,NA,NA,0,318,318
"5410",2010-03-16,NA,NA,0,8416,8515,-99,NA,NA,0,8515,8515
"5411",2010-03-17,NA,NA,0,2359,2359,0,NA,NA,0,2359,2359
"5412",2010-03-18,NA,NA,0,3038,2943,95,NA,NA,0,3038,3038
"5413",2010-03-19,NA,NA,0,1576,1576,0,NA,NA,0,1576,1576
"5414",2010-03-22,NA,NA,0,2206,2206,0,NA,NA,0,2206,2206
"5415",2010-03-23,NA,NA,0,526,526,0,NA,NA,0,526,526
"5416",2010-03-24,NA,NA,0,3140,3140,0,NA,NA,0,3140,3140
"5417",2010-03-25,NA,NA,0,998,998,0,NA,NA,0,998,998
"5418",2010-03-26,NA,NA,0,867,867,0,NA,NA,0,867,867
"5419",2010-03-29,NA,NA,0,1488,1488,0,NA,NA,0,1488,1488
"5420",2010-03-30,NA,NA,0,8132,8132,0,NA,NA,0,8132,8132
"5421",2010-03-31,NA,NA,0,4547,4547,0,NA,NA,0,4547,4547
"5422",2010-04-01,NA,NA,0,4951,4803,148,NA,NA,0,4951,4951
"5423",2010-04-02,NA,NA,0,12054,12054,0,NA,NA,0,12054,12054
"5424",2010-04-05,NA,NA,0,145127,144571,556,NA,NA,0,146222,146222
"5425",2010-04-06,NA,NA,0,351807,350636,1171,NA,NA,0,352074,352074
"5426",2010-04-07,NA,NA,0,153959,153959,0,NA,NA,0,153959,153959
"5427",2010-04-08,NA,NA,0,78572,78588,-16,NA,NA,0,78697,78697
"5428",2010-04-09,NA,NA,0,65278,65278,0,NA,NA,0,65278,65278
"5429",2010-04-12,NA,NA,0,61331,63611,-2280,NA,NA,0,63611,63611
"5430",2010-04-13,NA,NA,0,40890,41172,-282,NA,NA,0,41183,41183
"5431",2010-04-14,NA,NA,0,28108,28476,-368,NA,NA,0,28476,28476
"5432",2010-04-15,NA,NA,0,17894,17901,-7,NA,NA,0,17901,17901
"5433",2010-04-16,NA,NA,0,27823,27823,0,NA,NA,0,27823,27823
"5434",2010-04-19,NA,NA,0,21484,19428,2056,123,98,25,21607,21607
"5435",2010-04-20,NA,NA,0,23695,23675,20,292,312,-20,23987,23987
"5436",2010-04-21,NA,NA,0,39912,39959,-47,571,525,46,40483,40483
"5437",2010-04-22,NA,NA,0,15057,15312,-255,547,291,256,15603,15603
"5438",2010-04-23,NA,NA,0,68851,69775,-924,894,973,-79,70747,70747
"5439",2010-04-26,NA,NA,0,93367,93243,124,1277,1400,-123,94644,94644
"5440",2010-04-27,1323,0,1323,31984,33563,-1579,166,333,-167,33896,33896
"5441",2010-04-28,0,1211,-1211,46465,46228,237,669,342,327,47782,47782
"5442",2010-04-29,NA,NA,0,23800,23720,80,275,453,-178,24173,24173
"5443",2010-04-30,NA,NA,0,36465,36993,-528,661,145,516,37138,37138
"5444",2010-05-03,NA,NA,0,24414,24534,-120,104,171,-67,24706,24706
"5445",2010-05-04,NA,NA,0,12220,12054,166,0,199,-199,12252,12252
"5446",2010-05-06,NA,NA,0,14757,15085,-328,90,413,-323,15498,15498
"5447",2010-05-07,NA,NA,0,14773,14834,-61,265,205,60,15038,15038
"5448",2010-05-10,NA,NA,0,18636,19095,-459,812,353,459,19448,19448
"5449",2010-05-11,NA,NA,0,30125,27720,2405,4,314,-310,30130,30130
"5450",2010-05-12,NA,NA,0,8236,8233,3,0,3,-3,8236,8236
"5451",2010-05-13,NA,NA,0,9444,10359,-915,221,2,219,10361,10361
"5452",2010-05-14,NA,NA,0,12861,13147,-286,57,73,-16,13220,13220
"5453",2010-05-17,NA,NA,0,60381,60401,-20,451,431,20,60832,60832
"5454",2010-05-18,NA,NA,0,13525,13611,-86,165,391,-226,14025,14025
"5455",2010-05-19,NA,NA,0,10080,9962,118,286,158,128,10397,10397
"5456",2010-05-20,NA,NA,0,12978,12810,168,118,287,-169,13096,13096
"5457",2010-05-24,NA,NA,0,11814,11745,69,260,329,-69,12074,12074
"5458",2010-05-25,NA,NA,0,15815,15516,299,412,159,253,16381,16381
"5459",2010-05-26,NA,NA,0,5690,5371,319,0,319,-319,5690,5690
"5460",2010-05-27,NA,NA,0,7594,7655,-61,82,20,62,7676,7676
"5461",2010-05-28,NA,NA,0,3821,3904,-83,95,13,82,3917,3917
"5462",2010-05-31,NA,NA,0,2372,2231,141,7,149,-142,2379,2379
"5463",2010-06-01,NA,NA,0,4387,4474,-87,91,4,87,4478,4478
"5464",2010-06-03,NA,NA,0,9208,9040,168,0,0,0,9208,9208
"5465",2010-06-04,NA,NA,0,2992,2990,2,23,25,-2,3015,3015
"5466",2010-06-07,NA,NA,0,11760,11322,438,113,10,103,11873,11873
"5467",2010-06-08,NA,NA,0,67251,69937,-2686,234,199,35,70136,70136
"5468",2010-06-09,NA,NA,0,58539,56568,1971,185,264,-79,58724,58724
"5469",2010-06-10,NA,NA,0,18291,18211,80,256,336,-80,18547,18547
"5470",2010-06-11,NA,NA,0,5561,4962,599,0,4,-4,5561,5561
"5471",2010-06-14,NA,NA,0,8404,8540,-136,137,0,137,8540,8540
"5472",2010-06-15,NA,NA,0,7992,7782,210,0,211,-211,7992,7992
"5473",2010-06-16,NA,NA,0,4394,4394,0,NA,NA,0,4394,4394
"5474",2010-06-17,NA,NA,0,7305,7305,0,NA,NA,0,7305,7305
"5475",2010-06-18,NA,NA,0,4173,4173,0,NA,NA,0,4173,4173
"5476",2010-06-21,NA,NA,0,4943,4943,0,NA,NA,0,4943,4943
"5477",2010-06-22,NA,NA,0,2415,2415,0,NA,NA,0,2415,2415
"5478",2010-06-23,NA,NA,0,3288,4212,-924,NA,NA,0,4258,4258
"5479",2010-06-24,NA,NA,0,11772,12529,-757,NA,NA,0,12670,12670
"5480",2010-06-25,NA,NA,0,4423,4988,-565,NA,NA,0,4988,4988
"5481",2010-06-28,NA,NA,0,6374,6708,-334,116,1,115,6709,6709
"5482",2010-06-29,NA,NA,0,9819,9780,39,0,11,-11,9819,9819
"5483",2010-06-30,NA,NA,0,1993,2565,-572,9,0,9,2565,2565
"5484",2010-07-01,NA,NA,0,2202,4277,-2075,1,1,0,4279,4279
"5485",2010-07-02,NA,NA,0,1555,1857,-302,95,14,81,1871,1871
"5486",2010-07-05,NA,NA,0,1593,1578,15,0,15,-15,1593,1593
"5487",2010-07-06,NA,NA,0,2493,4004,-1511,NA,NA,0,4004,4004
"5488",2010-07-07,NA,NA,0,1067,1624,-557,26,0,26,1792,1792
"5489",2010-07-08,NA,NA,0,3868,4939,-1071,38,0,38,5135,5135
"5490",2010-07-09,NA,NA,0,107905,107286,619,0,258,-258,114503,114503
"5491",2010-07-12,NA,NA,0,149924,140001,9923,499,503,-4,150423,150423
"5492",2010-07-13,NA,NA,0,29428,29595,-167,241,74,167,29669,29669
"5493",2010-07-14,NA,NA,0,16001,15983,18,11,29,-18,16012,16012
"5494",2010-07-15,NA,NA,0,7364,7301,63,0,63,-63,7364,7364
"5495",2010-07-16,NA,NA,0,9606,9676,-70,141,27,114,9747,9747
"5496",2010-07-19,NA,NA,0,9198,9233,-35,35,0,35,9233,9233
"5497",2010-07-20,NA,NA,0,8800,8765,35,11,47,-36,8812,8812
"5498",2010-07-21,NA,NA,0,4301,4328,-27,31,5,26,4333,4333
"5499",2010-07-22,NA,NA,0,4024,4009,15,15,29,-14,4038,4038
"5500",2010-07-23,NA,NA,0,2296,2281,15,0,15,-15,2296,2296
"5501",2010-07-26,NA,NA,0,5590,5594,-4,5,0,5,5594,5594
"5502",2010-07-27,NA,NA,0,4203,4231,-28,39,11,28,4242,4242
"5503",2010-07-28,NA,NA,0,10239,10238,1,44,45,-1,10283,10283
"5504",2010-07-29,NA,NA,0,6502,6486,16,0,16,-16,6502,6502
"5505",2010-07-30,NA,NA,0,4532,4532,0,NA,NA,0,4532,4532
"5506",2010-08-02,NA,NA,0,2136,2136,0,NA,NA,0,2136,2136
"5507",2010-08-03,NA,NA,0,3916,3898,18,0,18,-18,3916,3916
"5508",2010-08-04,NA,NA,0,3561,3501,60,49,108,-59,3610,3610
"5509",2010-08-05,NA,NA,0,3072,3072,0,NA,NA,0,3072,3072
"5510",2010-08-06,NA,NA,0,1378,1377,1,0,1,-1,1378,1378
"5511",2010-08-09,NA,NA,0,5925,5993,-68,69,1,68,5995,5995
"5512",2010-08-10,NA,NA,0,1775,1759,16,11,26,-15,1786,1786
"5513",2010-08-11,NA,NA,0,4651,4653,-2,96,94,2,4747,4747
"5514",2010-08-12,NA,NA,0,1800,1793,7,0,5,-5,1800,1800
"5515",2010-08-13,NA,NA,0,15416,15476,-60,60,0,60,15476,15476
"5516",2010-08-16,NA,NA,0,9128,9067,61,0,61,-61,9128,9128
"5517",2010-08-17,NA,NA,0,3501,3540,-39,0,6,-6,3546,3546
"5518",2010-08-18,NA,NA,0,3345,3345,0,NA,NA,0,3345,3345
"5519",2010-08-19,NA,NA,0,2574,2568,6,0,7,-7,2574,2574
"5520",2010-08-20,NA,NA,0,3071,3071,0,NA,NA,0,3071,3071
"5521",2010-08-23,NA,NA,0,5919,5964,-45,NA,NA,0,5964,5964
"5522",2010-08-24,NA,NA,0,2619,2619,0,NA,NA,0,2619,2619
"5523",2010-08-25,NA,NA,0,2126,2432,-306,NA,NA,0,2432,2432
"5524",2010-08-26,NA,NA,0,1223,1223,0,NA,NA,0,1223,1223
"5525",2010-08-27,NA,NA,0,2929,2929,0,NA,NA,0,2929,2929
"5526",2010-08-30,NA,NA,0,3231,3231,0,NA,NA,0,3231,3231
"5527",2010-08-31,NA,NA,0,3052,3052,0,NA,NA,0,3052,3052
"5528",2010-09-01,NA,NA,0,92676,92250,426,NA,NA,0,100617,100617
"5529",2010-09-02,NA,NA,0,75036,75036,0,NA,NA,0,75036,75036
"5530",2010-09-03,NA,NA,0,15545,15566,-21,NA,NA,0,15566,15566
"5531",2010-09-06,NA,NA,0,6873,6937,-64,NA,NA,0,6937,6937
"5532",2010-09-07,NA,NA,0,8493,8493,0,NA,NA,0,8493,8493
"5533",2010-09-08,NA,NA,0,4512,4512,0,NA,NA,0,4512,4512
"5534",2010-09-09,NA,NA,0,5593,5593,0,NA,NA,0,5593,5593
"5535",2010-09-10,NA,NA,0,3685,3685,0,NA,NA,0,3685,3685
"5536",2010-09-13,NA,NA,0,4658,4658,0,NA,NA,0,4658,4658
"5537",2010-09-14,NA,NA,0,3072,3072,0,NA,NA,0,3072,3072
"5538",2010-09-15,NA,NA,0,4450,4450,0,NA,NA,0,4450,4450
"5539",2010-09-16,NA,NA,0,4801,4801,0,NA,NA,0,4801,4801
"5540",2010-09-17,NA,NA,0,5603,5603,0,NA,NA,0,5603,5603
"5541",2010-09-20,NA,NA,0,2070,2070,0,NA,NA,0,2070,2070
"5542",2010-09-24,NA,NA,0,1658,1658,0,NA,NA,0,1658,1658
"5543",2010-09-27,NA,NA,0,2861,2882,-21,21,0,21,2882,2882
"5544",2010-09-28,NA,NA,0,4457,4582,-125,88,4,84,4586,4586
"5545",2010-09-29,NA,NA,0,4853,4856,-3,84,81,3,4938,4938
"5546",2010-09-30,NA,NA,0,2323,2250,73,91,163,-72,2414,2414
"5547",2010-10-01,NA,NA,0,2708,2777,-69,71,2,69,2780,2780
"5548",2010-10-04,NA,NA,0,3344,3323,21,0,21,-21,3344,3344
"5549",2010-10-05,NA,NA,0,2383,2383,0,NA,NA,0,2383,2383
"5550",2010-10-06,NA,NA,0,3661,3634,27,0,28,-28,3661,3661
"5551",2010-10-07,NA,NA,0,3802,3699,103,113,217,-104,3915,3915
"5552",2010-10-08,NA,NA,0,2430,2430,0,0,0,0,2430,2430
"5553",2010-10-11,NA,NA,0,4439,4439,0,0,0,0,4439,4439
"5554",2010-10-12,NA,NA,0,4429,4429,0,NA,NA,0,4429,4429
"5555",2010-10-13,NA,NA,0,868,868,0,NA,NA,0,868,868
"5556",2010-10-14,NA,NA,0,4161,4161,0,NA,NA,0,4161,4161
"5557",2010-10-15,NA,NA,0,6263,6265,-2,NA,NA,0,6265,6265
"5558",2010-10-18,NA,NA,0,5345,5345,0,NA,NA,0,5345,5345
"5559",2010-10-19,NA,NA,0,8714,8714,0,NA,NA,0,8714,8714
"5560",2010-10-20,NA,NA,0,3633,3633,0,NA,NA,0,3633,3633
"5561",2010-10-21,NA,NA,0,2868,2868,0,NA,NA,0,2868,2868
"5562",2010-10-22,NA,NA,0,6027,6027,0,NA,NA,0,6027,6027
"5563",2010-10-25,NA,NA,0,14541,14541,0,NA,NA,0,14541,14541
"5564",2010-10-26,NA,NA,0,15909,15909,0,NA,NA,0,15909,15909
"5565",2010-10-27,NA,NA,0,47002,47714,-712,NA,NA,0,47714,47714
"5566",2010-10-28,NA,NA,0,15935,15935,0,NA,NA,0,15935,15935
"5567",2010-10-29,NA,NA,0,4064,4086,-22,29,7,22,4093,4093
"5568",2010-11-01,NA,NA,0,9024,9142,-118,146,27,119,9169,9169
"5569",2010-11-02,NA,NA,0,7892,7892,0,0,0,0,7892,7892
"5570",2010-11-03,NA,NA,0,8661,8629,32,11,43,-32,8672,8672
"5571",2010-11-04,NA,NA,0,12286,12314,-28,28,0,28,12314,12314
"5572",2010-11-05,NA,NA,0,5390,5448,-58,0,55,-55,5503,5503
"5573",2010-11-08,NA,NA,0,1480,1480,0,NA,NA,0,1480,1480
"5574",2010-11-09,NA,NA,0,4814,4812,2,0,3,-3,4814,4814
"5575",2010-11-10,NA,NA,0,5124,5025,99,4,103,-99,5128,5128
"5576",2010-11-11,NA,NA,0,3027,3027,0,NA,NA,0,3027,3027
"5577",2010-11-12,NA,NA,0,9361,9438,-77,90,13,77,9451,9451
"5578",2010-11-15,NA,NA,0,1762,1842,-80,81,1,80,1843,1843
"5579",2010-11-16,NA,NA,0,5956,5862,94,0,94,-94,5956,5956
"5580",2010-11-17,NA,NA,0,2750,2750,0,NA,NA,0,2750,2750
"5581",2010-11-18,NA,NA,0,5133,5121,12,0,12,-12,5133,5133
"5582",2010-11-19,NA,NA,0,2157,2052,105,0,105,-105,2157,2157
"5583",2010-11-22,NA,NA,0,3416,3731,-315,NA,NA,0,3731,3731
"5584",2010-11-23,NA,NA,0,2760,2760,0,NA,NA,0,2760,2760
"5585",2010-11-24,NA,NA,0,1770,1770,0,NA,NA,0,1770,1770
"5586",2010-11-25,NA,NA,0,1892,1948,-56,56,0,56,1948,1948
"5587",2010-11-26,NA,NA,0,4208,4684,-476,89,49,40,4733,4733
"5588",2010-11-29,NA,NA,0,531,1343,-812,NA,NA,0,1343,1343
"5589",2010-11-30,NA,NA,0,2520,2938,-418,NA,NA,0,2938,2938
"5590",2010-12-01,NA,NA,0,5354,5385,-31,43,12,31,5397,5397
"5591",2010-12-02,NA,NA,0,827,837,-10,9,0,9,837,837
"5592",2010-12-03,NA,NA,0,2407,2407,0,NA,NA,0,2407,2407
"5593",2010-12-06,NA,NA,0,888,866,22,0,22,-22,888,888
"5594",2010-12-07,NA,NA,0,2163,2152,11,0,11,-11,2163,2163
"5595",2010-12-08,NA,NA,0,1725,1711,14,0,14,-14,1725,1725
"5596",2010-12-09,NA,NA,0,1175,1083,92,0,92,-92,1175,1175
"5597",2010-12-10,NA,NA,0,2681,2681,0,NA,NA,0,2681,2681
"5598",2010-12-13,NA,NA,0,1911,1911,0,NA,NA,0,1911,1911
"5599",2010-12-14,NA,NA,0,1736,1735,1,0,1,-1,1736,1736
"5600",2010-12-15,NA,NA,0,818,818,0,NA,NA,0,818,818
"5601",2010-12-16,NA,NA,0,1040,1040,0,NA,NA,0,1040,1040
"5602",2010-12-17,NA,NA,0,916,992,-76,NA,NA,0,992,992
"5603",2010-12-20,NA,NA,0,1920,1920,0,NA,NA,0,1920,1920
"5604",2010-12-21,NA,NA,0,1356,1573,-217,NA,NA,0,1573,1573
"5605",2010-12-22,NA,NA,0,405,405,0,NA,NA,0,405,405
"5606",2010-12-23,NA,NA,0,2052,2052,0,NA,NA,0,2052,2052
"5607",2010-12-24,NA,NA,0,1625,1625,0,NA,NA,0,1625,1625
"5608",2010-12-27,NA,NA,0,956,956,0,NA,NA,0,956,956
"5609",2010-12-28,NA,NA,0,3632,3632,0,NA,NA,0,3632,3632
"5610",2010-12-29,NA,NA,0,2548,2548,0,NA,NA,0,2548,2548
"5611",2010-12-30,NA,NA,0,8046,8046,0,NA,NA,0,8046,8046
"5612",2011-01-03,NA,NA,0,1830,1830,0,NA,NA,0,1830,1830
"5613",2011-01-04,NA,NA,0,1878,1878,0,NA,NA,0,1878,1878
"5614",2011-01-05,NA,NA,0,5211,5211,0,NA,NA,0,5211,5211
"5615",2011-01-06,NA,NA,0,1027,1027,0,NA,NA,0,1027,1027
"5616",2011-01-07,NA,NA,0,2438,2438,0,NA,NA,0,2438,2438
"5617",2011-01-10,NA,NA,0,7037,7365,-328,NA,NA,0,7365,7365
"5618",2011-01-11,NA,NA,0,2033,2033,0,NA,NA,0,2033,2033
"5619",2011-01-12,NA,NA,0,5363,6363,-1000,NA,NA,0,6363,6363
"5620",2011-01-13,NA,NA,0,5589,5589,0,NA,NA,0,5589,5589
"5621",2011-01-14,NA,NA,0,1633,1633,0,NA,NA,0,1633,1633
"5622",2011-01-17,NA,NA,0,1483,1483,0,NA,NA,0,1483,1483
"5623",2011-01-18,NA,NA,0,402,402,0,NA,NA,0,402,402
"5624",2011-01-19,NA,NA,0,1407,1427,-20,NA,NA,0,1427,1427
"5625",2011-01-20,NA,NA,0,564,564,0,NA,NA,0,564,564
"5626",2011-01-21,NA,NA,0,2582,2582,0,NA,NA,0,2582,2582
"5627",2011-01-24,NA,NA,0,2175,2175,0,NA,NA,0,2175,2175
"5628",2011-01-25,NA,NA,0,2989,2989,0,NA,NA,0,2989,2989
"5629",2011-01-26,NA,NA,0,2266,2276,-10,NA,NA,0,2276,2276
"5630",2011-01-27,NA,NA,0,466,606,-140,140,0,140,606,606
"5631",2011-01-28,NA,NA,0,1610,1614,-4,NA,NA,0,1616,1616
"5632",2011-01-31,NA,NA,0,1197,1201,-4,NA,NA,0,1201,1201
"5633",2011-02-01,NA,NA,0,3788,3780,8,NA,NA,0,3788,3788
"5634",2011-02-07,NA,NA,0,147,276,-129,129,0,129,276,276
"5635",2011-02-08,NA,NA,0,11147,11147,0,NA,NA,0,11147,11147
"5636",2011-02-09,NA,NA,0,1463,1463,0,NA,NA,0,1463,1463
"5637",2011-02-10,NA,NA,0,1024,1024,0,NA,NA,0,1024,1024
"5638",2011-02-11,NA,NA,0,131677,138130,-6453,NA,NA,0,148868,148868
"5639",2011-02-14,NA,NA,0,369708,366517,3191,NA,NA,0,398294,398294
"5640",2011-02-15,NA,NA,0,34024,33743,281,NA,NA,0,34094,34094
"5641",2011-02-16,NA,NA,0,9543,9543,0,NA,NA,0,9543,9543
"5642",2011-02-17,NA,NA,0,10016,10016,0,NA,NA,0,10016,10016
"5643",2011-02-18,NA,NA,0,2372,2372,0,NA,NA,0,2372,2372
"5644",2011-02-21,NA,NA,0,6921,6921,0,NA,NA,0,6921,6921
"5645",2011-02-22,NA,NA,0,3311,3311,0,NA,NA,0,3311,3311
"5646",2011-02-23,NA,NA,0,2165,2165,0,NA,NA,0,2165,2165
"5647",2011-02-24,NA,NA,0,3245,3245,0,NA,NA,0,3245,3245
"5648",2011-02-25,NA,NA,0,869,869,0,NA,NA,0,869,869
"5649",2011-02-28,NA,NA,0,180,180,0,NA,NA,0,180,180
"5650",2011-03-02,NA,NA,0,2115,2148,-33,33,0,33,2148,2148
"5651",2011-03-03,NA,NA,0,703,703,0,NA,NA,0,703,703
"5652",2011-03-04,NA,NA,0,1993,1999,-6,NA,NA,0,1999,1999
"5653",2011-03-07,NA,NA,0,876,747,129,0,128,-128,876,876
"5654",2011-03-08,NA,NA,0,1948,941,1007,130,127,3,2078,2078
"5655",2011-03-09,NA,NA,0,759,759,0,NA,NA,0,759,759
"5656",2011-03-10,NA,NA,0,1689,1302,387,NA,NA,0,1689,1689
"5657",2011-03-11,NA,NA,0,3135,1323,1812,NA,NA,0,3135,3135
"5658",2011-03-14,NA,NA,0,820,820,0,NA,NA,0,820,820
"5659",2011-03-15,NA,NA,0,5775,5097,678,NA,NA,0,5775,5775
"5660",2011-03-16,NA,NA,0,759,759,0,NA,NA,0,759,759
"5661",2011-03-17,NA,NA,0,4021,3515,506,NA,NA,0,4021,4021
"5662",2011-03-18,NA,NA,0,556,554,2,NA,NA,0,556,556
"5663",2011-03-21,NA,NA,0,939,636,303,0,132,-132,939,939
"5664",2011-03-22,NA,NA,0,86,85,1,NA,NA,0,86,86
"5665",2011-03-23,NA,NA,0,1701,1477,224,NA,NA,0,1701,1701
"5666",2011-03-24,NA,NA,0,1000,1000,0,NA,NA,0,1000,1000
"5667",2011-03-25,NA,NA,0,2691,2358,333,NA,NA,0,2691,2691
"5668",2011-03-28,NA,NA,0,1485,1010,475,NA,NA,0,1485,1485
"5669",2011-03-29,NA,NA,0,4227,4227,0,NA,NA,0,4227,4227
"5670",2011-03-30,NA,NA,0,454,454,0,NA,NA,0,454,454
"5671",2011-03-31,NA,NA,0,4740,4740,0,NA,NA,0,4740,4740
"5672",2011-04-01,NA,NA,0,3243,2674,569,NA,NA,0,3243,3243
"5673",2011-04-04,NA,NA,0,4301,4005,296,NA,NA,0,4301,4301
"5674",2011-04-05,NA,NA,0,3003,2999,4,NA,NA,0,3003,3003
"5675",2011-04-06,NA,NA,0,2132,2132,0,NA,NA,0,2132,2132
"5676",2011-04-07,NA,NA,0,1404,1404,0,NA,NA,0,1404,1404
"5677",2011-04-08,NA,NA,0,7585,7585,0,NA,NA,0,7585,7585
"5678",2011-04-11,NA,NA,0,3353,3353,0,NA,NA,0,3353,3353
"5679",2011-04-12,NA,NA,0,1707,1607,100,NA,NA,0,1707,1707
"5680",2011-04-13,NA,NA,0,3234,3234,0,NA,NA,0,3234,3234
"5681",2011-04-14,NA,NA,0,281,281,0,NA,NA,0,281,281
"5682",2011-04-15,NA,NA,0,544,544,0,NA,NA,0,544,544
"5683",2011-04-18,NA,NA,0,1714,1714,0,NA,NA,0,1714,1714
"5684",2011-04-19,NA,NA,0,1044,1044,0,NA,NA,0,1044,1044
"5685",2011-04-20,NA,NA,0,1183,1183,0,NA,NA,0,1183,1183
"5686",2011-04-21,NA,NA,0,967,967,0,NA,NA,0,967,967
"5687",2011-04-22,NA,NA,0,2133,2133,0,NA,NA,0,2133,2133
"5688",2011-04-25,NA,NA,0,701,701,0,NA,NA,0,701,701
"5689",2011-04-26,NA,NA,0,1153,1153,0,NA,NA,0,1153,1153
"5690",2011-04-27,NA,NA,0,1091,1091,0,NA,NA,0,1091,1091
"5691",2011-04-28,NA,NA,0,999,999,0,NA,NA,0,999,999
"5692",2011-04-29,NA,NA,0,699,699,0,NA,NA,0,699,699
"5693",2011-05-02,NA,NA,0,662,662,0,NA,NA,0,662,662
"5694",2011-05-03,NA,NA,0,1507,1507,0,NA,NA,0,1507,1507
"5695",2011-05-04,NA,NA,0,928,928,0,NA,NA,0,928,928
"5696",2011-05-06,NA,NA,0,290,290,0,NA,NA,0,290,290
"5697",2011-05-09,NA,NA,0,2017,2017,0,NA,NA,0,2017,2017
"5698",2011-05-11,NA,NA,0,69,69,0,NA,NA,0,69,69
"5699",2011-05-12,NA,NA,0,1356,1356,0,NA,NA,0,1356,1356
"5700",2011-05-13,NA,NA,0,3996,3996,0,NA,NA,0,3996,3996
"5701",2011-05-16,NA,NA,0,740,740,0,NA,NA,0,740,740
"5702",2011-05-17,NA,NA,0,19138,18953,185,NA,NA,0,19138,19138
"5703",2011-05-18,NA,NA,0,6049,6049,0,NA,NA,0,6049,6049
"5704",2011-05-19,NA,NA,0,3275,3275,0,NA,NA,0,3275,3275
"5705",2011-05-20,NA,NA,0,7839,7839,0,NA,NA,0,7839,7839
"5706",2011-05-23,NA,NA,0,3751,3751,0,NA,NA,0,3751,3751
"5707",2011-05-24,NA,NA,0,1330,1330,0,NA,NA,0,1330,1330
"5708",2011-05-25,NA,NA,0,1865,1865,0,NA,NA,0,1865,1865
"5709",2011-05-26,NA,NA,0,2735,2735,0,NA,NA,0,2735,2735
"5710",2011-05-27,NA,NA,0,894,894,0,NA,NA,0,894,894
"5711",2011-05-30,NA,NA,0,1201,1201,0,NA,NA,0,1201,1201
"5712",2011-05-31,NA,NA,0,8,8,0,NA,NA,0,8,8
"5713",2011-06-01,NA,NA,0,935,935,0,NA,NA,0,935,935
"5714",2011-06-02,NA,NA,0,1904,1904,0,NA,NA,0,1904,1904
"5715",2011-06-03,NA,NA,0,32511,32511,0,NA,NA,0,32511,32511
"5716",2011-06-07,NA,NA,0,13839,13839,0,NA,NA,0,13839,13839
"5717",2011-06-08,NA,NA,0,4028,3882,146,NA,NA,0,4028,4028
"5718",2011-06-09,NA,NA,0,5510,5510,0,NA,NA,0,5510,5510
"5719",2011-06-10,NA,NA,0,8128,8128,0,NA,NA,0,8128,8128
"5720",2011-06-13,NA,NA,0,8244,8244,0,NA,NA,0,8244,8244
"5721",2011-06-14,NA,NA,0,4191,4191,0,NA,NA,0,4191,4191
"5722",2011-06-15,NA,NA,0,4466,4466,0,NA,NA,0,4466,4466
"5723",2011-06-16,NA,NA,0,11266,11266,0,NA,NA,0,11266,11266
"5724",2011-06-17,NA,NA,0,3460,3460,0,NA,NA,0,3460,3460
"5725",2011-06-20,NA,NA,0,3478,3543,-65,66,0,66,3543,3543
"5726",2011-06-21,NA,NA,0,5887,6136,-249,268,19,249,6155,6155
"5727",2011-06-22,NA,NA,0,5323,5704,-381,395,14,381,5718,5718
"5728",2011-06-23,NA,NA,0,2075,1803,272,0,272,-272,2075,2075
"5729",2011-06-24,NA,NA,0,5087,4766,321,0,321,-321,5087,5087
"5730",2011-06-27,NA,NA,0,9090,8981,109,0,109,-109,9090,9090
"5731",2011-06-28,NA,NA,0,4178,4416,-238,243,6,237,4422,4422
"5732",2011-06-29,NA,NA,0,18021,18187,-166,404,238,166,18425,18425
"5733",2011-06-30,NA,NA,0,23089,22000,1089,260,766,-506,23349,23349
"5734",2011-07-01,NA,NA,0,15052,15316,-264,374,111,263,15426,15426
"5735",2011-07-04,NA,NA,0,10003,9837,166,135,301,-166,10138,10138
"5736",2011-07-05,NA,NA,0,6313,6262,51,127,178,-51,6440,6440
"5737",2011-07-06,NA,NA,0,2326,2407,-81,86,5,81,2412,2412
"5738",2011-07-07,NA,NA,0,15939,16468,-529,664,134,530,16602,16602
"5739",2011-07-08,NA,NA,0,19318,19305,13,86,99,-13,19404,19404
"5740",2011-07-11,NA,NA,0,4349,4301,48,0,49,-49,4349,4349
"5741",2011-07-12,NA,NA,0,10812,10849,-37,104,67,37,10916,10916
"5742",2011-07-13,NA,NA,0,5100,4796,304,120,424,-304,5220,5220
"5743",2011-07-14,NA,NA,0,5216,5383,-167,167,0,167,5383,5383
"5744",2011-07-15,NA,NA,0,3015,2990,25,0,25,-25,3015,3015
"5745",2011-07-18,NA,NA,0,862,829,33,0,33,-33,862,862
"5746",2011-07-19,NA,NA,0,4843,4647,196,298,495,-197,5141,5141
"5747",2011-07-20,NA,NA,0,5521,5626,-105,311,206,105,5832,5832
"5748",2011-07-21,NA,NA,0,591,536,55,0,55,-55,591,591
"5749",2011-07-22,NA,NA,0,1894,1877,17,0,17,-17,1894,1894
"5750",2011-07-25,NA,NA,0,974,967,7,0,7,-7,974,974
"5751",2011-07-26,NA,NA,0,1616,1620,-4,10,6,4,1626,1626
"5752",2011-07-27,NA,NA,0,8143,8119,24,32,57,-25,8175,8175
"5753",2011-07-28,NA,NA,0,2421,2223,198,82,280,-198,2503,2503
"5754",2011-07-29,NA,NA,0,17,17,0,NA,NA,0,17,17
"5755",2011-08-01,NA,NA,0,1215,1215,0,NA,NA,0,1215,1215
"5756",2011-08-02,NA,NA,0,6031,6611,-580,650,70,580,6681,6681
"5757",2011-08-03,NA,NA,0,8882,8882,0,NA,NA,0,8882,8882
"5758",2011-08-04,NA,NA,0,19266,18659,607,66,673,-607,19332,19332
"5759",2011-08-05,NA,NA,0,4808,4808,0,NA,NA,0,4808,4808
"5760",2011-08-08,NA,NA,0,7794,7794,0,NA,NA,0,7794,7794
"5761",2011-08-09,NA,NA,0,1732,1732,0,NA,NA,0,1732,1732
"5762",2011-08-10,NA,NA,0,3500,3584,-84,84,0,84,3584,3584
"5763",2011-08-11,NA,NA,0,2378,2470,-92,92,0,92,2470,2470
"5764",2011-08-12,NA,NA,0,6448,6842,-394,394,0,394,6842,6842
"5765",2011-08-16,NA,NA,0,8178,7986,192,0,193,-193,8178,8178
"5766",2011-08-17,NA,NA,0,3593,3490,103,0,103,-103,3593,3593
"5767",2011-08-18,NA,NA,0,16580,16291,289,0,288,-288,16580,16580
"5768",2011-08-19,NA,NA,0,6420,6420,0,0,0,0,6420,6420
"5769",2011-08-22,NA,NA,0,30331,30331,0,NA,NA,0,30331,30331
"5770",2011-08-23,NA,NA,0,132192,132192,0,NA,NA,0,132192,132192
"5771",2011-08-24,NA,NA,0,41081,44003,-2922,NA,NA,0,44003,44003
"5772",2011-08-25,NA,NA,0,35381,36209,-828,933,110,823,36319,36319
"5773",2011-08-26,NA,NA,0,54998,54998,0,NA,NA,0,54998,54998
"5774",2011-08-29,NA,NA,0,40318,40318,0,NA,NA,0,40318,40318
"5775",2011-08-30,NA,NA,0,69063,68763,300,0,300,-300,69063,69063
"5776",2011-08-31,NA,NA,0,59330,59330,0,NA,NA,0,59330,59330
"5777",2011-09-01,NA,NA,0,141508,141648,-140,727,587,140,142235,142235
"5778",2011-09-02,NA,NA,0,96437,96263,174,534,708,-174,96971,96971
"5779",2011-09-05,NA,NA,0,45963,47038,-1075,584,572,12,47610,47610
"5780",2011-09-06,NA,NA,0,34078,36634,-2556,1190,799,391,37433,37433
"5781",2011-09-07,NA,NA,0,16124,15916,208,327,535,-208,16451,16451
"5782",2011-09-08,NA,NA,0,29642,29563,79,727,806,-79,30369,30369
"5783",2011-09-09,NA,NA,0,29517,29293,224,547,689,-142,30063,30063
"5784",2011-09-14,NA,NA,0,37623,37622,1,103,104,-1,37726,37726
"5785",2011-09-15,NA,NA,0,137848,137910,-62,1191,1129,62,139040,139040
"5786",2011-09-16,NA,NA,0,63760,64373,-613,810,197,613,64570,64570
"5787",2011-09-19,NA,NA,0,22190,22560,-370,376,725,-349,23285,23285
"5788",2011-09-20,NA,NA,0,21748,21897,-149,217,366,-149,22263,22263
"5789",2011-09-21,NA,NA,0,16354,16512,-158,790,632,158,17144,17144
"5790",2011-09-22,NA,NA,0,11679,12160,-481,36,23,13,12183,12183
"5791",2011-09-23,NA,NA,0,11037,10882,155,0,155,-155,11037,11037
"5792",2011-09-26,NA,NA,0,15475,16137,-662,950,288,662,16425,16425
"5793",2011-09-27,NA,NA,0,7939,7508,431,535,1135,-600,8643,8643
"5794",2011-09-28,NA,NA,0,5794,6504,-710,847,137,710,6641,6641
"5795",2011-09-29,NA,NA,0,4146,3095,1051,32,1083,-1051,4178,4178
"5796",2011-09-30,NA,NA,0,5286,5331,-45,224,179,45,5510,5510
"5797",2011-10-04,NA,NA,0,17128,17401,-273,490,217,273,17618,17618
"5798",2011-10-05,NA,NA,0,5756,6114,-358,450,93,357,6206,6206
"5799",2011-10-06,NA,NA,0,8997,9129,-132,355,223,132,9352,9352
"5800",2011-10-07,NA,NA,0,14689,14685,4,321,325,-4,15011,15011
"5801",2011-10-10,NA,NA,0,5359,5156,203,178,382,-204,5537,5537
"5802",2011-10-11,NA,NA,0,15726,15812,-86,1281,1194,87,17007,17007
"5803",2011-10-12,NA,NA,0,22629,22286,343,292,156,136,22921,22921
"5804",2011-10-13,NA,NA,0,20447,20179,268,591,707,-116,21469,21469
"5805",2011-10-14,NA,NA,0,9086,8952,134,907,1426,-519,10562,10562
"5806",2011-10-17,NA,NA,0,19087,18338,749,359,377,-18,19446,19446
"5807",2011-10-18,NA,NA,0,7301,7746,-445,490,45,445,7791,7791
"5808",2011-10-19,NA,NA,0,6688,7393,-705,949,244,705,7637,7637
"5809",2011-10-20,NA,NA,0,12649,13016,-367,657,291,366,13307,13307
"5810",2011-10-21,NA,NA,0,4980,5532,-552,654,102,552,5634,5634
"5811",2011-10-24,NA,NA,0,3993,4327,-334,505,171,334,4498,4498
"5812",2011-10-25,NA,NA,0,7223,7550,-327,419,92,327,7642,7642
"5813",2011-10-26,NA,NA,0,5925,6066,-141,257,117,140,6183,6183
"5814",2011-10-27,NA,NA,0,3787,3615,172,242,414,-172,4029,4029
"5815",2011-10-28,NA,NA,0,2116,2483,-367,369,2,367,2485,2485
"5816",2011-10-31,NA,NA,0,9710,10086,-376,253,0,253,10086,10086
"5817",2011-11-01,NA,NA,0,1458,1133,325,0,325,-325,1458,1458
"5818",2011-11-02,NA,NA,0,6020,5476,544,5,548,-543,6024,6024
"5819",2011-11-03,NA,NA,0,1846,2130,-284,292,8,284,2138,2138
"5820",2011-11-04,NA,NA,0,7224,7597,-373,401,28,373,7625,7625
"5821",2011-11-07,NA,NA,0,7511,7150,361,316,677,-361,7827,7827
"5822",2011-11-08,NA,NA,0,2524,2546,-22,40,18,22,2564,2564
"5823",2011-11-09,NA,NA,0,31759,32037,-278,770,783,-13,32895,32895
"5824",2011-11-10,NA,NA,0,32108,37549,-5441,725,886,-161,38435,38435
"5825",2011-11-11,NA,NA,0,13504,13153,351,715,1065,-350,14218,14218
"5826",2011-11-14,NA,NA,0,16630,17727,-1097,1096,0,1096,17727,17727
"5827",2011-11-15,NA,NA,0,5199,7241,-2042,601,327,274,7568,7568
"5828",2011-11-16,827,0,827,6900,7892,-992,113,180,-67,8072,8072
"5829",2011-11-17,NA,NA,0,9038,8981,57,82,277,-195,9258,9258
"5830",2011-11-18,NA,NA,0,21432,21287,145,154,299,-145,21586,21586
"5831",2011-11-21,NA,NA,0,11015,10672,343,231,574,-343,11246,11246
"5832",2011-11-22,NA,NA,0,26321,25992,329,160,620,-460,26611,26611
"5833",2011-11-23,NA,NA,0,17470,16577,893,97,1252,-1155,17828,17828
"5834",2011-11-24,NA,NA,0,5448,5280,168,347,515,-168,5796,5796
"5835",2011-11-25,NA,NA,0,3882,3491,391,57,448,-391,3940,3940
"5836",2011-11-28,NA,NA,0,3867,4365,-498,513,15,498,4380,4380
"5837",2011-11-29,NA,NA,0,4597,5027,-430,544,114,430,5141,5141
"5838",2011-11-30,NA,NA,0,14210,12549,1661,278,326,-48,14488,14488
"5839",2011-12-01,NA,NA,0,9742,9538,204,392,597,-205,10134,10134
"5840",2011-12-02,0,855,-855,10798,7861,2937,187,509,-322,10984,10984
"5841",2011-12-05,NA,NA,0,13805,14422,-617,840,224,616,14646,14646
"5842",2011-12-06,NA,NA,0,31348,31278,70,1450,1521,-71,32799,32799
"5843",2011-12-07,NA,NA,0,15164,14915,249,143,392,-249,15307,15307
"5844",2011-12-08,NA,NA,0,14640,14829,-189,1055,866,189,15695,15695
"5845",2011-12-09,8127,0,8127,8364,16602,-8238,396,285,111,16887,16887
"5846",2011-12-12,NA,NA,0,9546,9640,-94,903,809,94,10450,10450
"5847",2011-12-13,NA,NA,0,11318,11879,-561,718,157,561,12036,12036
"5848",2011-12-14,NA,NA,0,3642,3562,80,163,242,-79,3804,3804
"5849",2011-12-15,NA,NA,0,7793,7939,-146,479,333,146,8272,8272
"5850",2011-12-16,NA,NA,0,3641,3563,78,390,161,229,4032,4032
"5851",2011-12-19,0,7417,-7417,21955,14651,7304,1177,1063,114,23132,23132
"5852",2011-12-20,NA,NA,0,6748,5894,854,106,960,-854,6854,6854
"5853",2011-12-21,NA,NA,0,5586,6209,-623,687,64,623,6273,6273
"5854",2011-12-22,NA,NA,0,4195,4326,-131,242,111,131,4437,4437
"5855",2011-12-23,NA,NA,0,2890,2935,-45,61,16,45,2951,2951
"5856",2011-12-26,NA,NA,0,8045,8224,-179,438,259,179,8483,8483
"5857",2011-12-27,NA,NA,0,9677,9247,430,81,217,-136,9758,9758
"5858",2011-12-28,NA,NA,0,5340,4939,401,28,9,19,5368,5368
"5859",2011-12-29,NA,NA,0,3807,3001,806,190,6,184,3997,3997
"5860",2012-01-02,NA,NA,0,5715,5780,-65,417,352,65,6131,6131
"5861",2012-01-03,NA,NA,0,4863,4242,621,0,621,-621,4863,4863
"5862",2012-01-04,NA,NA,0,1933,1923,10,206,216,-10,2138,2138
"5863",2012-01-05,NA,NA,0,4287,4351,-64,78,14,64,4365,4365
"5864",2012-01-06,NA,NA,0,484,481,3,6,9,-3,490,490
"5865",2012-01-09,NA,NA,0,5355,4878,477,28,505,-477,5383,5383
"5866",2012-01-10,NA,NA,0,3035,3819,-784,212,0,212,3819,3819
"5867",2012-01-11,NA,NA,0,3839,3691,148,68,216,-148,3907,3907
"5868",2012-01-12,NA,NA,0,4037,3971,66,165,231,-66,4202,4202
"5869",2012-01-13,NA,NA,0,3762,3631,131,6,65,-59,3977,3977
"5870",2012-01-16,NA,NA,0,3226,3073,153,0,152,-152,3226,3226
"5871",2012-01-17,NA,NA,0,2093,2124,-31,32,1,31,2125,2125
"5872",2012-01-18,NA,NA,0,11569,12088,-519,89,142,-53,12230,12230
"5873",2012-01-19,NA,NA,0,3726,3914,-188,188,1,187,3914,3914
"5874",2012-01-20,NA,NA,0,6144,5963,181,24,66,-42,6167,6167
"5875",2012-01-25,NA,NA,0,6253,6093,160,0,159,-159,6253,6253
"5876",2012-01-26,NA,NA,0,4960,4623,337,0,337,-337,4960,4960
"5877",2012-01-27,NA,NA,0,6221,6015,206,0,206,-206,6221,6221
"5878",2012-01-30,NA,NA,0,6683,6238,445,0,312,-312,6683,6683
"5879",2012-01-31,NA,NA,0,6252,6017,235,0,235,-235,6252,6252
"5880",2012-02-01,NA,NA,0,9636,9408,228,0,228,-228,9636,9636
"5881",2012-02-02,NA,NA,0,9305,6521,2784,0,270,-270,9305,9305
"5882",2012-02-03,NA,NA,0,5070,4540,530,0,280,-280,5070,5070
"5883",2012-02-06,NA,NA,0,14690,14395,295,0,295,-295,14835,14835
"5884",2012-02-07,NA,NA,0,24841,24794,47,0,48,-48,24841,24841
"5885",2012-02-08,NA,NA,0,13346,13437,-91,774,378,396,14120,14120
"5886",2012-02-09,NA,NA,0,14883,14615,268,336,604,-268,15219,15219
"5887",2012-02-10,NA,NA,0,9163,9352,-189,219,31,188,9383,9383
"5888",2012-02-13,NA,NA,0,5231,5004,227,131,129,2,5362,5362
"5889",2012-02-14,NA,NA,0,3473,3606,-133,133,0,133,3606,3606
"5890",2012-02-15,NA,NA,0,2785,2438,347,0,1,-1,2785,2785
"5891",2012-02-16,NA,NA,0,19589,19526,63,41,104,-63,19630,19630
"5892",2012-02-17,NA,NA,0,7918,7980,-62,81,19,62,7999,7999
"5893",2012-02-20,NA,NA,0,11420,10936,484,0,484,-484,11420,11420
"5894",2012-02-21,NA,NA,0,10662,10662,0,29,29,0,10691,10691
"5895",2012-02-22,NA,NA,0,10651,11096,-445,472,27,445,11123,11123
"5896",2012-02-23,NA,NA,0,12158,12129,29,29,57,-28,12186,12186
"5897",2012-02-24,NA,NA,0,8258,8249,9,3,12,-9,8261,8261
"5898",2012-02-27,NA,NA,0,22793,22791,2,329,331,-2,23121,23121
"5899",2012-02-28,NA,NA,0,26149,26271,-122,656,534,122,26805,26805
"5900",2012-02-29,NA,NA,0,21895,21550,345,33,379,-346,21928,21928
"5901",2012-03-02,NA,NA,0,5746,5775,-29,273,245,28,6019,6019
"5902",2012-03-05,NA,NA,0,5888,5858,30,251,282,-31,6139,6139
"5903",2012-03-06,NA,NA,0,10476,10622,-146,329,184,145,10806,10806
"5904",2012-03-07,NA,NA,0,14308,14640,-332,594,262,332,14902,14902
"5905",2012-03-08,NA,NA,0,23891,23671,220,112,332,-220,24003,24003
"5906",2012-03-09,NA,NA,0,6444,6613,-169,207,38,169,6651,6651
"5907",2012-03-12,NA,NA,0,7231,7169,62,40,102,-62,7270,7270
"5908",2012-03-13,NA,NA,0,12894,12288,606,2,607,-605,12896,12896
"5909",2012-03-14,NA,NA,0,7286,7258,28,8,35,-27,7293,7293
"5910",2012-03-15,NA,NA,0,12017,13533,-1516,1036,381,655,13914,13914
"5911",2012-03-16,NA,NA,0,11567,10883,684,158,841,-683,11725,11725
"5912",2012-03-19,NA,NA,0,14304,14814,-510,660,150,510,14963,14963
"5913",2012-03-20,NA,NA,0,11263,11126,137,14,151,-137,11277,11277
"5914",2012-03-21,NA,NA,0,2373,2373,0,NA,NA,0,2373,2373
"5915",2012-03-22,NA,NA,0,12452,12345,107,161,268,-107,12613,12613
"5916",2012-03-23,NA,NA,0,11653,12439,-786,650,184,466,12623,12623
"5917",2012-03-26,NA,NA,0,5269,5270,-1,103,102,1,5372,5372
"5918",2012-03-27,NA,NA,0,18127,17494,633,167,800,-633,18294,18294
"5919",2012-03-28,NA,NA,0,6549,7032,-483,500,17,483,7049,7049
"5920",2012-03-29,NA,NA,0,11566,11255,311,1,311,-310,11567,11567
"5921",2012-03-30,NA,NA,0,3993,3963,30,0,30,-30,3993,3993
"5922",2012-04-02,NA,NA,0,6612,6384,228,78,306,-228,6690,6690
"5923",2012-04-03,NA,NA,0,7981,8688,-707,710,3,707,8692,8692
"5924",2012-04-04,NA,NA,0,4769,4081,688,61,749,-688,4830,4830
"5925",2012-04-05,NA,NA,0,10581,11142,-561,561,0,561,11142,11142
"5926",2012-04-06,NA,NA,0,6482,6416,66,7,225,-218,6641,6641
"5927",2012-04-09,NA,NA,0,1818,1796,22,3,344,-341,2140,2140
"5928",2012-04-10,NA,NA,0,4967,5496,-529,565,36,529,5532,5532
"5929",2012-04-12,NA,NA,0,2179,2415,-236,245,9,236,2423,2423
"5930",2012-04-13,NA,NA,0,2725,2719,6,0,7,-7,2725,2725
"5931",2012-04-16,NA,NA,0,15678,15583,95,49,144,-95,15726,15726
"5932",2012-04-17,NA,NA,0,1696,1646,50,0,51,-51,1696,1696
"5933",2012-04-18,NA,NA,0,33781,33904,-123,705,583,122,34487,34487
"5934",2012-04-19,NA,NA,0,3874,3874,0,NA,NA,0,3874,3874
"5935",2012-04-20,NA,NA,0,3061,3062,-1,1,0,1,3062,3062
"5936",2012-04-23,NA,NA,0,2739,2472,267,0,267,-267,2739,2739
"5937",2012-04-24,NA,NA,0,1849,1818,31,0,31,-31,1849,1849
"5938",2012-04-25,NA,NA,0,20005,19557,448,229,677,-448,20235,20235
"5939",2012-04-26,NA,NA,0,13099,13407,-308,601,293,308,13700,13700
"5940",2012-04-27,NA,NA,0,25034,25348,-314,565,251,314,25599,25599
"5941",2012-04-30,NA,NA,0,14355,14511,-156,156,0,156,14511,14511
"5942",2012-05-02,NA,NA,0,15564,15548,16,0,17,-17,15564,15564
"5943",2012-05-03,NA,NA,0,15735,14389,1346,NA,NA,0,15735,15735
"5944",2012-05-04,NA,NA,0,4256,4239,17,0,17,-17,4256,4256
"5945",2012-05-07,NA,NA,0,5282,5152,130,0,130,-130,5282,5282
"5946",2012-05-08,NA,NA,0,1042,767,275,0,275,-275,1042,1042
"5947",2012-05-09,NA,NA,0,8890,9259,-369,400,30,370,9289,9289
"5948",2012-05-10,NA,NA,0,14576,14478,98,309,407,-98,14885,14885
"5949",2012-05-11,NA,NA,0,19781,19783,-2,90,88,2,19871,19871
"5950",2012-05-14,NA,NA,0,14253,14299,-46,46,0,46,14299,14299
"5951",2012-05-15,NA,NA,0,17064,17023,41,6,47,-41,17070,17070
"5952",2012-05-16,NA,NA,0,12194,12220,-26,46,19,27,12239,12239
"5953",2012-05-17,NA,NA,0,16372,16755,-383,384,0,384,16755,16755
"5954",2012-05-18,NA,NA,0,24859,23814,1045,124,1168,-1044,24982,24982
"5955",2012-05-21,NA,NA,0,3212,3259,-47,50,4,46,3262,3262
"5956",2012-05-22,NA,NA,0,10985,11740,-755,787,32,755,11772,11772
"5957",2012-05-23,NA,NA,0,4443,4151,292,98,390,-292,4541,4541
"5958",2012-05-24,NA,NA,0,4633,4528,105,15,120,-105,4648,4648
"5959",2012-05-25,NA,NA,0,1814,1814,0,NA,NA,0,1814,1814
"5960",2012-05-29,NA,NA,0,3116,2960,156,7,163,-156,3123,3123
"5961",2012-05-30,NA,NA,0,3572,3376,196,96,293,-197,3668,3668
"5962",2012-05-31,NA,NA,0,1808,1710,98,0,98,-98,1808,1808
"5963",2012-06-01,NA,NA,0,1702,1702,0,NA,NA,0,1702,1702
"5964",2012-06-04,NA,NA,0,1830,1830,0,NA,NA,0,1830,1830
"5965",2012-06-05,NA,NA,0,2913,2913,0,NA,NA,0,2913,2913
"5966",2012-06-07,NA,NA,0,2723,2723,0,NA,NA,0,2723,2723
"5967",2012-06-08,NA,NA,0,4458,4553,-95,97,2,95,4555,4555
"5968",2012-06-11,NA,NA,0,4358,4358,0,NA,NA,0,4358,4358
"5969",2012-06-12,0,271,-271,3617,3255,362,23,114,-91,3640,3640
"5970",2012-06-13,0,1053,-1053,5179,3684,1495,63,64,-1,5243,5243
"5971",2012-06-14,0,366,-366,2950,3133,-183,550,0,550,3500,3500
"5972",2012-06-15,0,73,-73,7147,6889,258,0,185,-185,7147,7147
"5973",2012-06-18,NA,NA,0,5511,4855,656,0,365,-365,5511,5511
"5974",2012-06-19,NA,NA,0,1078,1078,0,NA,NA,0,1078,1078
"5975",2012-06-20,NA,NA,0,1382,1382,0,NA,NA,0,1382,1382
"5976",2012-06-21,NA,NA,0,1415,1415,0,NA,NA,0,1415,1415
"5977",2012-06-22,NA,NA,0,4837,4837,0,NA,NA,0,4837,4837
"5978",2012-06-25,NA,NA,0,7849,7849,0,NA,NA,0,7849,7849
"5979",2012-06-26,NA,NA,0,5819,5819,0,NA,NA,0,5819,5819
"5980",2012-06-27,NA,NA,0,3101,2680,421,NA,NA,0,3101,3101
"5981",2012-06-28,NA,NA,0,10179,10179,0,NA,NA,0,10179,10179
"5982",2012-06-29,NA,NA,0,14762,14762,0,NA,NA,0,14762,14762
"5983",2012-07-02,0,12865,-12865,48568,35541,13027,NA,NA,0,48568,48568
"5984",2012-07-03,NA,NA,0,21683,21683,0,NA,NA,0,21683,21683
"5985",2012-07-04,0,2288,-2288,15997,12974,3023,NA,NA,0,15997,15997
"5986",2012-07-05,NA,NA,0,11818,11818,0,NA,NA,0,11818,11818
"5987",2012-07-06,NA,NA,0,8193,8347,-154,155,0,155,8347,8347
"5988",2012-07-09,NA,NA,0,10230,10365,-135,0,92,-92,10456,10456
"5989",2012-07-10,NA,NA,0,9771,9961,-190,NA,NA,0,9961,9961
"5990",2012-07-11,NA,NA,0,40153,39744,409,436,845,-409,40589,40589
"5991",2012-07-12,NA,NA,0,19479,20594,-1115,830,65,765,20659,20659
"5992",2012-07-13,NA,NA,0,144484,143579,905,504,1409,-905,144988,144988
"5993",2012-07-16,NA,NA,0,27869,28945,-1076,1106,507,599,29452,29452
"5994",2012-07-17,NA,NA,0,23687,24032,-345,527,788,-261,24820,24820
"5995",2012-07-18,NA,NA,0,26409,26630,-221,719,497,222,27127,27127
"5996",2012-07-19,NA,NA,0,14487,14926,-439,559,120,439,15046,15046
"5997",2012-07-20,NA,NA,0,13654,13624,30,4,34,-30,13658,13658
"5998",2012-07-23,NA,NA,0,17324,17088,236,22,258,-236,17347,17347
"5999",2012-07-24,NA,NA,0,10023,10101,-78,89,11,78,10112,10112
"6000",2012-07-25,NA,NA,0,17598,17831,-233,424,191,233,18022,18022
"6001",2012-07-26,NA,NA,0,13319,13303,16,108,125,-17,13427,13427
"6002",2012-07-27,NA,NA,0,11191,11078,113,250,362,-112,11441,11441
"6003",2012-07-30,NA,NA,0,6027,5849,178,15,3,12,6042,6042
"6004",2012-07-31,NA,NA,0,5771,5590,181,159,339,-180,5929,5929
"6005",2012-08-01,NA,NA,0,7876,8029,-153,153,0,153,8029,8029
"6006",2012-08-02,NA,NA,0,8283,8267,16,8,24,-16,8290,8290
"6007",2012-08-03,NA,NA,0,9887,9718,169,14,183,-169,9901,9901
"6008",2012-08-06,NA,NA,0,9098,8859,239,16,254,-238,9113,9113
"6009",2012-08-07,NA,NA,0,10374,9740,634,519,915,-396,10901,10901
"6010",2012-08-08,NA,NA,0,16050,16629,-579,655,259,396,16888,16888
"6011",2012-08-09,134225,269325,-135100,166971,32067,134904,637,556,81,302052,302052
"6012",2012-08-10,4576,0,4576,24620,29216,-4596,1015,1456,-441,30901,30901
"6013",2012-08-13,1632,0,1632,17532,18824,-1292,179,102,77,19396,19396
"6014",2012-08-14,1100,0,1100,21892,23155,-1263,631,452,179,23794,23794
"6015",2012-08-16,2694,0,2694,39592,41216,-1624,473,671,-198,42759,42759
"6016",2012-08-17,4569,0,4569,13304,18059,-4755,817,372,445,18690,18690
"6017",2012-08-20,3544,0,3544,30274,33468,-3194,35,50,-15,33963,33963
"6018",2012-08-21,5219,0,5219,17721,23053,-5332,252,99,153,23193,23193
"6019",2012-08-22,2240,0,2240,18548,20917,-2369,417,288,129,21205,21205
"6020",2012-08-23,9975,0,9975,27271,37550,-10279,192,209,-17,37759,37759
"6021",2012-08-24,100315,0,100315,18104,118647,-100543,168,89,79,118735,118735
"6022",2012-08-27,0,0,0,33264,32651,613,263,877,-614,33527,33527
"6023",2012-08-28,568,0,568,13854,14786,-932,634,271,363,15056,15056
"6024",2012-08-29,0,0,0,10922,10879,43,211,254,-43,11133,11133
"6025",2012-08-30,3702,0,3702,24338,29696,-5358,2070,414,1656,30110,30110
"6026",2012-08-31,0,0,0,15234,15880,-646,803,157,646,16037,16037
"6027",2012-09-03,0,6966,-6966,28006,19830,8176,220,1490,-1270,28286,28286
"6028",2012-09-04,4849,3270,1579,30677,34363,-3686,2555,530,2025,38167,38167
"6029",2012-09-05,0,3379,-3379,17567,13624,3943,265,1157,-892,18159,18159
"6030",2012-09-06,0,10524,-10524,16997,8363,8634,2744,825,1919,19741,19741
"6031",2012-09-07,0,11611,-11611,26255,17352,8903,2058,72,1986,29035,29035
"6032",2012-09-10,0,3508,-3508,25532,21355,4177,1295,711,584,26826,26826
"6033",2012-09-11,2349,0,2349,8991,12556,-3565,1657,286,1371,12998,12998
"6034",2012-09-12,0,8228,-8228,33618,25887,7731,595,97,498,34212,34212
"6035",2012-09-13,0,5715,-5715,22995,18121,4874,917,36,881,23912,23912
"6036",2012-09-14,0,8160,-8160,30842,22912,7930,714,485,229,31556,31556
"6037",2012-09-17,0,8447,-8447,19382,8971,10411,372,1970,-1598,19754,19754
"6038",2012-09-18,1606,8204,-6598,18945,12063,6882,587,872,-285,21138,21138
"6039",2012-09-19,0,7440,-7440,20715,12998,7717,605,845,-240,21321,21321
"6040",2012-09-20,0,3600,-3600,9794,6821,2973,628,0,628,10422,10422
"6041",2012-09-21,0,0,0,40385,37841,2544,990,3522,-2532,41575,41575
"6042",2012-09-24,0,0,0,16891,15740,1151,692,1843,-1151,17583,17583
"6043",2012-09-25,0,0,0,21233,20101,1132,995,2127,-1132,22228,22228
"6044",2012-09-26,0,0,0,12931,9959,2972,43,2478,-2435,12974,12974
"6045",2012-09-27,0,0,0,12498,11686,812,141,953,-812,12639,12639
"6046",2012-09-28,0,0,0,4057,4414,-357,562,205,357,4619,4619
"6047",2012-10-02,0,0,0,11788,11461,327,267,418,-151,12055,12055
"6048",2012-10-04,0,0,0,5176,5676,-500,827,327,500,6003,6003
"6049",2012-10-05,0,0,0,10192,11414,-1222,1234,13,1221,11426,11426
"6050",2012-10-08,0,0,0,13309,13130,179,696,875,-179,14004,14004
"6051",2012-10-09,0,0,0,21201,22162,-961,1131,171,960,22332,22332
"6052",2012-10-10,0,0,0,12133,10763,1370,69,1439,-1370,12202,12202
"6053",2012-10-11,0,0,0,20726,20625,101,520,620,-100,21245,21245
"6054",2012-10-12,0,0,0,19499,18888,611,81,692,-611,19580,19580
"6055",2012-10-15,0,0,0,16618,15956,662,458,1120,-662,17076,17076
"6056",2012-10-16,0,0,0,17389,16999,390,287,677,-390,17676,17676
"6057",2012-10-17,0,0,0,11169,6827,4342,34,839,-805,11203,11203
"6058",2012-10-18,1272,0,1272,13189,11534,1655,135,422,-287,14596,14596
"6059",2012-10-19,0,0,0,7081,7514,-433,1099,36,1063,8180,8180
"6060",2012-10-22,0,0,0,9404,7443,1961,13,276,-263,9417,9417
"6061",2012-10-23,0,0,0,9567,9698,-131,206,74,132,9772,9772
"6062",2012-10-24,0,0,0,12905,13388,-483,661,178,483,13566,13566
"6063",2012-10-25,0,0,0,11521,10962,559,6,565,-559,11527,11527
"6064",2012-10-26,796,0,796,10405,10690,-285,75,586,-511,11276,11276
"6065",2012-10-29,0,0,0,7819,7957,-138,274,135,139,8092,8092
"6066",2012-10-30,0,0,0,6763,6777,-14,361,347,14,7124,7124
"6067",2012-10-31,0,0,0,2340,2540,-200,203,3,200,2543,2543
"6068",2012-11-01,0,0,0,5057,4859,198,0,197,-197,5057,5057
"6069",2012-11-02,425,0,425,12506,12963,-457,217,185,32,13148,13148
"6070",2012-11-05,0,0,0,12493,13289,-796,810,14,796,13303,13303
"6071",2012-11-06,0,0,0,8609,7616,993,0,992,-992,8609,8609
"6072",2012-11-07,0,0,0,4365,4553,-188,192,4,188,4557,4557
"6073",2012-11-08,0,0,0,4631,5348,-717,717,0,717,5348,5348
"6074",2012-11-09,0,0,0,8861,8864,-3,44,41,3,8905,8905
"6075",2012-11-12,0,0,0,29838,18891,10947,473,119,354,30311,30311
"6076",2012-11-13,0,0,0,73897,49239,24658,75,847,-772,73972,73972
"6077",2012-11-14,0,0,0,156781,157587,-806,154,547,-393,158134,158134
"6078",2012-11-15,0,0,0,62844,65172,-2328,333,737,-404,65910,65910
"6079",2012-11-16,0,0,0,58790,58610,180,458,638,-180,59248,59248
"6080",2012-11-19,0,0,0,109911,112235,-2324,469,185,284,112420,112420
"6081",2012-11-20,0,0,0,58270,59686,-1416,2162,635,1527,60431,60431
"6082",2012-11-21,4351,0,4351,106681,113471,-6790,3227,1277,1950,114748,114748
"6083",2012-11-22,20365,224258,-203893,1216913,1004540,212373,5201,1451,3750,1247447,1247447
"6084",2012-11-23,11877,26271,-14394,646634,594332,52302,4647,4156,491,664406,664406
"6085",2012-11-26,0,34692,-34692,230979,203602,27377,8342,1612,6730,239906,239906
"6086",2012-11-27,0,0,0,154097,154289,-192,4224,4598,-374,159490,159490
"6087",2012-11-28,0,0,0,188019,187612,407,3009,3799,-790,192741,192741
"6088",2012-11-29,0,6506,-6506,325722,317110,8612,4246,11360,-7114,335124,335124
"6089",2012-11-30,0,16184,-16184,489324,478585,10739,9607,6345,3262,501260,501260
"6090",2012-12-03,0,0,0,474786,472282,2504,2711,6342,-3631,479434,479434
"6091",2012-12-04,0,0,0,286811,299218,-12407,18041,1532,16509,306922,306922
"6092",2012-12-05,12182,0,12182,252427,253766,-1339,288,10847,-10559,265719,265719
"6093",2012-12-06,8000,0,8000,218665,221475,-2810,5869,11964,-6095,233520,233520
"6094",2012-12-07,10863,2375,8488,192047,203463,-11416,10344,7178,3166,214710,214710
"6095",2012-12-10,0,5608,-5608,90293,77992,12301,1280,7799,-6519,91574,91574
"6096",2012-12-11,3750,0,3750,132702,136875,-4173,1273,850,423,137725,137725
"6097",2012-12-12,622,7730,-7108,113159,134927,-21768,30071,897,29174,143851,143851
"6098",2012-12-13,0,12037,-12037,215225,216622,-1397,12575,3082,9493,232051,232051
"6099",2012-12-14,0,0,0,79827,77173,2654,1315,4129,-2814,81302,81302
"6100",2012-12-17,0,0,0,76085,68823,7262,1500,10546,-9046,79369,79369
"6101",2012-12-18,1518,0,1518,54135,55755,-1620,549,2954,-2405,58709,58709
"6102",2012-12-20,0,0,0,67632,68294,-662,4838,4685,153,72978,72978
"6103",2012-12-21,0,0,0,81127,97289,-16162,17036,873,16163,98162,98162
"6104",2012-12-24,0,0,0,38506,39980,-1474,3109,1635,1474,41615,41615
"6105",2012-12-26,0,0,0,92174,98685,-6511,7517,1570,5947,100255,100255
"6106",2012-12-27,0,10690,-10690,134481,127147,7334,4465,2596,1869,140433,140433
"6107",2012-12-28,0,11573,-11573,137657,110038,27619,397,16432,-16035,138146,138146
"6108",2013-01-02,NA,NA,0,68641,70802,-2161,4085,1925,2160,72727,72727
"6109",2013-01-03,NA,NA,0,54115,43840,10275,0,10281,-10281,54121,54121
"6110",2013-01-04,NA,NA,0,86814,84801,2013,4813,1050,3763,91627,91627
"6111",2013-01-07,NA,NA,0,44357,37947,6410,0,6516,-6516,44464,44464
"6112",2013-01-08,NA,NA,0,48435,45632,2803,0,2876,-2876,48508,48508
"6113",2013-01-09,NA,NA,0,44201,44768,-567,640,651,-11,45419,45419
"6114",2013-01-10,0,1398,-1398,39931,44075,-4144,5542,0,5542,45473,45473
"6115",2013-01-11,0,1,-1,58810,57189,1621,864,2484,-1620,59674,59674
"6116",2013-01-14,0,707,-707,40343,42490,-2147,3240,385,2855,43582,43582
"6117",2013-01-15,NA,NA,0,28671,29853,-1182,2266,1084,1182,30937,30937
"6118",2013-01-16,0,2689,-2689,43659,46300,-2641,4594,1307,3287,50296,50296
"6119",2013-01-17,2017,0,2017,29645,32898,-3253,895,413,482,33991,33991
"6120",2013-01-18,NA,NA,0,40409,44200,-3791,4829,684,4145,45238,45238
"6121",2013-01-21,0,14861,-14861,40185,21779,18406,235,3779,-3544,40420,40420
"6122",2013-01-22,0,1674,-1674,22843,23773,-930,3263,659,2604,26106,26106
"6123",2013-01-23,NA,NA,0,32830,30971,1859,459,2317,-1858,33289,33289
"6124",2013-01-24,NA,NA,0,31819,31015,804,2936,1437,1499,34754,34754
"6125",2013-01-25,1361,0,1361,24364,27237,-2873,2317,290,2027,28042,28042
"6126",2013-01-28,1353,0,1353,19178,23299,-4121,3323,555,2768,23854,23854
"6127",2013-01-29,2029,0,2029,6969,6149,820,2,2851,-2849,9000,9000
"6128",2013-01-30,6139,0,6139,12176,16829,-4653,0,1486,-1486,18315,18315
"6129",2013-01-31,7182,0,7182,10145,15242,-5097,0,2085,-2085,17327,17327
"6130",2013-02-01,NA,NA,0,41830,38906,2924,1736,3987,-2251,43568,43568
"6131",2013-02-04,NA,NA,0,79092,36635,42457,380,2867,-2487,81097,81097
"6132",2013-02-05,NA,NA,0,29917,29108,809,1211,87,1124,37544,37544
"6133",2013-02-06,NA,NA,0,9927,11980,-2053,300,1585,-1285,13566,13566
"6134",2013-02-07,NA,NA,0,37703,36990,713,352,803,-451,38055,38055
"6135",2013-02-08,NA,NA,0,18891,18407,484,249,2071,-1822,20478,20478
"6136",2013-02-12,0,1323,-1323,20545,21833,-1288,2275,322,1953,23478,23478
"6137",2013-02-13,0,1952,-1952,17495,20487,-2992,2539,22,2517,22461,22461
"6138",2013-02-14,0,6847,-6847,54324,52751,1573,6462,316,6146,60786,60786
"6139",2013-02-15,3296,6178,-2882,84909,85049,-140,3412,1188,2224,92631,92631
"6140",2013-02-18,NA,NA,0,92966,94056,-1090,3001,862,2139,95967,95967
"6141",2013-02-19,NA,NA,0,69935,71241,-1306,3142,1839,1303,73800,73800
"6142",2013-02-20,2985,0,2985,96809,98479,-1670,2775,4090,-1315,102569,102569
"6143",2013-02-21,2788,0,2788,253328,258111,-4783,4807,2653,2154,260922,260922
"6144",2013-02-22,2415,0,2415,90558,94787,-4229,3425,2540,885,97327,97327
"6145",2013-02-25,800,0,800,55072,57649,-2577,5197,1383,3814,61068,61068
"6146",2013-02-26,2395,0,2395,39585,43340,-3755,2506,1147,1359,44487,44487
"6147",2013-02-27,2391,0,2391,62771,63557,-786,332,1938,-1606,65494,65494
"6148",2013-02-28,2344,0,2344,81348,88482,-7134,4612,683,3929,89166,89166
"6149",2013-03-04,NA,NA,0,50992,52069,-1077,2456,1379,1077,53448,53448
"6150",2013-03-05,NA,NA,0,112706,118778,-6072,7047,1279,5768,120057,120057
"6151",2013-03-06,NA,NA,0,96883,97491,-608,2356,1758,598,99249,99249
"6152",2013-03-07,3799,0,3799,77617,79796,-2179,460,3575,-3115,83371,83371
"6153",2013-03-08,NA,NA,0,78939,78131,808,1040,2602,-1562,81468,81468
"6154",2013-03-11,0,7105,-7105,55421,50096,5325,2621,841,1780,58041,58041
"6155",2013-03-12,0,7117,-7117,59362,52155,7207,1783,801,982,61145,61145
"6156",2013-03-13,0,7195,-7195,57820,51476,6344,1659,809,850,59479,59479
"6157",2013-03-14,0,7092,-7092,72460,67394,5066,5227,2829,2398,77687,77687
"6158",2013-03-15,0,5387,-5387,109662,95910,13752,1266,9630,-8364,110927,110927
"6159",2013-03-18,NA,NA,0,75859,72619,3240,1716,5272,-3556,77890,77890
"6160",2013-03-19,NA,NA,0,46075,44378,1697,184,1881,-1697,46259,46259
"6161",2013-03-20,NA,NA,0,21789,20065,1724,408,2132,-1724,22197,22197
"6162",2013-03-21,83,0,83,14884,12396,2488,0,2571,-2571,14967,14967
"6163",2013-03-22,7613,0,7613,36996,43786,-6790,1444,2337,-893,46123,46123
"6164",2013-03-25,1938,0,1938,17931,22753,-4822,3206,531,2675,23284,23284
"6165",2013-03-26,587,0,587,17026,18828,-1802,1679,464,1215,19292,19292
"6166",2013-03-27,4634,1462,3172,67573,70732,-3159,2886,2575,311,75093,75093
"6167",2013-03-28,6756,0,6756,38734,38350,384,304,7445,-7141,45795,45795
"6168",2013-03-29,16635,0,16635,71440,83211,-11771,2563,2753,-190,90638,90638
"6169",2013-04-01,12987,3575,9412,43098,48452,-5354,0,4117,-4117,57536,57536
"6170",2013-04-02,8718,0,8718,31297,38382,-7085,489,2123,-1634,40505,40505
"6171",2013-04-03,702,0,702,28406,30637,-2231,1832,304,1528,30940,30940
"6172",2013-04-04,6187,0,6187,30542,36417,-5875,2392,3877,-1485,40294,40294
"6173",2013-04-05,14555,0,14555,34462,49446,-14984,2373,2970,-597,52416,52416
"6174",2013-04-08,13674,3497,10177,27757,34125,-6368,1419,5037,-3618,42870,42870
"6175",2013-04-09,0,1847,-1847,24039,25156,-1117,4539,1373,3166,28578,28578
"6176",2013-04-10,1993,4646,-2653,17077,14077,3000,478,871,-393,19594,19594
"6177",2013-04-11,8426,0,8426,19170,30245,-11075,2901,253,2648,30498,30498
"6178",2013-04-12,0,6768,-6768,81890,77084,4806,2698,2015,683,86538,86538
"6179",2013-04-15,5066,19267,-14201,48305,35267,13038,3175,537,2638,56546,56546
"6180",2013-04-16,0,3337,-3337,30304,30707,-403,4219,479,3740,34523,34523
"6181",2013-04-17,6363,20094,-13731,77001,69526,7475,7984,628,7356,91348,91348
"6182",2013-04-18,11075,7428,3647,41989,45385,-3396,2312,1917,395,55724,55724
"6183",2013-04-19,5375,17,5358,32547,34668,-2121,0,5073,-5073,39758,39758
"6184",2013-04-22,7615,1990,5625,45538,51003,-5465,2023,1198,825,55176,55176
"6185",2013-04-23,0,2014,-2014,31298,38065,-6767,9248,467,8781,40546,40546
"6186",2013-04-24,6060,1186,4874,38077,42711,-4634,2310,2339,-29,46446,46446
"6187",2013-04-25,0,2891,-2891,25770,22404,3366,855,1330,-475,26625,26625
"6188",2013-04-26,NA,NA,0,17822,19586,-1764,2303,539,1764,20125,20125
"6189",2013-04-29,20791,36419,-15628,95331,80325,15006,2613,1557,1056,118877,118877
"6190",2013-04-30,19567,0,19567,59957,75566,-15609,955,3088,-2133,80479,80479
"6191",2013-05-02,0,7954,-7954,110818,77534,33284,1066,10713,-9647,111884,111884
"6192",2013-05-03,NA,NA,0,33595,33630,-35,1016,981,35,34610,34610
"6193",2013-05-06,9953,0,9953,41216,45805,-4589,214,5578,-5364,51383,51383
"6194",2013-05-07,559,0,559,13254,15789,-2535,2545,498,2047,16358,16358
"6195",2013-05-08,1229,0,1229,52606,53203,-597,900,2943,-2043,56146,56146
"6196",2013-05-09,1082,7137,-6055,42835,33053,9782,643,4370,-3727,44560,44560
"6197",2013-05-10,622,0,622,27130,25449,1681,0,2302,-2302,27751,27751
"6198",2013-05-13,11655,11552,103,47406,38076,9330,0,10091,-10091,59719,59719
"6199",2013-05-14,11167,11209,-42,44614,43037,1577,1496,3032,-1536,57278,57278
"6200",2013-05-15,6219,4112,2107,15422,18834,-3412,1477,171,1306,23117,23117
"6201",2013-05-16,0,2329,-2329,14907,13209,1698,1519,888,631,16427,16427
"6202",2013-05-20,NA,NA,0,18802,16088,2714,0,2713,-2713,18802,18802
"6203",2013-05-21,499,4313,-3814,34405,31771,2634,2527,0,2527,37431,37431
"6204",2013-05-22,7513,20716,-13203,54176,43485,10691,2787,276,2511,64477,64477
"6205",2013-05-23,0,3455,-3455,53584,48608,4976,1424,2945,-1521,55008,55008
"6206",2013-05-24,0,8650,-8650,41113,31816,9297,517,1163,-646,41629,41629
"6207",2013-05-27,13112,14090,-978,23021,20884,2137,223,1382,-1159,36356,36356
"6208",2013-05-28,753,54518,-53765,626394,561480,64914,2859,14495,-11636,634588,634588
"6209",2013-05-29,23471,0,23471,151935,190617,-38682,9596,134,9462,193745,193745
"6210",2013-05-30,NA,NA,0,167875,163554,4321,1746,6066,-4320,169620,169620
"6211",2013-05-31,NA,NA,0,59605,66306,-6701,5129,606,4523,66912,66912
"6212",2013-06-03,NA,NA,0,49779,52020,-2241,5105,3013,2092,55033,55033
"6213",2013-06-04,NA,NA,0,35142,40133,-4991,2825,1052,1773,41185,41185
"6214",2013-06-05,30323,6104,24219,45141,75893,-30752,6462,2230,4232,84523,84523
"6215",2013-06-07,16335,0,16335,105417,110621,-5204,1832,16515,-14683,128550,128550
"6216",2013-06-10,57374,0,57374,90160,154573,-64413,6887,1244,5643,155817,155817
"6217",2013-06-11,2041,0,2041,80392,77900,2492,1549,7580,-6031,85547,85547
"6218",2013-06-12,NA,NA,0,42897,44999,-2102,2710,397,2313,45607,45607
"6219",2013-06-13,9561,0,9561,24504,31034,-6530,1552,4582,-3030,35717,35717
"6220",2013-06-14,16589,0,16589,69498,78816,-9318,645,7983,-7338,86799,86799
"6221",2013-06-17,11902,0,11902,22284,33762,-11478,1755,2244,-489,36006,36006
"6222",2013-06-18,0,9746,-9746,32278,25013,7265,2415,1,2414,34759,34759
"6223",2013-06-19,16647,11735,4912,48182,50464,-2282,1207,3838,-2631,66037,66037
"6224",2013-06-20,2420,17755,-15335,92312,80264,12048,1826,869,957,99009,99009
"6225",2013-06-21,9483,0,9483,459849,98672,361177,3392,1554,1838,473839,473839
"6226",2013-06-24,NA,NA,0,60498,56295,4203,2500,7291,-4791,63587,63587
"6227",2013-06-25,2160,6649,-4489,84111,81660,2451,2521,1871,650,90180,90180
"6228",2013-06-26,NA,NA,0,24369,22902,1467,656,1465,-809,25025,25025
"6229",2013-06-27,NA,NA,0,37179,39541,-2362,2295,140,2155,40231,40231
"6230",2013-06-28,NA,NA,0,33336,36270,-2934,3114,723,2391,36993,36993
"6231",2013-07-01,NA,NA,0,25718,24435,1283,771,2054,-1283,26488,26488
"6232",2013-07-02,530,0,530,26978,27056,-78,1637,1563,74,29146,29146
"6233",2013-07-03,NA,NA,0,16977,15594,1383,132,1515,-1383,17109,17109
"6234",2013-07-04,0,1501,-1501,43569,43041,528,3552,528,3024,47331,47331
"6235",2013-07-05,1046,0,1046,37218,37829,-611,1404,1109,295,39667,39667
"6236",2013-07-08,1141,6144,-5003,69373,59494,9879,1271,6660,-5389,72773,72773
"6237",2013-07-09,0,4101,-4101,19332,16244,3088,3865,0,3865,23197,23197
"6238",2013-07-10,0,2591,-2591,18778,16607,2171,662,242,420,19441,19441
"6239",2013-07-11,1520,6209,-4689,29553,27277,2276,2411,100,2311,33586,33586
"6240",2013-07-12,2997,2580,417,22646,21437,1209,434,2117,-1683,26133,26133
"6241",2013-07-15,1023,1670,-647,25221,22652,2569,0,1922,-1922,26244,26244
"6242",2013-07-16,2545,1654,891,18775,21251,-2476,1996,412,1584,23316,23316
"6243",2013-07-17,0,3668,-3668,23225,20304,2921,1080,333,747,24305,24305
"6244",2013-07-18,511,15327,-14816,46917,33046,13871,1822,877,945,49250,49250
"6245",2013-07-19,0,8497,-8497,30537,18022,12515,267,4261,-3994,30805,30805
"6246",2013-07-22,1247,5445,-4198,29001,23954,5047,492,1312,-820,30740,30740
"6247",2013-07-23,496,0,496,16497,17128,-631,540,405,135,17533,17533
"6248",2013-07-24,247,0,247,14878,14233,645,322,1213,-891,15446,15446
"6249",2013-07-25,NA,NA,0,14925,14575,350,5,306,-301,14931,14931
"6250",2013-07-26,NA,NA,0,8220,8562,-342,407,15,392,8626,8626
"6251",2013-07-29,0,7401,-7401,21805,14381,7424,496,519,-23,22301,22301
"6252",2013-07-30,0,11213,-11213,31266,21774,9492,1948,227,1721,33214,33214
"6253",2013-07-31,NA,NA,0,11462,10925,537,140,676,-536,11601,11601
"6254",2013-08-01,4437,5025,-588,11711,11189,522,375,310,65,16523,16523
"6255",2013-08-02,132,0,132,9479,9300,179,71,383,-312,9683,9683
"6256",2013-08-05,0,11250,-11250,60666,49871,10795,2193,1737,456,62859,62859
"6257",2013-08-06,NA,NA,0,58674,57355,1319,1402,2740,-1338,60096,60096
"6258",2013-08-07,NA,NA,0,21374,21183,191,1343,1533,-190,22716,22716
"6259",2013-08-08,121,0,121,25046,26312,-1266,1566,421,1145,26733,26733
"6260",2013-08-09,0,27869,-27869,59409,30884,28525,1314,1971,-657,60724,60724
"6261",2013-08-12,NA,NA,0,24626,24003,623,806,1429,-623,25433,25433
"6262",2013-08-13,NA,NA,0,21973,19784,2189,0,2189,-2189,21973,21973
"6263",2013-08-14,0,1106,-1106,17247,15753,1494,717,1105,-388,17964,17964
"6264",2013-08-16,NA,NA,0,12945,10832,2113,36,2148,-2112,12980,12980
"6265",2013-08-19,0,2751,-2751,16731,13424,3307,59,616,-557,16790,16790
"6266",2013-08-20,NA,NA,0,33907,34142,-235,724,489,235,34631,34631
"6267",2013-08-21,NA,NA,0,38070,36764,1306,335,1641,-1306,38405,38405
"6268",2013-08-22,NA,NA,0,36166,37005,-839,1323,485,838,37489,37489
"6269",2013-08-23,0,16689,-16689,54000,38294,15706,2157,232,1925,56157,56157
"6270",2013-08-26,NA,NA,0,69326,70268,-942,1010,187,823,70631,70631
"6271",2013-08-27,NA,NA,0,45952,43327,2625,174,2798,-2624,46126,46126
"6272",2013-08-28,NA,NA,0,7535,7432,103,564,667,-103,8099,8099
"6273",2013-08-29,0,3017,-3017,16126,13295,2831,531,346,185,16657,16657
"6274",2013-08-30,0,1273,-1273,24365,22261,2104,0,830,-830,24365,24365
"6275",2013-09-02,0,5546,-5546,30963,24826,6137,0,591,-591,30963,30963
"6276",2013-09-03,0,3066,-3066,50181,52599,-2418,1408,578,830,56244,56244
"6277",2013-09-04,0,5788,-5788,28449,22762,5687,206,105,101,28654,28654
"6278",2013-09-05,NA,NA,0,4960,5597,-637,773,136,637,5733,5733
"6279",2013-09-06,559,2037,-1478,24654,21800,2854,198,1574,-1376,25410,25410
"6280",2013-09-09,0,1030,-1030,27857,27554,303,727,0,727,28584,28584
"6281",2013-09-10,0,3366,-3366,14266,10219,4047,38,720,-682,14304,14304
"6282",2013-09-11,0,2649,-2649,18342,15754,2588,62,1,61,18403,18403
"6283",2013-09-12,0,1923,-1923,15760,13904,1856,113,46,67,15873,15873
"6284",2013-09-13,NA,NA,0,17988,16677,1311,684,6,678,18672,18672
"6285",2013-09-16,NA,NA,0,23669,21384,2285,105,158,-53,23774,23774
"6286",2013-09-17,478,6591,-6113,28206,20416,7790,20,494,-474,28705,28705
"6287",2013-09-23,0,6289,-6289,19556,12937,6619,162,493,-331,19718,19718
"6288",2013-09-24,NA,NA,0,9171,10207,-1036,1042,6,1036,10213,10213
"6289",2013-09-25,0,850,-850,15502,14432,1070,149,368,-219,15650,15650
"6290",2013-09-26,0,5680,-5680,16298,10140,6158,307,786,-479,16606,16606
"6291",2013-09-27,0,1319,-1319,13118,12743,375,944,0,944,14062,14062
"6292",2013-09-30,NA,NA,0,13645,11629,2016,0,2016,-2016,13645,13645
"6293",2013-10-01,0,906,-906,24420,24858,-438,1857,513,1344,26277,26277
"6294",2013-10-02,0,57,-57,8686,8949,-263,572,252,320,9258,9258
"6295",2013-10-04,0,1457,-1457,27807,24327,3480,0,2023,-2023,27807,27807
"6296",2013-10-07,0,4130,-4130,17253,12549,4704,0,575,-575,17253,17253
"6297",2013-10-08,0,3559,-3559,17584,13343,4241,101,783,-682,17685,17685
"6298",2013-10-10,0,8417,-8417,83149,74416,8733,959,1899,-940,84732,84732
"6299",2013-10-11,5274,7806,-2532,52643,49474,3169,1134,1772,-638,59052,59052
"6300",2013-10-14,4767,11078,-6311,71351,60962,10389,0,4078,-4078,76118,76118
"6301",2013-10-15,5111,3970,1141,39564,39332,232,0,738,-738,44675,44675
"6302",2013-10-16,491,1970,-1479,65938,61955,3983,1598,4100,-2502,68026,68026
"6303",2013-10-17,0,9201,-9201,25832,15015,10817,606,2222,-1616,26438,26438
"6304",2013-10-18,0,7885,-7885,20654,11215,9439,0,1553,-1553,20654,20654
"6305",2013-10-21,369,6637,-6268,28317,20716,7601,265,1598,-1333,28951,28951
"6306",2013-10-22,1924,2348,-424,13593,13579,14,450,41,409,15968,15968
"6307",2013-10-23,4,9941,-9937,62053,50769,11284,0,1348,-1348,62058,62058
"6308",2013-10-24,1907,10755,-8848,79295,57394,21901,1085,1293,-208,82287,82287
"6309",2013-10-25,NA,NA,0,18478,19154,-676,676,0,676,19154,19154
"6310",2013-10-28,NA,NA,0,21762,21084,678,133,0,133,21895,21895
"6311",2013-10-29,0,6584,-6584,47670,39084,8586,124,2126,-2002,47794,47794
"6312",2013-10-30,NA,NA,0,25344,26853,-1509,2049,540,1509,27393,27393
"6313",2013-10-31,NA,NA,0,19078,17974,1104,157,1260,-1103,19234,19234
"6314",2013-11-01,NA,NA,0,52550,52792,-242,1350,1108,242,53900,53900
"6315",2013-11-04,0,198,-198,23857,24147,-290,717,229,488,24574,24574
"6316",2013-11-05,0,0,0,10844,10555,289,0,289,-289,10844,10844
"6317",2013-11-06,0,6820,-6820,16644,9921,6723,413,316,97,17057,17057
"6318",2013-11-07,0,3,-3,23909,24028,-119,358,236,122,24267,24267
"6319",2013-11-08,NA,NA,0,6719,6645,74,0,74,-74,6719,6719
"6320",2013-11-11,0,2522,-2522,7224,4393,2831,0,309,-309,7224,7224
"6321",2013-11-12,0,164,-164,5898,5797,101,132,70,62,6030,6030
"6322",2013-11-13,0,2652,-2652,27618,25832,1786,510,104,406,28588,28588
"6323",2013-11-14,0,11387,-11387,37658,25871,11787,606,1006,-400,38264,38264
"6324",2013-11-15,NA,NA,0,20652,20809,-157,359,323,36,21132,21132
"6325",2013-11-18,0,6144,-6144,20488,12737,7751,552,2158,-1606,21040,21040
"6326",2013-11-19,NA,NA,0,3626,3522,104,0,104,-104,3626,3626
"6327",2013-11-20,NA,NA,0,12641,12918,-277,797,520,277,13438,13438
"6328",2013-11-21,0,3064,-3064,15510,11576,3934,0,869,-869,15510,15510
"6329",2013-11-22,0,2351,-2351,10664,7763,2901,0,550,-550,10664,10664
"6330",2013-11-25,0,484,-484,5498,5185,313,525,353,172,6022,6022
"6331",2013-11-26,0,1678,-1678,11282,9590,1692,0,15,-15,11282,11282
"6332",2013-11-27,0,4417,-4417,17252,12476,4776,0,359,-359,17252,17252
"6333",2013-11-28,508,3585,-3077,24508,22079,2429,806,158,648,25822,25822
"6334",2013-11-29,NA,NA,0,22278,22155,123,437,561,-124,22716,22716
"6335",2013-12-02,NA,NA,0,2980,2742,238,0,238,-238,2980,2980
"6336",2013-12-03,NA,NA,0,6480,6245,235,0,235,-235,6480,6480
"6337",2013-12-04,0,241,-241,41447,41086,361,1250,1369,-119,42797,42797
"6338",2013-12-05,0,289,-289,31849,31416,433,1070,1214,-144,32919,32919
"6339",2013-12-06,0,73,-73,4880,4370,510,0,437,-437,4880,4880
"6340",2013-12-09,0,125,-125,10144,10242,-98,403,180,223,10547,10547
"6341",2013-12-10,0,530,-530,10743,10281,462,328,260,68,11072,11072
"6342",2013-12-11,NA,NA,0,67670,65510,2160,463,2623,-2160,68134,68134
"6343",2013-12-12,NA,NA,0,54782,54292,490,1122,1611,-489,55904,55904
"6344",2013-12-13,19669,0,19669,23207,43396,-20189,856,336,520,43732,43732
"6345",2013-12-16,NA,NA,0,46002,46912,-910,1751,842,909,47754,47754
"6346",2013-12-17,NA,NA,0,11859,11570,289,88,377,-289,11947,11947
"6347",2013-12-18,NA,NA,0,11009,10486,523,116,639,-523,11125,11125
"6348",2013-12-19,NA,NA,0,12555,11778,777,457,1234,-777,13011,13011
"6349",2013-12-20,NA,NA,0,5505,5916,-411,558,147,411,6063,6063
"6350",2013-12-23,NA,NA,0,11526,11985,-459,229,0,229,11990,11990
"6351",2013-12-24,NA,NA,0,10874,11469,-595,1069,244,825,11943,11943
"6352",2013-12-26,NA,NA,0,3552,3294,258,27,285,-258,3579,3579
"6353",2013-12-27,NA,NA,0,8257,9172,-915,961,46,915,9218,9218
"6354",2013-12-30,NA,NA,0,12927,14113,-1186,1276,90,1186,14203,14203
"6355",2014-01-02,NA,NA,0,14751,13997,754,79,833,-754,14830,14830
"6356",2014-01-03,NA,NA,0,3458,3306,152,132,283,-151,3589,3589
"6357",2014-01-06,NA,NA,0,25636,26101,-465,556,90,466,26191,26191
"6358",2014-01-07,NA,NA,0,13491,14336,-845,854,9,845,14345,14345
"6359",2014-01-08,NA,NA,0,9573,9740,-167,247,80,167,9820,9820
"6360",2014-01-09,NA,NA,0,6211,6313,-102,353,251,102,6564,6564
"6361",2014-01-10,NA,NA,0,15536,16656,-1120,1208,88,1120,16744,16744
"6362",2014-01-13,NA,NA,0,9019,9540,-521,890,368,522,9908,9908
"6363",2014-01-14,NA,NA,0,19955,19673,282,17,299,-282,19972,19972
"6364",2014-01-15,NA,NA,0,21102,20535,567,0,567,-567,21102,21102
"6365",2014-01-16,NA,NA,0,15543,14378,1165,0,1165,-1165,15543,15543
"6366",2014-01-17,NA,NA,0,6993,7249,-256,353,97,256,7346,7346
"6367",2014-01-20,NA,NA,0,2577,2577,0,NA,NA,0,2577,2577
"6368",2014-01-21,NA,NA,0,9803,10362,-559,811,252,559,10614,10614
"6369",2014-01-22,NA,NA,0,16632,16528,104,422,527,-105,17054,17054
"6370",2014-01-23,NA,NA,0,15169,14957,212,0,212,-212,15169,15169
"6371",2014-01-24,NA,NA,0,40286,39809,477,343,820,-477,40629,40629
"6372",2014-01-27,NA,NA,0,75751,75860,-109,1173,1064,109,76924,76924
"6373",2014-01-28,4995,0,4995,18040,23656,-5616,624,3,621,23658,23658
"6374",2014-01-29,1998,0,1998,11765,13937,-2172,184,9,175,13947,13947
"6375",2014-02-03,NA,NA,0,11911,11274,637,396,1034,-638,12307,12307
"6376",2014-02-04,2996,0,2996,6970,11069,-4099,1103,0,1103,11069,11069
"6377",2014-02-05,NA,NA,0,31799,30032,1767,403,1765,-1362,32202,32202
"6378",2014-02-06,NA,NA,0,56368,56564,-196,1408,816,592,57896,57896
"6379",2014-02-07,NA,NA,0,29001,28622,379,733,889,-156,29734,29734
"6380",2014-02-10,NA,NA,0,9627,10136,-509,781,272,509,10408,10408
"6381",2014-02-11,2196,0,2196,9297,11779,-2482,544,258,286,12037,12037
"6382",2014-02-12,4395,0,4395,14866,18873,-4007,355,744,-389,19617,19617
"6383",2014-02-13,4396,0,4396,11269,16330,-5061,1202,537,665,16867,16867
"6384",2014-02-14,4428,0,4428,9274,14512,-5238,888,79,809,14591,14591
"6385",2014-02-17,4387,0,4387,20403,25622,-5219,1358,526,832,26148,26148
"6386",2014-02-18,4430,0,4430,10958,15297,-4339,873,963,-90,16261,16261
"6387",2014-02-19,8743,0,8743,7565,16377,-8812,146,76,70,16453,16453
"6388",2014-02-20,NA,NA,0,16076,16377,-301,301,0,301,16377,16377
"6389",2014-02-21,8684,0,8684,8256,17451,-9195,1054,543,511,17994,17994
"6390",2014-02-24,2201,0,2201,4119,6185,-2066,13,147,-134,6333,6333
"6391",2014-02-25,8896,0,8896,7163,16948,-9785,983,95,888,17043,17043
"6392",2014-02-26,4380,0,4380,6301,10878,-4577,29,0,29,10878,10878
"6393",2014-02-27,4394,0,4394,5337,10086,-4749,573,218,355,10304,10304
"6394",2014-02-28,4373,0,4373,22667,27578,-4911,1523,985,538,28563,28563
"6395",2014-03-03,2164,0,2164,7842,10556,-2714,550,0,550,10556,10556
"6396",2014-03-04,2166,0,2166,23018,26154,-3136,1155,220,935,26373,26373
"6397",2014-03-05,2170,0,2170,18369,20243,-1874,382,744,-362,20987,20987
"6398",2014-03-06,2151,0,2151,18128,20732,-2604,955,505,450,21236,21236
"6399",2014-03-07,2143,0,2143,18444,21079,-2635,633,141,492,21220,21220
"6400",2014-03-10,2143,0,2143,11869,15386,-3517,539,229,310,15615,15615
"6401",2014-03-11,NA,NA,0,10469,12294,-1825,1395,0,1395,12294,12294
"6402",2014-03-12,2130,0,2130,10861,11933,-1072,346,881,-535,13337,13337
"6403",2014-03-13,2154,0,2154,11315,15876,-4561,2386,0,2386,15876,15876
"6404",2014-03-14,2134,0,2134,8070,10235,-2165,482,460,22,10695,10695
"6405",2014-03-17,2096,0,2096,16005,18204,-2199,1192,323,869,20150,20150
"6406",2014-03-18,2093,0,2093,4286,4744,-458,929,722,207,7307,7307
"6407",2014-03-19,2112,0,2112,10154,13762,-3608,2971,154,2817,15360,15360
"6408",2014-03-20,2103,0,2103,3245,4951,-1706,125,523,-398,5474,5474
"6409",2014-03-21,2121,0,2121,3940,6227,-2287,196,30,166,6257,6257
"6410",2014-03-24,2324,0,2324,80847,85490,-4643,5196,1536,3660,88370,88370
"6411",2014-03-25,2313,555,1758,25857,28685,-2828,2409,1109,1300,30580,30580
"6412",2014-03-26,NA,NA,0,45604,45685,-81,2338,2247,91,47941,47941
"6413",2014-03-27,NA,NA,0,14596,16158,-1562,1813,219,1594,16410,16410
"6414",2014-03-28,NA,NA,0,36432,38201,-1769,3159,1245,1914,39693,39693
"6415",2014-03-31,NA,NA,0,17280,18653,-1373,2500,1784,716,20437,20437
"6416",2014-04-01,NA,NA,0,13022,14103,-1081,1197,106,1091,14265,14265
"6417",2014-04-02,NA,NA,0,12857,14578,-1721,1612,355,1257,14933,14933
"6418",2014-04-03,NA,NA,0,5892,5646,246,449,0,449,6341,6341
"6419",2014-04-04,NA,NA,0,8823,10155,-1332,1348,17,1331,10172,10172
"6420",2014-04-07,NA,NA,0,17874,17685,189,786,975,-189,18660,18660
"6421",2014-04-08,NA,NA,0,8955,8626,329,26,356,-330,8981,8981
"6422",2014-04-09,NA,NA,0,9204,7064,2140,0,2139,-2139,9204,9204
"6423",2014-04-10,NA,NA,0,31460,28457,3003,763,3766,-3003,32223,32223
"6424",2014-04-11,NA,NA,0,12153,11486,667,327,994,-667,12480,12480
"6425",2014-04-14,NA,NA,0,16277,14874,1403,720,2563,-1843,17437,17437
"6426",2014-04-15,NA,NA,0,7144,5911,1233,0,1454,-1454,7364,7364
"6427",2014-04-16,NA,NA,0,10568,9321,1247,699,1990,-1291,11311,11311
"6428",2014-04-17,NA,NA,0,14692,12029,2663,284,2947,-2663,14976,14976
"6429",2014-04-18,NA,NA,0,25179,25116,63,1243,1306,-63,26422,26422
"6430",2014-04-21,NA,NA,0,5621,5319,302,0,302,-302,5621,5621
"6431",2014-04-22,NA,NA,0,6556,5897,659,0,659,-659,6556,6556
"6432",2014-04-23,NA,NA,0,23267,22509,758,610,1495,-885,24007,24007
"6433",2014-04-24,NA,NA,0,7182,6331,851,0,851,-851,7182,7182
"6434",2014-04-25,NA,NA,0,5571,5178,393,157,550,-393,5728,5728
"6435",2014-04-28,NA,NA,0,4319,4096,223,0,224,-224,4319,4319
"6436",2014-04-29,NA,NA,0,6230,5497,733,318,1051,-733,6548,6548
"6437",2014-04-30,NA,NA,0,8104,7412,692,0,713,-713,8124,8124
"6438",2014-05-02,NA,NA,0,11875,11787,88,0,87,-87,11875,11875
"6439",2014-05-07,NA,NA,0,1802,1771,31,0,4,-4,1802,1802
"6440",2014-05-08,NA,NA,0,14875,14789,86,0,85,-85,14875,14875
"6441",2014-05-09,NA,NA,0,7548,7013,535,0,39,-39,7548,7548
"6442",2014-05-12,NA,NA,0,6364,5794,570,0,121,-121,6364,6364
"6443",2014-05-13,NA,NA,0,4675,4675,0,NA,NA,0,4675,4675
"6444",2014-05-14,NA,NA,0,7677,7733,-56,56,0,56,7733,7733
"6445",2014-05-15,NA,NA,0,8353,8062,291,66,0,66,8419,8419
"6446",2014-05-16,9213,55713,-46500,184386,135195,49191,1024,1314,-290,194623,194623
"6447",2014-05-19,0,21234,-21234,59127,40091,19036,2729,531,2198,61856,61856
"6448",2014-05-20,0,9632,-9632,69294,60453,8841,1660,870,790,70954,70954
"6449",2014-05-21,0,279,-279,11599,10128,1471,0,1192,-1192,11599,11599
"6450",2014-05-22,0,920,-920,21568,20970,598,604,282,322,22172,22172
"6451",2014-05-23,NA,NA,0,16582,16465,117,0,117,-117,16582,16582
"6452",2014-05-26,NA,NA,0,12212,12109,103,0,104,-104,12212,12212
"6453",2014-05-27,NA,NA,0,23125,22960,165,0,165,-165,23125,23125
"6454",2014-05-28,NA,NA,0,24273,24273,0,NA,NA,0,24273,24273
"6455",2014-05-29,NA,NA,0,16285,16563,-278,278,0,278,16563,16563
"6456",2014-05-30,NA,NA,0,7970,7801,169,0,169,-169,7970,7970
"6457",2014-06-02,NA,NA,0,35535,35243,292,281,573,-292,35816,35816
"6458",2014-06-03,0,14748,-14748,28471,13976,14495,564,311,253,29035,29035
"6459",2014-06-05,NA,NA,0,5730,5703,27,190,218,-28,5920,5920
"6460",2014-06-09,NA,NA,0,9649,9733,-84,316,232,84,9965,9965
"6461",2014-06-10,NA,NA,0,9095,9313,-218,218,0,218,9313,9313
"6462",2014-06-11,NA,NA,0,4414,6968,-2554,2521,0,2521,6969,6969
"6463",2014-06-12,NA,NA,0,6763,6809,-46,90,44,46,6853,6853
"6464",2014-06-13,NA,NA,0,9751,8955,796,0,805,-805,9761,9761
"6465",2014-06-16,NA,NA,0,4933,4697,236,5,241,-236,4938,4938
"6466",2014-06-17,NA,NA,0,9895,9483,412,0,411,-411,9895,9895
"6467",2014-06-18,NA,NA,0,22255,22125,130,450,581,-131,22705,22705
"6468",2014-06-19,174,0,174,14059,11769,2290,13,2501,-2488,14271,14271
"6469",2014-06-20,NA,NA,0,23689,24037,-348,745,1394,-649,25431,25431
"6470",2014-06-23,NA,NA,0,27843,27546,297,364,707,-343,28316,28316
"6471",2014-06-24,NA,NA,0,28633,29218,-585,937,352,585,29570,29570
"6472",2014-06-25,NA,NA,0,8256,8682,-426,609,416,193,9098,9098
"6473",2014-06-26,NA,NA,0,5239,5146,93,91,184,-93,5330,5330
"6474",2014-06-27,631,0,631,12205,13271,-1066,0,114,-114,13385,13385
"6475",2014-06-30,NA,NA,0,14034,14957,-923,1073,150,923,15107,15107
"6476",2014-07-01,NA,NA,0,7082,7356,-274,274,0,274,7356,7356
"6477",2014-07-02,NA,NA,0,5266,5340,-74,74,0,74,5340,5340
"6478",2014-07-03,NA,NA,0,5851,6087,-236,407,171,236,6258,6258
"6479",2014-07-04,NA,NA,0,8478,7400,1078,225,1303,-1078,8703,8703
"6480",2014-07-07,NA,NA,0,9481,9692,-211,672,460,212,10152,10152
"6481",2014-07-08,0,15020,-15020,38445,22884,15561,0,540,-540,38445,38445
"6482",2014-07-09,NA,NA,0,8040,8248,-208,209,1,208,8249,8249
"6483",2014-07-10,0,7506,-7506,13193,5101,8092,125,129,-4,13319,13319
"6484",2014-07-11,0,300,-300,16785,16258,527,5,232,-227,16790,16790
"6485",2014-07-14,0,10784,-10784,38827,28229,10598,665,479,186,39492,39492
"6486",2014-07-15,0,6897,-6897,20903,15143,5760,1623,482,1141,22526,22526
"6487",2014-07-16,NA,NA,0,11414,12738,-1324,759,0,759,12747,12747
"6488",2014-07-17,NA,NA,0,7209,7921,-712,911,198,713,8119,8119
"6489",2014-07-18,NA,NA,0,8777,8651,126,539,665,-126,9316,9316
"6490",2014-07-21,NA,NA,0,5435,5319,116,118,233,-115,5552,5552
"6491",2014-07-22,NA,NA,0,8362,10707,-2345,2347,2,2345,10709,10709
"6492",2014-07-23,0,775,-775,17293,14555,2738,264,558,-294,17557,17557
"6493",2014-07-24,NA,NA,0,15707,16024,-317,15,0,15,16024,16024
"6494",2014-07-25,NA,NA,0,14177,13810,367,202,467,-265,14379,14379
"6495",2014-07-28,NA,NA,0,9709,8810,899,26,925,-899,9735,9735
"6496",2014-07-29,NA,NA,0,7921,8051,-130,663,533,130,8584,8584
"6497",2014-07-30,NA,NA,0,4302,3325,977,0,977,-977,4302,4302
"6498",2014-07-31,NA,NA,0,19019,18167,852,117,969,-852,19136,19136
"6499",2014-08-01,NA,NA,0,3439,3565,-126,145,19,126,3584,3584
"6500",2014-08-04,985,0,985,12314,14083,-1769,1499,716,783,14798,14798
"6501",2014-08-05,1457,0,1457,8558,10127,-1569,301,189,112,10316,10316
"6502",2014-08-06,93,0,93,8630,8855,-225,177,45,132,8900,8900
"6503",2014-08-07,112,0,112,6313,6438,-125,169,156,13,6594,6594
"6504",2014-08-08,NA,NA,0,6122,5240,882,0,882,-882,6122,6122
"6505",2014-08-11,NA,NA,0,11658,11510,148,14,162,-148,11671,11671
"6506",2014-08-12,NA,NA,0,26345,26744,-399,280,360,-80,27104,27104
"6507",2014-08-13,NA,NA,0,89025,88221,804,2313,5360,-3047,93719,93719
"6508",2014-08-14,NA,NA,0,62515,64598,-2083,2759,98,2661,65339,65339
"6509",2014-08-18,NA,NA,0,30649,28493,2156,274,2788,-2514,31590,31590
"6510",2014-08-19,NA,NA,0,22132,22397,-265,133,1725,-1592,24122,24122
"6511",2014-08-20,NA,NA,0,64883,63303,1580,1301,2954,-1653,66388,66388
"6512",2014-08-21,NA,NA,0,27645,28276,-631,1094,463,631,28739,28739
"6513",2014-08-22,NA,NA,0,17748,18015,-267,720,454,266,18468,18468
"6514",2014-08-25,NA,NA,0,12341,14829,-2488,2964,476,2488,15305,15305
"6515",2014-08-26,NA,NA,0,9554,9275,279,300,579,-279,9854,9854
"6516",2014-08-27,NA,NA,0,11259,11492,-233,645,412,233,11905,11905
"6517",2014-08-28,NA,NA,0,17840,19823,-1983,2136,153,1983,19976,19976
"6518",2014-08-29,NA,NA,0,39108,37611,1497,662,1764,-1102,39842,39842
"6519",2014-09-01,NA,NA,0,14175,13788,387,350,737,-387,14525,14525
"6520",2014-09-02,NA,NA,0,18238,15791,2447,501,2949,-2448,18740,18740
"6521",2014-09-03,NA,NA,0,9575,9734,-159,638,479,159,10213,10213
"6522",2014-09-04,NA,NA,0,18149,18654,-505,998,140,858,19147,19147
"6523",2014-09-05,NA,NA,0,24987,25748,-761,1255,494,761,26243,26243
"6524",2014-09-11,NA,NA,0,43984,44829,-845,1254,410,844,45239,45239
"6525",2014-09-12,NA,NA,0,71851,67682,4169,811,4420,-3609,72662,72662
"6526",2014-09-15,NA,NA,0,37613,41407,-3794,4757,956,3801,42370,42370
"6527",2014-09-16,0,3374,-3374,22398,19590,2808,838,271,567,23235,23235
"6528",2014-09-17,NA,NA,0,20801,21402,-601,2248,1647,601,23049,23049
"6529",2014-09-18,NA,NA,0,18850,19399,-549,944,395,549,19794,19794
"6530",2014-09-19,NA,NA,0,15916,15674,242,0,242,-242,15916,15916
"6531",2014-09-22,NA,NA,0,15359,15163,196,923,1119,-196,16282,16282
"6532",2014-09-23,NA,NA,0,17123,15054,2069,356,1319,-963,17478,17478
"6533",2014-09-24,NA,NA,0,17689,18233,-544,1213,743,470,18976,18976
"6534",2014-09-25,NA,NA,0,25855,27982,-2127,2364,237,2127,28219,28219
"6535",2014-09-26,NA,NA,0,13875,14180,-305,571,266,305,14446,14446
"6536",2014-09-29,NA,NA,0,10774,8877,1897,0,1897,-1897,10774,10774
"6537",2014-09-30,NA,NA,0,7449,7119,330,575,905,-330,8024,8024
"6538",2014-10-01,NA,NA,0,14006,13960,46,557,603,-46,14563,14563
"6539",2014-10-02,NA,NA,0,10005,11595,-1590,2434,750,1684,12439,12439
"6540",2014-10-06,NA,NA,0,5983,6200,-217,1055,837,218,7037,7037
"6541",2014-10-07,NA,NA,0,9175,9710,-535,1250,715,535,10425,10425
"6542",2014-10-08,NA,NA,0,2042,2130,-88,99,11,88,2141,2141
"6543",2014-10-10,NA,NA,0,7833,7580,253,180,433,-253,8013,8013
"6544",2014-10-13,NA,NA,0,9093,8693,400,236,498,-262,9329,9329
"6545",2014-10-14,NA,NA,0,3497,3680,-183,183,0,183,3680,3680
"6546",2014-10-15,NA,NA,0,6022,7026,-1004,1038,34,1004,7060,7060
"6547",2014-10-16,NA,NA,0,10321,10822,-501,705,108,597,11026,11026
"6548",2014-10-17,NA,NA,0,2509,2375,134,1,2,-1,2510,2510
"6549",2014-10-20,NA,NA,0,8226,8283,-57,102,45,57,8328,8328
"6550",2014-10-21,NA,NA,0,2446,2281,165,139,305,-166,2750,2750
"6551",2014-10-22,NA,NA,0,4994,5838,-844,982,137,845,5975,5975
"6552",2014-10-23,NA,NA,0,10391,11048,-657,743,86,657,11134,11134
"6553",2014-10-24,NA,NA,0,12988,13022,-34,104,69,35,13091,13091
"6554",2014-10-27,NA,NA,0,5367,4260,1107,0,637,-637,5367,5367
"6555",2014-10-28,NA,NA,0,7736,6387,1349,0,384,-384,7736,7736
"6556",2014-10-29,NA,NA,0,3492,3401,91,0,91,-91,3492,3492
"6557",2014-10-30,NA,NA,0,2357,2373,-16,57,42,15,2414,2414
"6558",2014-10-31,NA,NA,0,11694,11332,362,0,361,-361,11694,11694
"6559",2014-11-03,NA,NA,0,2519,2535,-16,16,0,16,2535,2535
"6560",2014-11-04,NA,NA,0,1812,1789,23,0,23,-23,1812,1812
"6561",2014-11-05,NA,NA,0,3591,3584,7,0,7,-7,3591,3591
"6562",2014-11-06,NA,NA,0,3447,3444,3,0,3,-3,3447,3447
"6563",2014-11-07,NA,NA,0,4327,4325,2,5,6,-1,4331,4331
"6564",2014-11-10,NA,NA,0,5089,4675,414,0,414,-414,5089,5089
"6565",2014-11-11,NA,NA,0,4747,4746,1,7,8,-1,4754,4754
"6566",2014-11-12,NA,NA,0,6414,6809,-395,408,13,395,6822,6822
"6567",2014-11-13,NA,NA,0,2655,2644,11,47,57,-10,2701,2701
"6568",2014-11-14,NA,NA,0,4406,4385,21,2,23,-21,4408,4408
"6569",2014-11-17,NA,NA,0,18393,18339,54,0,54,-54,18393,18393
"6570",2014-11-18,NA,NA,0,9501,9271,230,0,230,-230,9501,9501
"6571",2014-11-19,NA,NA,0,6059,5861,198,49,247,-198,6108,6108
"6572",2014-11-20,NA,NA,0,3501,3410,91,0,91,-91,3501,3501
"6573",2014-11-21,NA,NA,0,4173,4153,20,0,21,-21,4173,4173
"6574",2014-11-24,NA,NA,0,8330,8269,61,0,61,-61,8330,8330
"6575",2014-11-25,NA,NA,0,2914,2903,11,0,11,-11,2914,2914
"6576",2014-11-26,NA,NA,0,7956,7281,675,0,676,-676,7956,7956
"6577",2014-11-27,NA,NA,0,4461,4438,23,30,54,-24,4491,4491
"6578",2014-11-28,NA,NA,0,3876,3806,70,10,80,-70,3887,3887
"6579",2014-12-01,NA,NA,0,2390,2334,56,27,83,-56,2417,2417
"6580",2014-12-02,NA,NA,0,4125,4152,-27,59,31,28,4183,4183
"6581",2014-12-03,NA,NA,0,3282,3269,13,18,32,-14,3301,3301
"6582",2014-12-04,NA,NA,0,1814,1952,-138,138,0,138,1952,1952
"6583",2014-12-05,NA,NA,0,6429,6527,-98,172,74,98,6602,6602
"6584",2014-12-08,NA,NA,0,3065,3104,-39,62,23,39,3127,3127
"6585",2014-12-09,NA,NA,0,2977,2933,44,32,77,-45,3010,3010
"6586",2014-12-10,NA,NA,0,31069,30902,167,159,326,-167,31228,31228
"6587",2014-12-11,NA,NA,0,3558,3563,-5,22,17,5,3580,3580
"6588",2014-12-12,NA,NA,0,1420,1337,83,9,92,-83,1429,1429
"6589",2014-12-15,NA,NA,0,585,584,1,0,0,0,585,585
"6590",2014-12-16,NA,NA,0,811,787,24,0,24,-24,811,811
"6591",2014-12-17,NA,NA,0,3648,3656,-8,28,20,8,3677,3677
"6592",2014-12-18,NA,NA,0,11286,11275,11,60,71,-11,11346,11346
"6593",2014-12-19,NA,NA,0,10727,10764,-37,48,11,37,10775,10775
"6594",2014-12-22,NA,NA,0,3267,3301,-34,45,10,35,3311,3311
"6595",2014-12-23,NA,NA,0,1815,1814,1,0,1,-1,1815,1815
"6596",2014-12-24,NA,NA,0,1224,1254,-30,30,0,30,1254,1254
"6597",2014-12-26,1520,760,760,6638,7527,-889,140,11,129,8297,8297
"6598",2014-12-29,0,1501,-1501,2492,1029,1463,38,0,38,2530,2530
"6599",2014-12-30,1516,531,985,1333,2375,-1042,61,3,58,2909,2909
"6600",2015-01-02,0,1879,-1879,3859,2147,1712,166,0,166,4025,4025
"6601",2015-01-05,901,1232,-331,12108,12051,57,314,40,274,13323,13323
"6602",2015-01-06,6095,10299,-4204,16851,12787,4064,402,263,139,23348,23348
"6603",2015-01-07,3090,23207,-20117,38105,18287,19818,553,256,297,41897,41897
"6604",2015-01-08,3107,4610,-1503,12567,11152,1415,762,52,710,16436,16436
"6605",2015-01-09,3178,3153,25,13309,13144,165,764,0,764,17251,17251
"6606",2015-01-12,6531,1943,4588,13648,18120,-4472,262,51,211,20441,20441
"6607",2015-01-13,1639,2933,-1294,9164,7550,1614,0,320,-320,10803,10803
"6608",2015-01-14,1642,3231,-1589,8732,7733,999,963,373,590,11337,11337
"6609",2015-01-15,1656,1640,16,10891,11081,-190,533,359,174,13079,13079
"6610",2015-01-16,1656,0,1656,9250,10982,-1732,737,661,76,11643,11643
"6611",2015-01-19,1636,1612,24,15962,16383,-421,1283,887,396,18882,18882
"6612",2015-01-20,1605,7905,-6300,13139,7623,5516,1247,463,784,15991,15991
"6613",2015-01-21,1599,4741,-3142,8711,5419,3292,408,558,-150,10718,10718
"6614",2015-01-22,1529,0,1529,9972,11057,-1085,432,876,-444,11933,11933
"6615",2015-01-23,1579,0,1579,7299,9513,-2214,1041,405,636,9918,9918
"6616",2015-01-26,1571,0,1571,8565,9508,-943,272,900,-628,10409,10409
"6617",2015-01-27,1611,0,1611,9720,11376,-1656,482,436,46,11813,11813
"6618",2015-01-28,1599,0,1599,5294,7324,-2030,815,383,432,7708,7708
"6619",2015-01-29,643,0,643,8015,9125,-1110,496,29,467,9154,9154
"6620",2015-01-30,702,0,702,103421,105145,-1724,3638,2616,1022,107761,107761
"6621",2015-02-02,701,0,701,28415,28936,-521,837,1017,-180,29953,29953
"6622",2015-02-03,692,0,692,23182,23230,-48,515,1160,-645,24486,24486
"6623",2015-02-04,NA,NA,0,11991,12158,-167,419,252,167,12410,12410
"6624",2015-02-05,697,0,697,24220,24953,-733,446,410,36,25363,25363
"6625",2015-02-06,705,0,705,16637,17221,-584,807,928,-121,18149,18149
"6626",2015-02-09,460,0,460,102099,102968,-869,2916,2716,200,105785,105785
"6627",2015-02-10,NA,NA,0,35003,32551,2452,1013,3465,-2452,36018,36018
"6628",2015-02-11,NA,NA,0,48719,46996,1723,762,2513,-1751,49509,49509
"6629",2015-02-12,NA,NA,0,53106,51055,2051,281,2148,-1867,53400,53400
"6630",2015-02-13,NA,NA,0,170903,173705,-2802,1996,2600,-604,176503,176503
"6631",2015-02-16,NA,NA,0,51621,52023,-402,1535,1133,402,53272,53272
"6632",2015-02-17,NA,NA,0,28645,29248,-603,949,346,603,29610,29610
"6633",2015-02-23,NA,NA,0,47807,49666,-1859,2361,499,1862,50265,50265
"6634",2015-02-24,NA,NA,0,21152,21912,-760,1866,1077,789,23018,23018
"6635",2015-02-25,NA,NA,0,46977,47001,-24,1279,1246,33,48256,48256
"6636",2015-02-26,NA,NA,0,26088,27956,-1868,1888,20,1868,27976,27976
"6637",2015-02-27,NA,NA,0,15801,17802,-2001,2020,14,2006,17855,17855
"6638",2015-03-02,NA,NA,0,44230,43534,696,1232,1928,-696,45462,45462
"6639",2015-03-03,NA,NA,0,30936,28931,2005,879,2884,-2005,31816,31816
"6640",2015-03-04,NA,NA,0,31093,34559,-3466,2157,328,1829,34887,34887
"6641",2015-03-05,NA,NA,0,15684,16314,-630,792,567,225,16901,16901
"6642",2015-03-06,NA,NA,0,24765,25567,-802,1122,798,324,26366,26366
"6643",2015-03-09,NA,NA,0,30527,31064,-537,1301,764,537,31828,31828
"6644",2015-03-10,NA,NA,0,20380,18998,1382,0,1382,-1382,20380,20380
"6645",2015-03-11,NA,NA,0,16843,17461,-618,1144,1300,-156,18858,18858
"6646",2015-03-12,NA,NA,0,10101,9885,216,310,526,-216,10412,10412
"6647",2015-03-13,NA,NA,0,24908,27792,-2884,3445,561,2884,28353,28353
"6648",2015-03-16,NA,NA,0,12802,11899,903,649,1551,-902,13450,13450
"6649",2015-03-17,NA,NA,0,23033,22706,327,433,898,-465,23604,23604
"6650",2015-03-18,NA,NA,0,50089,53145,-3056,3414,411,3003,53556,53556
"6651",2015-03-19,NA,NA,0,24072,26879,-2807,3865,1191,2674,28070,28070
"6652",2015-03-20,NA,NA,0,20649,22619,-1970,2621,651,1970,23270,23270
"6653",2015-03-23,NA,NA,0,14514,15566,-1052,1272,220,1052,15786,15786
"6654",2015-03-24,NA,NA,0,37744,41692,-3948,2494,1927,567,43817,43817
"6655",2015-03-25,NA,NA,0,29292,29254,38,1628,1981,-353,31235,31235
"6656",2015-03-26,NA,NA,0,12615,9853,2762,261,4,257,12876,12876
"6657",2015-03-27,NA,NA,0,10605,9157,1448,0,1516,-1516,10673,10673
"6658",2015-03-30,NA,NA,0,12910,26048,-13138,1055,1621,-566,27670,27670
"6659",2015-03-31,NA,NA,0,11874,14617,-2743,1009,144,865,14772,14772
"6660",2015-04-01,NA,NA,0,23722,23828,-106,230,962,-732,25171,25171
"6661",2015-04-02,NA,NA,0,24669,23263,1406,846,2496,-1650,25760,25760
"6662",2015-04-03,NA,NA,0,11295,10811,484,185,1012,-827,11823,11823
"6663",2015-04-06,NA,NA,0,22816,22083,733,345,1739,-1394,23822,23822
"6664",2015-04-07,NA,NA,0,14919,26380,-11461,2437,773,1664,27154,27154
"6665",2015-04-08,NA,NA,0,30029,34225,-4196,1411,956,455,35218,35218
"6666",2015-04-09,NA,NA,0,19364,20168,-804,1065,260,805,20428,20428
"6667",2015-04-10,NA,NA,0,38584,40290,-1706,788,526,262,40815,40815
"6668",2015-04-13,NA,NA,0,33386,34673,-1287,1344,161,1183,34834,34834
"6669",2015-04-14,NA,NA,0,36063,25124,10939,2324,319,2005,52741,52741
"6670",2015-04-15,NA,NA,0,54204,35653,18551,3611,1395,2216,58112,58112
"6671",2015-04-16,NA,NA,0,21427,20674,753,527,598,-71,22208,22208
"6672",2015-04-17,NA,NA,0,55227,54391,836,1053,1926,-873,56317,56317
"6673",2015-04-20,NA,NA,0,120471,120387,84,1493,4751,-3258,127010,127010
"6674",2015-04-21,NA,NA,0,58802,56882,1920,831,856,-25,59742,59742
"6675",2015-04-22,NA,NA,0,56850,50604,6246,27,5379,-5352,57174,57174
"6676",2015-04-23,NA,NA,0,39770,39503,267,560,967,-407,40470,40470
"6677",2015-04-24,NA,NA,0,32670,32310,360,1530,1993,-463,34303,34303
"6678",2015-04-27,NA,NA,0,16397,14112,2285,289,2574,-2285,16686,16686
"6679",2015-04-28,NA,NA,0,19060,19489,-429,1160,731,429,20419,20419
"6680",2015-04-29,NA,NA,0,14225,12265,1960,109,2069,-1960,14334,14334
"6681",2015-04-30,NA,NA,0,37518,36946,572,1255,1876,-621,38822,38822
"6682",2015-05-04,NA,NA,0,17445,17304,141,721,886,-165,18190,18190
"6683",2015-05-06,NA,NA,0,5478,4443,1035,0,1034,-1034,5567,5567
"6684",2015-05-07,NA,NA,0,8723,9646,-923,1092,169,923,9815,9815
"6685",2015-05-08,NA,NA,0,11777,9293,2484,3,2488,-2485,11781,11781
"6686",2015-05-11,NA,NA,0,11652,11021,631,32,1484,-1452,12505,12505
"6687",2015-05-12,NA,NA,0,12558,13478,-920,1642,795,847,14391,14391
"6688",2015-05-13,NA,NA,0,13012,12944,68,607,674,-67,13738,13738
"6689",2015-05-14,NA,NA,0,10320,10379,-59,609,647,-38,11026,11026
"6690",2015-05-15,NA,NA,0,16563,15115,1448,335,1120,-785,16898,16898
"6691",2015-05-18,NA,NA,0,88696,83648,5048,350,5692,-5342,89340,89340
"6692",2015-05-19,NA,NA,0,36231,40001,-3770,4494,823,3671,40971,40971
"6693",2015-05-20,NA,NA,0,27657,26776,881,293,1195,-902,27971,27971
"6694",2015-05-21,NA,NA,0,55496,56307,-811,762,11,751,56317,56317
"6695",2015-05-22,NA,NA,0,10572,10668,-96,115,20,95,10688,10688
"6696",2015-05-26,NA,NA,0,29844,28389,1455,0,1455,-1455,29951,29951
"6697",2015-05-27,NA,NA,0,25290,24239,1051,106,1164,-1058,25403,25403
"6698",2015-05-28,NA,NA,0,4465,4821,-356,356,0,356,4821,4821
"6699",2015-05-29,NA,NA,0,8648,8759,-111,111,0,111,8759,8759
"6700",2015-06-01,NA,NA,0,10216,10367,-151,827,727,100,11094,11094
"6701",2015-06-02,NA,NA,0,11359,11671,-312,727,415,312,12086,12086
"6702",2015-06-03,NA,NA,0,7622,8937,-1315,1318,3,1315,8941,8941
"6703",2015-06-04,NA,NA,0,18154,18616,-462,473,112,361,18884,18884
"6704",2015-06-05,NA,NA,0,10455,10638,-183,795,610,185,11368,11368
"6705",2015-06-08,NA,NA,0,12698,11067,1631,0,1631,-1631,12698,12698
"6706",2015-06-09,NA,NA,0,9507,9852,-345,553,208,345,10059,10059
"6707",2015-06-10,NA,NA,0,8340,7740,600,0,601,-601,8340,8340
"6708",2015-06-11,NA,NA,0,7533,7097,436,0,436,-436,7533,7533
"6709",2015-06-12,NA,NA,0,6248,6467,-219,628,304,324,6876,6876
"6710",2015-06-15,NA,NA,0,10172,10089,83,179,260,-81,10351,10351
"6711",2015-06-16,NA,NA,0,3549,5612,-2063,246,193,53,5923,5923
"6712",2015-06-17,NA,NA,0,2975,3217,-242,0,49,-49,3265,3265
"6713",2015-06-18,NA,NA,0,5632,5805,-173,225,51,174,5948,5948
"6714",2015-06-19,NA,NA,0,4032,3995,37,0,53,-53,4048,4048
"6715",2015-06-22,NA,NA,0,2690,2690,0,NA,NA,0,2690,2690
"6716",2015-06-23,NA,NA,0,6300,4647,1653,652,0,652,6953,6953
"6717",2015-06-24,NA,NA,0,12201,13050,-849,1119,270,849,13320,13320
"6718",2015-06-25,NA,NA,0,5763,5803,-40,215,174,41,6023,6023
"6719",2015-06-26,NA,NA,0,7313,8195,-882,0,745,-745,9308,9308
"6720",2015-06-29,NA,NA,0,6165,6421,-256,0,345,-345,6766,6766
"6721",2015-06-30,NA,NA,0,17205,16813,392,357,790,-433,17604,17604
"6722",2015-07-01,NA,NA,0,2600,1936,664,12,674,-662,2611,2611
"6723",2015-07-02,NA,NA,0,21993,22726,-733,1679,337,1342,23791,23791
"6724",2015-07-03,NA,NA,0,36298,33964,2334,1127,1081,46,37425,37425
"6725",2015-07-06,NA,NA,0,13130,14273,-1143,1649,1025,624,15441,15441
"6726",2015-07-07,NA,NA,0,21515,22142,-627,152,104,48,22363,22363
"6727",2015-07-08,NA,NA,0,4278,6866,-2588,2317,77,2240,6989,6989
"6728",2015-07-09,NA,NA,0,26293,26352,-59,250,217,33,28259,28259
"6729",2015-07-10,NA,NA,0,4805,7055,-2250,79,256,-177,7430,7430
"6730",2015-07-13,NA,NA,0,4893,2697,2196,75,152,-77,5280,5280
"6731",2015-07-14,NA,NA,0,12249,12110,139,0,10,-10,12519,12519
"6732",2015-07-15,NA,NA,0,6187,6879,-692,690,0,690,6997,6997
"6733",2015-07-16,NA,NA,0,6868,7730,-862,861,0,861,7730,7730
"6734",2015-07-17,NA,NA,0,34221,34582,-361,1347,1031,316,35814,35814
"6735",2015-07-20,NA,NA,0,16707,16420,287,147,433,-286,16854,16854
"6736",2015-07-21,NA,NA,0,18265,18563,-298,688,408,280,18999,18999
"6737",2015-07-22,NA,NA,0,4138,2898,1240,401,196,205,4539,4539
"6738",2015-07-23,NA,NA,0,7456,7274,182,0,182,-182,7456,7456
"6739",2015-07-24,NA,NA,0,5347,5758,-411,54,23,31,5954,5954
"6740",2015-07-27,NA,NA,0,5919,5491,428,0,428,-428,5919,5919
"6741",2015-07-28,NA,NA,0,7303,6530,773,0,828,-828,7598,7598
"6742",2015-07-29,NA,NA,0,3556,2833,723,0,214,-214,3640,3640
"6743",2015-07-30,NA,NA,0,4243,4385,-142,0,25,-25,4410,4410
"6744",2015-07-31,NA,NA,0,2562,2107,455,0,424,-424,2689,2689
"6745",2015-08-03,NA,NA,0,1193,1218,-25,0,47,-47,1336,1336
"6746",2015-08-04,NA,NA,0,5406,4902,504,379,883,-504,5785,5785
"6747",2015-08-05,NA,NA,0,7940,8420,-480,717,38,679,8740,8740
"6748",2015-08-06,NA,NA,0,8047,7975,72,424,0,424,8556,8556
"6749",2015-08-07,NA,NA,0,3098,3667,-569,14,187,-173,3978,3978
"6750",2015-08-10,NA,NA,0,6847,7837,-990,179,157,22,7998,7998
"6751",2015-08-11,NA,NA,0,3720,4288,-568,0,8,-8,4547,4547
"6752",2015-08-12,NA,NA,0,11950,12337,-387,0,274,-274,12611,12611
"6753",2015-08-13,NA,NA,0,9854,9574,280,468,748,-280,10321,10321
"6754",2015-08-17,NA,NA,0,932378,931279,1099,3467,3394,73,937252,937252
"6755",2015-08-18,NA,NA,0,137646,137779,-133,1339,1057,282,139057,139057
"6756",2015-08-19,NA,NA,0,48490,48423,67,373,1046,-673,49497,49497
"6757",2015-08-20,NA,NA,0,47749,50620,-2871,870,160,710,50832,50832
"6758",2015-08-21,NA,NA,0,27810,28394,-584,963,787,176,29181,29181
"6759",2015-08-24,NA,NA,0,18882,18770,112,69,181,-112,18951,18951
"6760",2015-08-25,NA,NA,0,17793,18464,-671,193,66,127,18530,18530
"6761",2015-08-26,NA,NA,0,8620,8419,201,0,201,-201,8620,8620
"6762",2015-08-27,NA,NA,0,30200,29497,703,173,875,-702,30372,30372
"6763",2015-08-28,NA,NA,0,11869,12584,-715,895,181,714,12765,12765
"6764",2015-08-31,NA,NA,0,83394,84331,-937,3242,2328,914,86909,86909
"6765",2015-09-01,NA,NA,0,61244,63546,-2302,3966,1664,2302,65221,65221
"6766",2015-09-02,NA,NA,0,263351,266022,-2671,6362,3656,2706,269777,269777
"6767",2015-09-03,NA,NA,0,102971,104055,-1084,3214,2445,769,106545,106545
"6768",2015-09-04,NA,NA,0,52952,55601,-2649,4124,1474,2650,57432,57432
"6769",2015-09-07,NA,NA,0,26182,27509,-1327,2244,919,1325,28760,28760
"6770",2015-09-08,NA,NA,0,18297,14843,3454,19,3474,-3455,18322,18322
"6771",2015-09-09,NA,NA,0,21355,22490,-1135,2237,1102,1135,23592,23592
"6772",2015-09-10,NA,NA,0,6092,7323,-1231,1688,457,1231,7860,7860
"6773",2015-09-11,NA,NA,0,13806,16157,-2351,2452,100,2352,16338,16338
"6774",2015-09-14,NA,NA,0,11547,11019,528,223,1090,-867,12109,12109
"6775",2015-09-15,NA,NA,0,5253,4514,739,0,739,-739,5278,5278
"6776",2015-09-16,NA,NA,0,16252,16301,-49,904,856,48,17174,17174
"6777",2015-09-17,NA,NA,0,10378,8775,1603,7,1610,-1603,10384,10384
"6778",2015-09-18,NA,NA,0,28262,29047,-785,953,2488,-1535,31613,31613
"6779",2015-09-21,NA,NA,0,23427,26432,-3005,3008,2,3006,26435,26435
"6780",2015-09-22,NA,NA,0,37292,45230,-7938,2033,2136,-103,47446,47446
"6781",2015-09-23,NA,NA,0,23885,23616,269,202,1182,-980,24802,24802
"6782",2015-09-24,NA,NA,0,32289,33937,-1648,1914,266,1648,34203,34203
"6783",2015-09-25,NA,NA,0,11157,11492,-335,970,635,335,12127,12127
"6784",2015-09-30,NA,NA,0,8015,10665,-2650,756,510,246,11175,11175
"6785",2015-10-01,NA,NA,0,9126,8100,1026,5,1032,-1027,9132,9132
"6786",2015-10-02,NA,NA,0,11766,12923,-1157,735,635,100,13625,13625
"6787",2015-10-05,NA,NA,0,13143,13526,-383,865,483,382,14086,14086
"6788",2015-10-06,NA,NA,0,10815,11210,-395,820,424,396,11634,11634
"6789",2015-10-07,NA,NA,0,12830,12723,107,902,1044,-142,14157,14157
"6790",2015-10-08,NA,NA,0,7923,8703,-780,894,113,781,8894,8894
"6791",2015-10-12,NA,NA,0,6382,6172,210,237,447,-210,6619,6619
"6792",2015-10-13,NA,NA,0,4222,3767,455,0,456,-456,4242,4242
"6793",2015-10-14,NA,NA,0,9980,10572,-592,641,49,592,10621,10621
"6794",2015-10-15,NA,NA,0,4886,5183,-297,421,125,296,5307,5307
"6795",2015-10-16,NA,NA,0,2829,3610,-781,782,2,780,3612,3612
"6796",2015-10-19,NA,NA,0,11938,11964,-26,681,655,26,12619,12619
"6797",2015-10-20,NA,NA,0,5784,5889,-105,675,235,440,6458,6458
"6798",2015-10-21,NA,NA,0,5824,6098,-274,471,27,444,6295,6295
"6799",2015-10-22,NA,NA,0,1374,1288,86,202,288,-86,1576,1576
"6800",2015-10-23,NA,NA,0,47109,46119,990,1280,1936,-656,48389,48389
"6801",2015-10-26,NA,NA,0,24369,24996,-627,1146,498,648,25516,25516
"6802",2015-10-27,NA,NA,0,15193,14270,923,330,1253,-923,15523,15523
"6803",2015-10-28,NA,NA,0,9193,9007,186,201,387,-186,9395,9395
"6804",2015-10-29,NA,NA,0,7413,7124,289,501,615,-114,7914,7914
"6805",2015-10-30,NA,NA,0,7097,5851,1246,156,1429,-1273,7280,7280
"6806",2015-11-02,NA,NA,0,12609,12584,25,1146,1170,-24,13754,13754
"6807",2015-11-03,NA,NA,0,5983,5357,626,1,627,-626,5984,5984
"6808",2015-11-04,NA,NA,0,3426,2726,700,218,918,-700,3644,3644
"6809",2015-11-05,NA,NA,0,3986,3401,585,0,585,-585,3986,3986
"6810",2015-11-06,NA,NA,0,4817,4282,535,4,539,-535,4821,4821
"6811",2015-11-09,NA,NA,0,7069,7004,65,731,796,-65,7800,7800
"6812",2015-11-10,NA,NA,0,6215,5064,1151,0,1151,-1151,6215,6215
"6813",2015-11-11,NA,NA,0,3645,2820,825,169,995,-826,3815,3815
"6814",2015-11-12,NA,NA,0,8762,9369,-607,673,66,607,9436,9436
"6815",2015-11-13,NA,NA,0,3824,3739,85,22,139,-117,3877,3877
"6816",2015-11-16,NA,NA,0,8540,7541,999,178,866,-688,8718,8718
"6817",2015-11-17,NA,NA,0,2950,2574,376,49,425,-376,2999,2999
"6818",2015-11-18,NA,NA,0,2349,2136,213,31,244,-213,2380,2380
"6819",2015-11-19,NA,NA,0,3442,3134,308,0,308,-308,3442,3442
"6820",2015-11-20,NA,NA,0,1579,1391,188,0,188,-188,1579,1579
"6821",2015-11-23,NA,NA,0,5207,5000,207,264,156,108,5472,5472
"6822",2015-11-24,NA,NA,0,5371,5364,7,76,82,-6,5447,5447
"6823",2015-11-25,NA,NA,0,2544,2336,208,53,267,-214,2603,2603
"6824",2015-11-26,NA,NA,0,2735,2585,150,254,83,171,2989,2989
"6825",2015-11-27,NA,NA,0,4436,4580,-144,189,45,144,4625,4625
"6826",2015-11-30,NA,NA,0,5756,5177,579,71,650,-579,5827,5827
"6827",2015-12-01,NA,NA,0,4569,4190,379,17,396,-379,4586,4586
"6828",2015-12-02,NA,NA,0,4434,4175,259,147,407,-260,4582,4582
"6829",2015-12-03,NA,NA,0,5234,5678,-444,610,166,444,5844,5844
"6830",2015-12-04,NA,NA,0,4776,4840,-64,73,10,63,4849,4849
"6831",2015-12-07,NA,NA,0,2352,2464,-112,182,70,112,2534,2534
"6832",2015-12-08,NA,NA,0,4178,4471,-293,368,75,293,4546,4546
"6833",2015-12-09,NA,NA,0,3110,2960,150,2,152,-150,3112,3112
"6834",2015-12-10,NA,NA,0,81824,81160,664,513,1177,-664,82337,82337
"6835",2015-12-11,NA,NA,0,95344,96313,-969,1715,747,968,97059,97059
"6836",2015-12-14,NA,NA,0,18630,19842,-1212,1070,704,366,20839,20839
"6837",2015-12-15,NA,NA,0,27464,28139,-675,1191,516,675,28655,28655
"6838",2015-12-16,NA,NA,0,7683,8200,-517,796,279,517,8479,8479
"6839",2015-12-17,NA,NA,0,5926,5295,631,316,179,137,6242,6242
"6840",2015-12-18,NA,NA,0,11271,11482,-211,618,371,247,11889,11889
"6841",2015-12-21,NA,NA,0,10817,11106,-289,615,326,289,11432,11432
"6842",2015-12-22,NA,NA,0,12254,12274,-20,690,968,-278,13242,13242
"6843",2015-12-23,NA,NA,0,3265,2789,476,17,795,-778,3584,3584
"6844",2015-12-24,NA,NA,0,51663,51569,94,979,1872,-893,53734,53734
"6845",2015-12-28,NA,NA,0,9404,8324,1080,48,1127,-1079,9452,9452
"6846",2015-12-29,NA,NA,0,9209,7640,1569,0,1569,-1569,9209,9209
"6847",2015-12-30,NA,NA,0,6118,6182,-64,69,5,64,6188,6188
"6848",2016-01-04,NA,NA,0,13145,13584,-439,781,452,329,14037,14037
"6849",2016-01-05,155,0,155,18396,18775,-379,746,522,224,19297,19297
"6850",2016-01-06,NA,NA,0,82955,81922,1033,1364,1512,-148,84401,84401
"6851",2016-01-07,NA,NA,0,79047,78282,765,807,1468,-661,79869,79869
"6852",2016-01-08,NA,NA,0,17693,17344,349,861,1200,-339,18554,18554
"6853",2016-01-11,NA,NA,0,25176,23445,1731,1032,620,412,26209,26209
"6854",2016-01-12,NA,NA,0,18670,18417,253,616,869,-253,19286,19286
"6855",2016-01-13,NA,NA,0,35480,35784,-304,1597,1292,305,37076,37076
"6856",2016-01-14,5,0,5,23856,22622,1234,394,1634,-1240,24256,24256
"6857",2016-01-15,NA,NA,0,30030,29886,144,899,1043,-144,30929,30929
"6858",2016-01-18,6,0,6,6638,6424,214,877,1097,-220,7521,7521
"6859",2016-01-19,NA,NA,0,16396,16898,-502,1326,824,502,17722,17722
"6860",2016-01-20,NA,NA,0,33009,33801,-792,1147,566,581,34367,34367
"6861",2016-01-21,NA,NA,0,16177,15506,671,300,971,-671,16477,16477
"6862",2016-01-22,NA,NA,0,4122,3749,373,623,996,-373,4745,4745
"6863",2016-01-25,NA,NA,0,4720,3923,797,141,938,-797,4861,4861
"6864",2016-01-26,NA,NA,0,2711,2543,168,251,419,-168,2962,2962
"6865",2016-01-27,NA,NA,0,7238,6528,710,11,753,-742,7282,7282
"6866",2016-01-28,NA,NA,0,7007,7492,-485,598,113,485,7605,7605
"6867",2016-01-29,NA,NA,0,2840,3022,-182,300,343,-43,3366,3366
"6868",2016-02-01,NA,NA,0,4307,4742,-435,532,97,435,4839,4839
"6869",2016-02-02,NA,NA,0,7341,7172,169,550,719,-169,7891,7891
"6870",2016-02-03,NA,NA,0,3818,3995,-177,193,265,-72,4260,4260
"6871",2016-02-04,NA,NA,0,2589,2671,-82,81,0,81,2671,2671
"6872",2016-02-05,NA,NA,0,5420,5483,-63,79,16,63,5499,5499
"6873",2016-02-11,NA,NA,0,10617,10194,423,611,1034,-423,11228,11228
"6874",2016-02-12,NA,NA,0,24609,24458,151,197,259,-62,24806,24806
"6875",2016-02-15,NA,NA,0,16455,16269,186,168,354,-186,16623,16623
"6876",2016-02-16,NA,NA,0,11399,11383,16,91,107,-16,11490,11490
"6877",2016-02-17,NA,NA,0,11672,11448,224,490,839,-349,12287,12287
"6878",2016-02-18,NA,NA,0,7304,7792,-488,730,242,488,8034,8034
"6879",2016-02-19,NA,NA,0,5751,5596,155,8,163,-155,5759,5759
"6880",2016-02-22,NA,NA,0,5366,5276,90,0,291,-291,5567,5567
"6881",2016-02-23,NA,NA,0,1527,1639,-112,136,24,112,1663,1663
"6882",2016-02-24,NA,NA,0,2275,2507,-232,308,76,232,2584,2584
"6883",2016-02-25,NA,NA,0,1754,1753,1,6,7,-1,1760,1760
"6884",2016-02-26,NA,NA,0,4550,4585,-35,147,112,35,4696,4696
"6885",2016-02-29,NA,NA,0,3901,4545,-644,658,13,645,4558,4558
"6886",2016-03-02,NA,NA,0,7769,7707,62,826,887,-61,8594,8594
"6887",2016-03-03,NA,NA,0,5815,6168,-353,373,20,353,6188,6188
"6888",2016-03-04,NA,NA,0,3609,3939,-330,374,43,331,3982,3982
"6889",2016-03-07,NA,NA,0,4131,4484,-353,444,91,353,4575,4575
"6890",2016-03-08,NA,NA,0,5420,5530,-110,402,292,110,5822,5822
"6891",2016-03-09,NA,NA,0,5994,6414,-420,420,0,420,6414,6414
"6892",2016-03-10,NA,NA,0,11120,10916,204,75,279,-204,11195,11195
"6893",2016-03-11,NA,NA,0,2046,2014,32,13,45,-32,2059,2059
"6894",2016-03-14,NA,NA,0,5296,5190,106,0,106,-106,5296,5296
"6895",2016-03-15,NA,NA,0,11934,12277,-343,455,112,343,12389,12389
"6896",2016-03-16,NA,NA,0,7875,7960,-85,118,33,85,7993,7993
"6897",2016-03-17,NA,NA,0,4080,4181,-101,127,26,101,4207,4207
"6898",2016-03-18,NA,NA,0,9967,10080,-113,193,80,113,10160,10160
"6899",2016-03-21,NA,NA,0,13096,13688,-592,1339,747,592,14435,14435
"6900",2016-03-22,NA,NA,0,7334,7242,92,786,878,-92,8120,8120
"6901",2016-03-23,NA,NA,0,5162,5706,-544,185,43,142,5749,5749
"6902",2016-03-24,NA,NA,0,7878,7949,-71,99,28,71,7977,7977
"6903",2016-03-25,NA,NA,0,7766,7991,-225,255,30,225,8021,8021
"6904",2016-03-28,NA,NA,0,1829,1812,17,0,18,-18,1829,1829
"6905",2016-03-29,NA,NA,0,4492,4568,-76,177,101,76,4669,4669
"6906",2016-03-30,NA,NA,0,8430,8762,-332,426,94,332,8855,8855
"6907",2016-03-31,NA,NA,0,5833,6017,-184,217,33,184,6050,6050
"6908",2016-04-01,0,156,-156,15460,15377,83,1513,1440,73,16973,16973
"6909",2016-04-04,NA,NA,0,46860,48168,-1308,2013,705,1308,48873,48873
"6910",2016-04-05,NA,NA,0,37865,37248,617,911,1528,-617,38776,38776
"6911",2016-04-06,NA,NA,0,8633,8291,342,272,196,76,8905,8905
"6912",2016-04-07,NA,NA,0,8123,8378,-255,651,396,255,8774,8774
"6913",2016-04-08,NA,NA,0,9919,9905,14,190,205,-15,10109,10109
"6914",2016-04-11,NA,NA,0,5800,5550,250,162,413,-251,5963,5963
"6915",2016-04-12,NA,NA,0,2136,1787,349,0,349,-349,2136,2136
"6916",2016-04-14,NA,NA,0,5213,5195,18,411,429,-18,5624,5624
"6917",2016-04-15,NA,NA,0,15120,15032,88,375,464,-89,15496,15496
"6918",2016-04-18,NA,NA,0,13017,12624,393,49,441,-392,13066,13066
"6919",2016-04-19,NA,NA,0,23888,23624,264,114,378,-264,24002,24002
"6920",2016-04-20,NA,NA,0,13617,12916,701,0,700,-700,13617,13617
"6921",2016-04-21,NA,NA,0,11482,11476,6,177,183,-6,11659,11659
"6922",2016-04-22,NA,NA,0,3558,2478,1080,42,1122,-1080,3600,3600
"6923",2016-04-25,NA,NA,0,17425,17062,363,146,510,-364,17572,17572
"6924",2016-04-26,NA,NA,0,9083,8372,711,65,777,-712,9149,9149
"6925",2016-04-27,NA,NA,0,4363,3800,563,0,562,-562,4363,4363
"6926",2016-04-28,NA,NA,0,1155,801,354,0,354,-354,1155,1155
"6927",2016-04-29,NA,NA,0,2689,2574,115,130,245,-115,2819,2819
"6928",2016-05-02,NA,NA,0,6699,6386,313,291,604,-313,6990,6990
"6929",2016-05-03,NA,NA,0,1652,2008,-356,406,50,356,2058,2058
"6930",2016-05-04,NA,NA,0,4912,4975,-63,0,42,-42,5017,5017
"6931",2016-05-09,NA,NA,0,4070,3833,237,29,266,-237,4099,4099
"6932",2016-05-10,NA,NA,0,3791,3695,96,0,96,-96,3791,3791
"6933",2016-05-11,NA,NA,0,2318,1934,384,14,398,-384,2332,2332
"6934",2016-05-12,NA,NA,0,2997,2906,91,0,92,-92,2998,2998
"6935",2016-05-13,NA,NA,0,2661,2517,144,25,169,-144,2686,2686
"6936",2016-05-16,NA,NA,0,33778,34061,-283,845,562,283,34623,34623
"6937",2016-05-17,NA,NA,0,11383,11539,-156,367,211,156,11750,11750
"6938",2016-05-18,NA,NA,0,4623,4587,36,70,107,-37,4694,4694
"6939",2016-05-19,NA,NA,0,1564,1642,-78,97,19,78,1661,1661
"6940",2016-05-20,NA,NA,0,1712,1353,359,62,318,-256,1774,1774
"6941",2016-05-23,NA,NA,0,3261,2992,269,339,607,-268,3600,3600
"6942",2016-05-24,NA,NA,0,620,620,0,NA,NA,0,620,620
"6943",2016-05-25,NA,NA,0,3984,3730,254,104,358,-254,4088,4088
"6944",2016-05-26,NA,NA,0,3387,3426,-39,43,4,39,3430,3430
"6945",2016-05-27,NA,NA,0,8771,8872,-101,158,57,101,8929,8929
"6946",2016-05-30,NA,NA,0,37580,37183,397,412,809,-397,37993,37993
"6947",2016-05-31,NA,NA,0,19376,20398,-1022,1022,0,1022,20398,20398
"6948",2016-06-01,NA,NA,0,3072,3297,-225,236,11,225,3308,3308
"6949",2016-06-02,NA,NA,0,6512,6612,-100,353,253,100,6865,6865
"6950",2016-06-03,NA,NA,0,3743,3873,-130,274,144,130,4017,4017
"6951",2016-06-07,NA,NA,0,11421,11527,-106,386,280,106,11807,11807
"6952",2016-06-08,NA,NA,0,4187,3527,660,6,666,-660,4193,4193
"6953",2016-06-09,NA,NA,0,6046,6201,-155,300,144,156,6346,6346
"6954",2016-06-10,NA,NA,0,5057,5139,-82,450,368,82,5507,5507
"6955",2016-06-13,NA,NA,0,5886,5828,58,2,61,-59,5888,5888
"6956",2016-06-14,NA,NA,0,2315,2470,-155,159,4,155,2474,2474
"6957",2016-06-15,NA,NA,0,3576,3776,-200,336,136,200,3912,3912
"6958",2016-06-16,NA,NA,0,8875,8957,-82,123,41,82,8998,8998
"6959",2016-06-17,NA,NA,0,3305,3182,123,327,450,-123,3632,3632
"6960",2016-06-20,NA,NA,0,3635,3593,42,206,247,-41,3840,3840
"6961",2016-06-21,NA,NA,0,3028,2834,194,0,193,-193,3028,3028
"6962",2016-06-22,NA,NA,0,3315,2876,439,43,481,-438,3358,3358
"6963",2016-06-23,NA,NA,0,10459,10721,-262,543,281,262,11002,11002
"6964",2016-06-24,NA,NA,0,7135,7514,-379,1038,659,379,8173,8173
"6965",2016-06-27,NA,NA,0,6363,6081,282,479,761,-282,6843,6843
"6966",2016-06-28,NA,NA,0,395,206,189,0,189,-189,395,395
"6967",2016-06-29,NA,NA,0,4009,3794,215,6,221,-215,4015,4015
"6968",2016-06-30,NA,NA,0,2603,2438,165,55,220,-165,2658,2658
"6969",2016-07-01,NA,NA,0,1640,1609,31,0,31,-31,1640,1640
"6970",2016-07-04,NA,NA,0,4780,4736,44,75,80,-5,4855,4855
"6971",2016-07-05,NA,NA,0,1266,1266,0,NA,NA,0,1266,1266
"6972",2016-07-06,NA,NA,0,1157,1171,-14,84,70,14,1241,1241
"6973",2016-07-07,NA,NA,0,3077,3148,-71,119,47,72,3195,3195
"6974",2016-07-08,NA,NA,0,1962,1806,156,19,174,-155,1981,1981
"6975",2016-07-11,NA,NA,0,1192,1833,-641,641,0,641,1833,1833
"6976",2016-07-12,NA,NA,0,2644,2898,-254,258,3,255,2902,2902
"6977",2016-07-13,NA,NA,0,19494,19776,-282,597,315,282,20091,20091
"6978",2016-07-14,NA,NA,0,180634,179765,869,473,1752,-1279,181988,181988
"6979",2016-07-15,NA,NA,0,81954,80395,1559,676,861,-185,82630,82630
"6980",2016-07-18,NA,NA,0,38521,38619,-98,518,420,98,39039,39039
"6981",2016-07-19,NA,NA,0,22888,22910,-22,203,182,21,23092,23092
"6982",2016-07-20,NA,NA,0,35532,36025,-493,682,189,493,36214,36214
"6983",2016-07-21,NA,NA,0,45796,46656,-860,878,17,861,46674,46674
"6984",2016-07-22,NA,NA,0,34764,34803,-39,247,208,39,35012,35012
"6985",2016-07-25,NA,NA,0,23544,23575,-31,438,569,-131,24144,24144
"6986",2016-07-26,NA,NA,0,30503,30803,-300,315,16,299,30819,30819
"6987",2016-07-27,NA,NA,0,17226,19616,-2390,2612,222,2390,19838,19838
"6988",2016-07-28,NA,NA,0,9169,10446,-1277,1349,72,1277,10518,10518
"6989",2016-07-29,NA,NA,0,12141,14061,-1920,1921,0,1921,14061,14061
"6990",2016-08-01,NA,NA,0,107144,109442,-2298,4088,1844,2244,111286,111286
"6991",2016-08-02,NA,NA,0,74732,74195,537,1236,1773,-537,75968,75968
"6992",2016-08-03,NA,NA,0,42653,41523,1130,1901,3088,-1187,44611,44611
"6993",2016-08-04,NA,NA,0,91657,93668,-2011,3782,1771,2011,95439,95439
"6994",2016-08-05,NA,NA,0,256311,257527,-1216,5805,4217,1588,262120,262120
"6995",2016-08-08,NA,NA,0,248190,251030,-2840,3218,7823,-4605,259169,259169
"6996",2016-08-09,NA,NA,0,1543420,1525079,18341,8035,16552,-8517,1553118,1553118
"6997",2016-08-10,NA,NA,0,172385,174300,-1915,5191,3387,1804,177952,177952
"6998",2016-08-11,NA,NA,0,113177,111501,1676,4739,3118,1621,117915,117915
"6999",2016-08-12,NA,NA,0,52394,54522,-2128,4232,1995,2237,56627,56627
"7000",2016-08-16,NA,NA,0,99641,97003,2638,1466,4104,-2638,101157,101157
"7001",2016-08-17,NA,NA,0,71415,71867,-452,2257,1830,427,75160,75160
"7002",2016-08-18,NA,NA,0,62052,67852,-5800,7161,1179,5982,69213,69213
"7003",2016-08-19,NA,NA,0,37510,32852,4658,329,4987,-4658,37839,37839
"7004",2016-08-22,NA,NA,0,46640,44138,2502,830,2963,-2133,47629,47629
"7005",2016-08-23,NA,NA,0,33406,37468,-4062,5260,1198,4062,38666,38666
"7006",2016-08-24,NA,NA,0,38537,40680,-2143,2613,470,2143,41150,41150
"7007",2016-08-25,NA,NA,0,32175,26841,5334,3994,1772,2222,36169,36169
"7008",2016-08-26,NA,NA,0,22132,16531,5601,826,1204,-378,22958,22958
"7009",2016-08-29,NA,NA,0,32475,30517,1958,1006,4667,-3661,35185,35185
"7010",2016-08-30,NA,NA,0,8886,10490,-1604,2120,515,1605,11005,11005
"7011",2016-08-31,NA,NA,0,28583,27853,730,803,2390,-1587,30243,30243
"7012",2016-09-01,NA,NA,0,9333,11675,-2342,2085,590,1495,12264,12264
"7013",2016-09-02,NA,NA,0,14657,17107,-2450,2651,202,2449,17309,17309
"7014",2016-09-05,NA,NA,0,156007,156571,-564,9989,9448,541,167888,167888
"7015",2016-09-06,NA,NA,0,37138,35389,1749,1951,3700,-1749,39089,39089
"7016",2016-09-07,NA,NA,0,28617,27359,1258,378,1503,-1125,28995,28995
"7017",2016-09-08,NA,NA,0,60043,57233,2810,428,3238,-2810,60471,60471
"7018",2016-09-09,NA,NA,0,18071,18570,-499,713,214,499,18784,18784
"7019",2016-09-12,NA,NA,0,48413,47546,867,1383,2348,-965,49894,49894
"7020",2016-09-13,NA,NA,0,17127,18820,-1693,1956,264,1692,19083,19083
"7021",2016-09-19,NA,NA,0,29866,29911,-45,1326,1281,45,31192,31192
"7022",2016-09-20,NA,NA,0,25996,27850,-1854,2070,216,1854,28066,28066
"7023",2016-09-21,NA,NA,0,60432,64686,-4254,5158,903,4255,65590,65590
"7024",2016-09-22,NA,NA,0,78891,86426,-7535,9185,2051,7134,88477,88477
"7025",2016-09-23,333,0,333,53539,46342,7197,1149,8326,-7177,55021,55021
"7026",2016-09-26,NA,NA,0,36548,39568,-3020,3743,723,3020,40291,40291
"7027",2016-09-27,NA,NA,0,12014,13643,-1629,1868,239,1629,13882,13882
"7028",2016-09-28,NA,NA,0,18594,19738,-1144,2258,1189,1069,20928,20928
"7029",2016-09-29,NA,NA,0,13636,15257,-1621,2582,987,1595,16243,16243
"7030",2016-09-30,217,0,217,27222,26391,831,1167,2215,-1048,28605,28605
"7031",2016-10-04,NA,NA,0,18140,21482,-3342,3836,494,3342,21976,21976
"7032",2016-10-05,0,217,-217,11022,11210,-188,432,28,404,11454,11454
"7033",2016-10-06,0,336,-336,14676,17298,-2622,2177,219,1958,17853,17853
"7034",2016-10-07,NA,NA,0,11225,12561,-1336,1587,151,1436,12812,12812
"7035",2016-10-10,NA,NA,0,11921,13283,-1362,589,236,353,13519,13519
"7036",2016-10-11,NA,NA,0,17031,15460,1571,737,1208,-471,17768,17768
"7037",2016-10-12,0,607,-607,34040,31064,2976,1395,3765,-2370,35435,35435
"7038",2016-10-13,NA,NA,0,149979,149238,741,2674,3426,-752,153052,153052
"7039",2016-10-14,NA,NA,0,28270,30184,-1914,2665,751,1914,30935,30935
"7040",2016-10-17,NA,NA,0,159868,154877,4991,5567,10558,-4991,165435,165435
"7041",2016-10-18,NA,NA,0,26720,26857,-137,556,418,138,27276,27276
"7042",2016-10-19,NA,NA,0,22999,19851,3148,309,3457,-3148,23308,23308
"7043",2016-10-20,NA,NA,0,18742,19211,-469,1008,539,469,19750,19750
"7044",2016-10-21,NA,NA,0,19886,19312,574,145,720,-575,20031,20031
"7045",2016-10-24,NA,NA,0,23391,19449,3942,682,4624,-3942,24073,24073
"7046",2016-10-25,0,0,0,25753,24608,1145,877,2023,-1146,26631,26631
"7047",2016-10-26,NA,NA,0,44908,45771,-863,3242,2439,803,48210,48210
"7048",2016-10-27,NA,NA,0,16037,19627,-3590,4132,542,3590,20169,20169
"7049",2016-10-28,307,0,307,17288,18688,-1400,2293,1339,954,20028,20028
"7050",2016-10-31,NA,NA,0,11556,11116,440,1146,1585,-439,12701,12701
"7051",2016-11-01,0,0,0,15740,16726,-986,2794,1809,985,18535,18535
"7052",2016-11-02,0,298,-298,12199,7786,4413,610,4725,-4115,12809,12809
"7053",2016-11-03,NA,NA,0,6097,8670,-2573,2835,262,2573,8932,8932
"7054",2016-11-04,NA,NA,0,7294,8006,-712,2220,1508,712,9514,9514
"7055",2016-11-07,NA,NA,0,4195,4036,159,382,541,-159,4577,4577
"7056",2016-11-08,NA,NA,0,4730,4314,416,521,937,-416,5251,5251
"7057",2016-11-09,NA,NA,0,15404,16381,-977,3510,2532,978,18914,18914
"7058",2016-11-10,NA,NA,0,9600,10686,-1086,3026,1940,1086,12625,12625
"7059",2016-11-11,NA,NA,0,4341,5098,-757,1606,850,756,5947,5947
"7060",2016-11-14,593,5185,-4592,69427,68640,787,5588,1725,3863,75608,75608
"7061",2016-11-15,106,335,-229,63430,61683,1747,1309,2827,-1518,64845,64845
"7062",2016-11-16,1730,11712,-9982,110865,104389,6476,12180,8673,3507,124774,124774
"7063",2016-11-17,341,3046,-2705,30427,28200,2227,2330,1823,507,33214,33214
"7064",2016-11-18,218,0,218,27229,23496,3733,308,4456,-4148,27952,27952
"7065",2016-11-21,371,0,371,25010,25596,-586,959,742,217,26340,26340
"7066",2016-11-22,213,2022,-1809,9961,8955,1006,1011,207,804,11184,11184
"7067",2016-11-23,312,10612,-10300,46397,34255,12142,862,2704,-1842,47571,47571
"7068",2016-11-24,715,0,715,29194,31698,-2504,2534,174,2360,32443,32443
"7069",2016-11-25,NA,NA,0,12063,14074,-2011,2695,0,2695,14758,14758
"7070",2016-11-28,51,2319,-2268,16168,11416,4752,565,2248,-1683,16785,16785
"7071",2016-11-29,1676,37346,-35670,80320,49641,30679,6744,1753,4991,88740,88740
"7072",2016-11-30,1564,0,1564,23835,26022,-2187,2038,1662,376,27684,27684
"7073",2016-12-01,515,0,515,14127,14948,-821,463,288,175,15236,15236
"7074",2016-12-02,0,10,-10,18167,19448,-1281,1442,151,1291,19609,19609
"7075",2016-12-05,398,206,192,39654,40632,-978,1023,238,785,41076,41076
"7076",2016-12-06,NA,NA,0,30817,35306,-4489,4164,38,4126,35569,35569
"7077",2016-12-07,2180,0,2180,26227,33623,-7396,4155,5,4150,33628,33628
"7078",2016-12-08,0,376,-376,9801,14484,-4683,3836,0,3836,14860,14860
"7079",2016-12-09,1423,102,1321,36385,43790,-7405,4871,1080,3791,44971,44971
"7080",2016-12-12,0,531,-531,30091,34557,-4466,3585,763,2822,35851,35851
"7081",2016-12-13,0,386,-386,20700,20882,-182,1040,314,726,22632,22632
"7082",2016-12-14,214,1114,-900,23220,21430,1790,200,1304,-1104,23848,23848
"7083",2016-12-15,0,541,-541,25267,24688,579,1253,430,823,26521,26521
"7084",2016-12-16,NA,NA,0,21125,19413,1712,0,1615,-1615,21125,21125
"7085",2016-12-19,214,621,-407,21638,21089,549,1071,944,127,22923,22923
"7086",2016-12-20,1813,1782,31,30803,30243,560,65,467,-402,33684,33684
"7087",2016-12-21,1103,2750,-1647,25989,22221,3768,35,1788,-1753,27383,27383
"7088",2016-12-22,514,0,514,22145,23577,-1432,1280,362,918,23939,23939
"7089",2016-12-23,861,215,646,8230,9395,-1165,588,69,519,9680,9680
"7090",2016-12-26,0,1852,-1852,11776,9399,2377,251,777,-526,12027,12027
"7091",2016-12-27,320,85,235,7703,8115,-412,251,181,70,8382,8382
"7092",2016-12-28,0,355,-355,10045,10443,-398,757,5,752,10802,10802
"7093",2016-12-29,NA,NA,0,13033,12047,986,0,536,-536,13033,13033
"7094",2017-01-02,0,657,-657,12623,11384,1239,10,593,-583,12633,12633
"7095",2017-01-03,0,3000,-3000,221319,223956,-2637,7952,3669,4283,230975,230975
"7096",2017-01-04,0,115,-115,80275,75663,4612,3927,7844,-3917,84563,84563
"7097",2017-01-05,0,342,-342,41032,40968,64,1584,1329,255,42639,42639
"7098",2017-01-06,0,118,-118,60711,59679,1032,688,1252,-564,61399,61399
"7099",2017-01-09,0,83,-83,43442,37289,6153,280,6350,-6070,43722,43722
"7100",2017-01-10,115,0,115,38133,40617,-2484,1472,130,1342,41091,41091
"7101",2017-01-11,0,154,-154,195644,190452,5192,2391,8226,-5835,198975,198975
"7102",2017-01-12,2795,0,2795,47403,48939,-1536,423,2430,-2007,51794,51794
"7103",2017-01-13,0,1784,-1784,312738,300715,12023,3304,14103,-10799,318481,318481
"7104",2017-01-16,3445,2498,947,81579,73405,8174,1008,11173,-10165,87076,87076
"7105",2017-01-17,5016,0,5016,26981,30729,-3748,925,2195,-1270,32924,32924
"7106",2017-01-18,918,117,801,25346,23559,1787,535,3128,-2593,26803,26803
"7107",2017-01-19,2935,9119,-6184,32755,24120,8635,201,2654,-2453,35893,35893
"7108",2017-01-20,3418,5988,-2570,46344,42132,4212,478,2119,-1641,50239,50239
"7109",2017-01-23,136,3569,-3433,27803,25367,2436,1541,544,997,29479,29479
"7110",2017-01-24,199,8786,-8587,28842,22327,6515,4129,2058,2071,33171,33171
"7111",2017-01-25,274,1018,-744,14217,13729,488,1245,989,256,15737,15737
"7112",2017-01-26,219,2778,-2559,75470,77537,-2067,6024,1397,4627,81713,81713
"7113",2017-01-31,NA,NA,0,13355,15563,-2208,2464,256,2208,15819,15819
"7114",2017-02-01,NA,NA,0,32833,35866,-3033,3529,497,3032,36362,36362
"7115",2017-02-02,NA,NA,0,39008,37394,1614,1181,2795,-1614,40189,40189
"7116",2017-02-03,NA,NA,0,22850,20944,1906,1411,3372,-1961,24316,24316
"7117",2017-02-06,NA,NA,0,14546,14434,112,637,1158,-521,15592,15592
"7118",2017-02-07,NA,NA,0,348115,336467,11648,1867,16137,-14270,353288,353288
"7119",2017-02-08,NA,NA,0,43838,45261,-1423,2194,771,1423,46032,46032
"7120",2017-02-09,NA,NA,0,300022,299570,452,6788,7222,-434,308258,308258
"7121",2017-02-10,NA,NA,0,178223,164530,13693,884,10184,-9300,179107,179107
"7122",2017-02-13,NA,NA,0,133990,125128,8862,2823,10841,-8018,136813,136813
"7123",2017-02-14,NA,NA,0,92811,92878,-67,2096,1545,551,94907,94907
"7124",2017-02-15,NA,NA,0,32985,32932,53,2494,1141,1353,35479,35479
"7125",2017-02-16,NA,NA,0,503117,495862,7255,8196,15552,-7356,511415,511415
"7126",2017-02-17,NA,NA,0,133321,137342,-4021,6057,2077,3980,139469,139469
"7127",2017-02-20,NA,NA,0,45018,44576,442,1357,1700,-343,46374,46374
"7128",2017-02-21,NA,NA,0,54145,52835,1310,183,1458,-1275,54390,54390
"7129",2017-02-22,NA,NA,0,29742,27822,1920,0,1680,-1680,29742,29742
"7130",2017-02-23,NA,NA,0,21252,20983,269,0,253,-253,21252,21252
"7131",2017-02-24,0,1682,-1682,56027,49469,6558,90,4966,-4876,56117,56117
"7132",2017-02-27,NA,NA,0,66715,63886,2829,99,1610,-1511,67023,67023
"7133",2017-02-28,NA,NA,0,98303,96138,2165,2144,2596,-452,100470,100470
"7134",2017-03-02,31,55,-24,19290,18323,967,328,123,205,19672,19672
"7135",2017-03-03,NA,NA,0,34826,34544,282,638,1080,-442,35667,35667
"7136",2017-03-06,NA,NA,0,20514,22255,-1741,2868,140,2728,23721,23721
"7137",2017-03-07,0,125,-125,16068,16964,-896,1383,362,1021,17451,17451
"7138",2017-03-08,NA,NA,0,16090,16394,-304,403,552,-149,16947,16947
"7139",2017-03-09,NA,NA,0,19927,18759,1168,9,1177,-1168,19936,19936
"7140",2017-03-10,NA,NA,0,24856,24403,453,1275,1729,-454,26132,26132
"7141",2017-03-13,NA,NA,0,18645,22182,-3537,3537,0,3537,22182,22182
"7142",2017-03-14,NA,NA,0,15173,15199,-26,250,243,7,15442,15442
"7143",2017-03-15,NA,NA,0,19007,19942,-935,1701,313,1388,20708,20708
"7144",2017-03-16,NA,NA,0,30563,36126,-5563,6236,7,6229,37284,37284
"7145",2017-03-17,NA,NA,0,13984,10941,3043,30,1242,-1212,14014,14014
"7146",2017-03-20,NA,NA,0,59462,62836,-3374,3569,196,3373,63167,63167
"7147",2017-03-21,NA,NA,0,25582,22962,2620,733,3442,-2709,26493,26493
"7148",2017-03-22,NA,NA,0,25099,26880,-1781,1885,105,1780,26984,26984
"7149",2017-03-23,NA,NA,0,14417,15626,-1209,1212,3,1209,15629,15629
"7150",2017-03-24,NA,NA,0,13804,14160,-356,709,354,355,14514,14514
"7151",2017-03-27,NA,NA,0,15810,12724,3086,0,3121,-3121,15845,15845
"7152",2017-03-28,NA,NA,0,36529,38483,-1954,1906,569,1337,39052,39052
"7153",2017-03-29,NA,NA,0,33273,33580,-307,136,271,-135,33851,33851
"7154",2017-03-30,NA,NA,0,14358,13790,568,2,251,-249,14360,14360
"7155",2017-03-31,NA,NA,0,12217,11165,1052,52,1020,-968,12269,12269
"7156",2017-04-03,NA,NA,0,15733,16664,-931,931,0,931,16664,16664
"7157",2017-04-04,0,285,-285,26264,22403,3861,1275,4851,-3576,27539,27539
"7158",2017-04-05,NA,NA,0,7764,8290,-526,1042,701,341,8991,8991
"7159",2017-04-06,NA,NA,0,11237,11510,-273,741,468,273,11977,11977
"7160",2017-04-07,2015,0,2015,11214,13331,-2117,457,355,102,13686,13686
"7161",2017-04-10,0,0,0,16439,13713,2726,18,2745,-2727,16458,16458
"7162",2017-04-11,NA,NA,0,6365,5668,697,1234,1930,-696,7599,7599
"7163",2017-04-12,NA,NA,0,3584,3195,389,742,1131,-389,4326,4326
"7164",2017-04-13,NA,NA,0,6897,7871,-974,1042,68,974,7940,7940
"7165",2017-04-14,NA,NA,0,5605,4972,633,209,842,-633,5814,5814
"7166",2017-04-17,NA,NA,0,11387,11223,164,421,585,-164,11808,11808
"7167",2017-04-18,NA,NA,0,6985,7832,-847,1071,223,848,8055,8055
"7168",2017-04-19,NA,NA,0,14400,15304,-904,904,0,904,15304,15304
"7169",2017-04-20,NA,NA,0,10799,10314,485,0,484,-484,10799,10799
"7170",2017-04-21,NA,NA,0,6340,6769,-429,567,139,428,6907,6907
"7171",2017-04-24,NA,NA,0,5631,5180,451,0,451,-451,5631,5631
"7172",2017-04-25,NA,NA,0,9327,9995,-668,671,3,668,9998,9998
"7173",2017-04-26,NA,NA,0,5874,6010,-136,295,159,136,6169,6169
"7174",2017-04-27,NA,NA,0,17468,19102,-1634,2290,656,1634,19758,19758
"7175",2017-04-28,0,0,0,14529,14384,145,815,960,-145,15344,15344
"7176",2017-05-02,NA,NA,0,12232,13579,-1347,1811,465,1346,14044,14044
"7177",2017-05-04,NA,NA,0,21623,22927,-1304,2740,1676,1064,24604,24604
"7178",2017-05-08,NA,NA,0,7311,7353,-42,267,225,42,7578,7578
"7179",2017-05-10,NA,NA,0,6897,8208,-1311,1326,15,1311,8222,8222
"7180",2017-05-11,NA,NA,0,4609,4607,2,203,206,-3,4813,4813
"7181",2017-05-12,NA,NA,0,9387,8481,906,389,1294,-905,9775,9775
"7182",2017-05-15,NA,NA,0,41421,42018,-597,2525,2127,398,44145,44145
"7183",2017-05-16,NA,NA,0,26178,24442,1736,742,2478,-1736,26968,26968
"7184",2017-05-17,NA,NA,0,10646,11139,-493,755,262,493,11402,11402
"7185",2017-05-18,NA,NA,0,20486,20804,-318,2177,1860,317,22663,22663
"7186",2017-05-19,NA,NA,0,63530,67250,-3720,4198,519,3679,67769,67769
"7187",2017-05-22,NA,NA,0,14525,14730,-205,1101,896,205,15626,15626
"7188",2017-05-23,NA,NA,0,14210,13671,539,1094,1632,-538,15304,15304
"7189",2017-05-24,NA,NA,0,4859,4328,531,48,579,-531,4907,4907
"7190",2017-05-25,NA,NA,0,15833,17269,-1436,1682,256,1426,17526,17526
"7191",2017-05-26,NA,NA,0,11504,11625,-121,1002,881,121,12506,12506
"7192",2017-05-29,NA,NA,0,8269,7406,863,252,1114,-862,8520,8520
"7193",2017-05-30,NA,NA,0,11569,13241,-1672,1894,222,1672,13463,13463
"7194",2017-05-31,NA,NA,0,7146,7751,-605,608,2,606,7754,7754
"7195",2017-06-01,NA,NA,0,8887,8689,198,180,378,-198,9067,9067
"7196",2017-06-02,NA,NA,0,12424,12796,-372,598,226,372,13022,13022
"7197",2017-06-05,NA,NA,0,11201,11954,-753,987,234,753,12188,12188
"7198",2017-06-07,NA,NA,0,9126,9193,-67,135,72,63,9265,9265
"7199",2017-06-08,NA,NA,0,7444,7441,3,394,397,-3,7838,7838
"7200",2017-06-09,NA,NA,0,779380,786251,-6871,18003,12736,5267,799418,799418
"7201",2017-06-12,NA,NA,0,158502,154046,4456,6540,10837,-4297,165087,165087
"7202",2017-06-13,NA,NA,0,149475,154767,-5292,10261,5837,4424,160654,160654
"7203",2017-06-14,NA,NA,0,72823,74128,-1305,3095,1581,1514,75950,75950
"7204",2017-06-15,NA,NA,0,38536,40979,-2443,2838,180,2658,41477,41477
"7205",2017-06-16,NA,NA,0,33913,33283,630,2252,3273,-1021,36557,36557
"7206",2017-06-19,NA,NA,0,35356,37820,-2464,2754,214,2540,38115,38115
"7207",2017-06-20,NA,NA,0,38609,38662,-53,2309,2247,62,40918,40918
"7208",2017-06-21,NA,NA,0,63724,62217,1507,4110,5617,-1507,67835,67835
"7209",2017-06-22,NA,NA,0,55564,61629,-6065,6640,500,6140,62204,62204
"7210",2017-06-23,NA,NA,0,114492,132412,-17920,24654,6825,17829,139259,139259
"7211",2017-06-26,NA,NA,0,286655,261766,24889,6039,32274,-26235,294391,294391
"7212",2017-06-27,302,0,302,51668,56507,-4839,5323,750,4573,57293,57293
"7213",2017-06-28,NA,NA,0,25622,22096,3526,690,4216,-3526,26312,26312
"7214",2017-06-29,72,0,72,22560,23242,-682,3072,2463,609,25705,25705
"7215",2017-06-30,NA,NA,0,7322,9240,-1918,1931,12,1919,9252,9252
"7216",2017-07-03,NA,NA,0,223152,207850,15302,2974,18276,-15302,226178,226178
"7217",2017-07-04,NA,NA,0,36009,36410,-401,1111,724,387,37133,37133
"7218",2017-07-05,NA,NA,0,613765,610507,3258,9902,13228,-3326,624240,624240
"7219",2017-07-06,0,1550,-1550,42642,40037,2605,1363,2418,-1055,44005,44005
"7220",2017-07-07,NA,NA,0,42534,43161,-627,1693,1065,628,44227,44227
"7221",2017-07-10,NA,NA,0,19725,21618,-1893,2820,969,1851,22587,22587
"7222",2017-07-11,NA,NA,0,20700,20174,526,608,831,-223,21308,21308
"7223",2017-07-12,NA,NA,0,21465,19846,1619,1074,2693,-1619,22539,22539
"7224",2017-07-13,0,879,-879,58620,51367,7253,4707,11061,-6354,63327,63327
"7225",2017-07-14,NA,NA,0,32651,28214,4437,6265,10697,-4432,38916,38916
"7226",2017-07-17,0,244,-244,18086,19294,-1208,2960,1508,1452,21047,21047
"7227",2017-07-18,0,240,-240,25106,27602,-2496,5265,2529,2736,30372,30372
"7228",2017-07-19,0,136,-136,3235640,3247582,-11942,38607,33393,5214,3334767,3334767
"7229",2017-07-20,NA,NA,0,537067,533357,3710,28317,32253,-3936,565671,565671
"7230",2017-07-21,NA,NA,0,307661,297681,9980,5260,15400,-10140,313094,313094
"7231",2017-07-24,NA,NA,0,238657,232117,6540,6409,12949,-6540,245066,245066
"7232",2017-07-25,NA,NA,0,181634,181925,-291,2795,2006,789,184429,184429
"7233",2017-07-26,0,122,-122,126397,127961,-1564,4869,3184,1685,131266,131266
"7234",2017-07-27,NA,NA,0,114715,109592,5123,2516,7487,-4971,117241,117241
"7235",2017-07-28,NA,NA,0,65765,66978,-1213,1528,315,1213,67293,67293
"7236",2017-07-31,NA,NA,0,246758,244929,1829,3179,5023,-1844,250205,250205
"7237",2017-08-01,0,42,-42,37252,40278,-3026,4095,1028,3067,41347,41347
"7238",2017-08-02,NA,NA,0,37723,36041,1682,34,1750,-1716,37791,37791
"7239",2017-08-03,NA,NA,0,51335,54119,-2784,3428,668,2760,54795,54795
"7240",2017-08-04,NA,NA,0,18722,20970,-2248,4059,1814,2245,22784,22784
"7241",2017-08-07,NA,NA,0,23844,25367,-1523,2959,1441,1518,26808,26808
"7242",2017-08-08,0,468,-468,22106,23675,-1569,4675,2719,1956,26862,26862
"7243",2017-08-09,0,919,-919,45686,43476,2210,338,2126,-1788,46520,46520
"7244",2017-08-10,NA,NA,0,37640,42764,-5124,6999,1875,5124,44639,44639
"7245",2017-08-11,NA,NA,0,29073,31200,-2127,3736,1460,2276,32808,32808
"7246",2017-08-14,748,0,748,17341,17632,-291,589,1046,-457,18678,18678
"7247",2017-08-16,0,1722,-1722,23120,25268,-2148,5253,1382,3871,28373,28373
"7248",2017-08-17,48,22322,-22274,296406,289796,6610,31978,16283,15695,328480,328480
"7249",2017-08-18,0,22688,-22688,97285,75956,21329,8006,6966,1040,105612,105612
"7250",2017-08-21,0,2176,-2176,127330,118744,8586,16194,22603,-6409,143523,143523
"7251",2017-08-22,0,72,-72,60235,67295,-7060,8894,1569,7325,69130,69130
"7252",2017-08-23,0,8691,-8691,66290,67818,-1528,10958,632,10326,77258,77258
"7253",2017-08-24,0,2451,-2451,112020,111945,75,10649,9291,1358,123691,123691
"7254",2017-08-25,0,1519,-1519,79305,74299,5006,6571,10057,-3486,85925,85925
"7255",2017-08-28,NA,NA,0,58418,63610,-5192,8551,3305,5246,66969,66969
"7256",2017-08-29,NA,NA,0,72314,64111,8203,1815,10008,-8193,74129,74129
"7257",2017-08-30,0,331,-331,21185,25286,-4101,7234,2802,4432,28420,28420
"7258",2017-08-31,63,0,63,43721,42108,1613,1999,3690,-1691,45824,45824
"7259",2017-09-01,50,18402,-18352,114553,104063,10490,18287,10532,7755,133013,133013
"7260",2017-09-04,45,0,45,75103,71112,3991,3477,7481,-4004,78625,78625
"7261",2017-09-05,28,7950,-7922,57276,45407,11869,731,4648,-3917,58035,58035
"7262",2017-09-06,25,1269,-1244,44286,46516,-2230,4791,1249,3542,49101,49101
"7263",2017-09-07,22,0,22,43084,48023,-4939,11771,6854,4917,55086,55086
"7264",2017-09-08,22,16432,-16410,304085,282732,21353,18769,26316,-7547,325604,325604
"7265",2017-09-11,16,0,16,32959,37201,-4242,5067,840,4227,38043,38043
"7266",2017-09-12,13,0,13,369787,361645,8142,9599,25331,-15732,387405,387405
"7267",2017-09-13,13,0,13,129543,122196,7347,6283,14934,-8651,137391,137391
"7268",2017-09-14,6,0,6,100275,103783,-3508,8088,4585,3503,108368,108368
"7269",2017-09-15,138,279,-141,115078,94468,20610,2012,19534,-17522,117228,117228
"7270",2017-09-18,4,132,-128,32868,35871,-3003,4549,1416,3133,37421,37421
"7271",2017-09-19,4,0,4,43900,43317,583,827,3332,-2505,46650,46650
"7272",2017-09-20,3,0,3,66758,67286,-528,3512,2564,948,70273,70273
"7273",2017-09-21,2,0,2,93939,91264,2675,7740,5044,2696,101681,101681
"7274",2017-09-22,2,0,2,51136,62282,-11146,15054,3907,11147,66192,66192
"7275",2017-09-25,8,0,8,31251,33540,-2289,6366,5829,537,39370,39370
"7276",2017-09-26,NA,NA,0,19352,21203,-1851,4612,2762,1850,23964,23964
"7277",2017-09-27,NA,NA,0,19214,21018,-1804,2307,611,1696,21631,21631
"7278",2017-09-28,0,0,0,70397,55761,14636,2875,15985,-13110,73503,73503
"7279",2017-09-29,15,2636,-2621,14472,19318,-4846,7657,188,7469,22144,22144
"7280",2017-10-10,0,1191,-1191,18639,12442,6197,155,4982,-4827,18794,18794
"7281",2017-10-11,NA,NA,0,8668,11033,-2365,2727,361,2366,11395,11395
"7282",2017-10-12,0,941,-941,8990,8813,177,1054,290,764,10044,10044
"7283",2017-10-13,NA,NA,0,16969,14251,2718,10,2728,-2718,16979,16979
"7284",2017-10-16,NA,NA,0,12162,11089,1073,466,1538,-1072,12627,12627
"7285",2017-10-17,NA,NA,0,15815,17628,-1813,2284,573,1711,18201,18201
"7286",2017-10-18,NA,NA,0,17170,16852,318,925,1242,-317,18094,18094
"7287",2017-10-19,NA,NA,0,17351,16987,364,1127,1490,-363,18479,18479
"7288",2017-10-20,NA,NA,0,22443,23735,-1292,2532,1240,1292,24975,24975
"7289",2017-10-23,NA,NA,0,18351,20894,-2543,3249,646,2603,21600,21600
"7290",2017-10-24,NA,NA,0,15588,15835,-247,1146,855,291,16734,16734
"7291",2017-10-25,NA,NA,0,22628,29502,-6874,7078,200,6878,29706,29706
"7292",2017-10-26,NA,NA,0,11821,10997,824,370,1194,-824,12191,12191
"7293",2017-10-27,NA,NA,0,22731,25071,-2340,2974,604,2370,25705,25705
"7294",2017-10-30,NA,NA,0,60662,60744,-82,2809,2706,103,63471,63471
"7295",2017-10-31,NA,NA,0,10225,10759,-534,1120,586,534,11345,11345
"7296",2017-11-01,NA,NA,0,15940,15457,483,644,1127,-483,16584,16584
"7297",2017-11-02,NA,NA,0,18080,17649,431,1042,1473,-431,19121,19121
"7298",2017-11-03,NA,NA,0,18930,21776,-2846,2923,76,2847,21853,21853
"7299",2017-11-06,NA,NA,0,14991,18322,-3331,3793,461,3332,18784,18784
"7300",2017-11-07,NA,NA,0,28604,34121,-5517,6020,503,5517,34624,34624
"7301",2017-11-08,NA,NA,0,17651,15522,2129,277,2404,-2127,17928,17928
"7302",2017-11-09,NA,NA,0,11427,12065,-638,1078,459,619,12524,12524
"7303",2017-11-10,NA,NA,0,9335,11605,-2270,2293,22,2271,11633,11633
"7304",2017-11-13,NA,NA,0,127923,122528,5395,4935,10327,-5392,132858,132858
"7305",2017-11-14,NA,NA,0,41389,40924,465,1468,1932,-464,42857,42857
"7306",2017-11-15,0,1,-1,177200,175063,2137,5736,7848,-2112,182936,182936
"7307",2017-11-16,0,0,0,51852,51922,-70,547,473,74,52450,52450
"7308",2017-11-17,NA,NA,0,16023,20131,-4108,4136,6,4130,20159,20159
"7309",2017-11-20,NA,NA,0,11197,12250,-1053,1197,143,1054,12398,12398
"7310",2017-11-21,NA,NA,0,25289,26718,-1429,1984,555,1429,27273,27273
"7311",2017-11-22,NA,NA,0,16595,18121,-1526,3365,1840,1525,19961,19961
"7312",2017-11-23,NA,NA,0,12704,17051,-4347,4847,500,4347,17551,17551
"7313",2017-11-24,NA,NA,0,14161,18339,-4178,4332,152,4180,18493,18493
"7314",2017-11-27,0,0,0,15861,17729,-1868,1902,32,1870,17763,17763
"7315",2017-11-28,3,0,3,76886,59225,17661,6164,23826,-17662,83054,83054
"7316",2017-11-29,2,0,2,28170,27855,315,1505,1823,-318,29678,29678
"7317",2017-11-30,3,0,3,16499,16756,-257,872,618,254,17374,17374
"7318",2017-12-01,2,0,2,7748,8739,-991,1291,302,989,9041,9041
"7319",2017-12-04,2,0,2,8997,9151,-154,669,516,153,9668,9668
"7320",2017-12-05,1,0,1,13149,16449,-3300,4378,1079,3299,17528,17528
"7321",2017-12-06,1,0,1,16537,17135,-598,1099,502,597,17637,17637
"7322",2017-12-07,1,14,-13,60365,58704,1661,2701,4363,-1662,63168,63168
"7323",2017-12-08,1,0,1,39939,37592,2347,1513,3872,-2359,41463,41463
"7324",2017-12-11,0,0,0,16366,17846,-1480,2300,820,1480,18666,18666
"7325",2017-12-12,0,0,0,365246,363799,1447,11555,14011,-2456,379176,379176
"7326",2017-12-13,0,0,0,61503,61527,-24,4037,3728,309,65540,65540
"7327",2017-12-14,0,0,0,54316,52733,1583,3861,5443,-1582,58177,58177
"7328",2017-12-15,0,0,0,23997,21941,2056,1321,2717,-1396,25319,25319
"7329",2017-12-18,0,0,0,19900,19716,184,1256,1458,-202,21174,21174
"7330",2017-12-19,0,0,0,52097,43882,8215,1108,9324,-8216,53205,53205
"7331",2017-12-20,NA,NA,0,20173,16639,3534,242,3777,-3535,20416,20416
"7332",2017-12-21,NA,NA,0,36821,23907,12914,1294,4518,-3224,38115,38115
"7333",2017-12-22,NA,NA,0,17357,18526,-1169,1864,654,1210,19221,19221
"7334",2017-12-26,NA,NA,0,10848,10051,797,199,1193,-994,11244,11244
"7335",2017-12-27,NA,NA,0,8092,7439,653,143,798,-655,8241,8241
"7336",2017-12-28,NA,NA,0,9441,10672,-1231,1529,298,1231,10970,10970
"7337",2018-01-02,NA,NA,0,12641,13918,-1277,1758,480,1278,14399,14399
"7338",2018-01-03,NA,NA,0,9610,12331,-2721,2894,173,2721,12504,12504
"7339",2018-01-04,NA,NA,0,20073,24067,-3994,4132,137,3995,24205,24205
"7340",2018-01-05,NA,NA,0,48044,44701,3343,2773,6081,-3308,50817,50817
"7341",2018-01-08,NA,NA,0,20362,19938,424,1059,1357,-298,21420,21420
"7342",2018-01-09,NA,NA,0,15587,15435,152,980,1261,-281,16696,16696
"7343",2018-01-10,NA,NA,0,25307,22274,3033,1621,4662,-3041,26936,26936
"7344",2018-01-11,0,0,0,73652,73634,18,5487,5478,9,79140,79140
"7345",2018-01-12,NA,NA,0,257391,252579,4812,10354,14978,-4624,267745,267745
"7346",2018-01-15,0,0,0,55797,46761,9036,2984,12002,-9018,58782,58782
"7347",2018-01-16,0,0,0,44916,39168,5748,867,6689,-5822,45858,45858
"7348",2018-01-17,0,0,0,43470,41378,2092,2867,4957,-2090,46337,46337
"7349",2018-01-18,0,0,0,22954,24762,-1808,4306,2559,1747,27321,27321
"7350",2018-01-19,0,0,0,19335,20641,-1306,3519,2209,1310,22854,22854
"7351",2018-01-22,0,0,0,18644,19042,-398,2851,2219,632,21495,21495
"7352",2018-01-23,0,0,0,18657,20117,-1460,2385,1000,1385,21119,21119
"7353",2018-01-24,0,0,0,34790,40605,-5815,7749,1933,5816,42542,42542
"7354",2018-01-25,0,0,0,57318,63504,-6186,10096,3859,6237,67414,67414
"7355",2018-01-26,0,0,0,28534,29166,-632,2138,1448,690,30672,30672
"7356",2018-01-29,NA,NA,0,26508,24195,2313,3773,6180,-2407,30375,30375
"7357",2018-01-30,0,0,0,20466,19216,1250,2500,3757,-1257,22974,22974
"7358",2018-01-31,0,0,0,26628,28233,-1605,3284,1697,1587,29930,29930
"7359",2018-02-01,NA,NA,0,78645,89092,-10447,16161,5653,10508,94806,94806
"7360",2018-02-02,NA,NA,0,34842,30146,4696,2920,7615,-4695,37766,37766
"7361",2018-02-05,NA,NA,0,52959,59238,-6279,11701,5402,6299,64674,64674
"7362",2018-02-06,NA,NA,0,38715,35696,3019,10103,13890,-3787,49649,49649
"7363",2018-02-07,0,0,0,15327,12104,3223,3140,6362,-3222,18468,18468
"7364",2018-02-08,0,0,0,12845,11516,1329,1633,2129,-496,14480,14480
"7365",2018-02-09,1,0,1,27874,25102,2772,976,3794,-2818,28897,28897
"7366",2018-02-12,0,0,0,9511,7990,1521,508,2030,-1522,10020,10020
"7367",2018-02-13,0,0,0,9658,7910,1748,498,2247,-1749,10157,10157
"7368",2018-02-14,0,5,-5,16306,14652,1654,573,2223,-1650,16880,16880
"7369",2018-02-19,0,4,-4,50937,51327,-390,3850,3508,342,54841,54841
"7370",2018-02-20,0,3,-3,14030,14402,-372,2475,2051,424,16506,16506
"7371",2018-02-21,15,2,13,363932,354450,9482,5614,15102,-9488,369562,369562
"7372",2018-02-22,0,15,-15,66538,73232,-6694,10182,3457,6725,76720,76720
"7373",2018-02-23,0,1,-1,33784,37717,-3933,5768,1831,3937,39553,39553
"7374",2018-02-26,0,1,-1,26234,25489,745,2151,2893,-742,28385,28385
"7375",2018-02-27,0,1,-1,29865,26301,3564,487,4051,-3564,30353,30353
"7376",2018-02-28,0,1,-1,15426,15575,-149,1990,1840,150,17416,17416
"7377",2018-03-02,0,0,0,20519,16730,3789,193,3985,-3792,20716,20716
"7378",2018-03-05,0,0,0,23832,24244,-412,1847,1455,392,25700,25700
"7379",2018-03-06,0,0,0,3965,7578,-3613,4731,1096,3635,8695,8695
"7380",2018-03-07,0,0,0,17944,20774,-2830,3679,850,2829,21623,21623
"7381",2018-03-08,0,0,0,17612,23207,-5595,5623,31,5592,23238,23238
"7382",2018-03-09,0,0,0,11895,12773,-878,1863,986,877,13759,13759
"7383",2018-03-12,0,0,0,27995,31022,-3027,3836,848,2988,31939,31939
"7384",2018-03-13,NA,NA,0,1908373,1894066,14307,23479,39323,-15844,1937220,1937220
"7385",2018-03-14,NA,NA,0,208715,216372,-7657,13372,4922,8450,222282,222282
"7386",2018-03-15,486,0,486,100708,101987,-1279,5936,5182,754,107695,107695
"7387",2018-03-16,0,0,0,302886,280861,22025,3313,25540,-22227,306499,306499
"7388",2018-03-19,NA,NA,0,67642,70041,-2399,8138,5241,2897,75780,75780
"7389",2018-03-20,477,479,-2,50104,52499,-2395,3326,750,2576,53907,53907
"7390",2018-03-21,NA,NA,0,59728,58367,1361,1903,6593,-4690,65082,65082
"7391",2018-03-22,NA,NA,0,70121,65068,5053,2279,7332,-5053,72400,72400
"7392",2018-03-23,NA,NA,0,57297,60734,-3437,4971,1537,3434,62271,62271
"7393",2018-03-26,NA,NA,0,13774,14823,-1049,2522,1473,1049,16317,16317
"7394",2018-03-27,0,0,0,14316,12793,1523,158,1601,-1443,14476,14476
"7395",2018-03-28,0,0,0,28148,29077,-929,3230,2300,930,31378,31378
"7396",2018-03-29,NA,NA,0,15115,13726,1389,36,1424,-1388,15151,15151
"7397",2018-03-30,NA,NA,0,26317,31268,-4951,5275,323,4952,31591,31591
"7398",2018-04-02,NA,NA,0,26648,22331,4317,1157,5474,-4317,27806,27806
"7399",2018-04-03,NA,NA,0,8169,10155,-1986,2140,156,1984,10326,10326
"7400",2018-04-04,NA,NA,0,14442,14974,-532,585,98,487,15073,15073
"7401",2018-04-05,NA,NA,0,21089,21613,-524,695,173,522,21787,21787
"7402",2018-04-06,NA,NA,0,25121,21160,3961,172,1268,-1096,25299,25299
"7403",2018-04-09,3,433,-430,16769,17197,-428,1683,327,1356,18454,18454
"7404",2018-04-10,3,0,3,18117,17483,634,779,1371,-592,18958,18958
"7405",2018-04-11,NA,NA,0,14994,15515,-521,1868,1418,450,16933,16933
"7406",2018-04-12,3,0,3,8727,9724,-997,1413,430,983,10154,10154
"7407",2018-04-13,0,0,0,24796,26706,-1910,1930,21,1909,26727,26727
"7408",2018-04-16,NA,NA,0,18103,20277,-2174,3088,930,2158,21208,21208
"7409",2018-04-17,NA,NA,0,76619,81372,-4753,9559,5350,4209,86775,86775
"7410",2018-04-18,NA,NA,0,152523,157370,-4847,10488,6408,4080,164624,164624
"7411",2018-04-19,NA,NA,0,99895,99461,434,11069,11411,-342,110964,110964
"7412",2018-04-20,NA,NA,0,39742,53722,-13980,12890,1560,11330,56714,56714
"7413",2018-04-23,NA,NA,0,55871,63765,-7894,12973,5101,7872,68865,68865
"7414",2018-04-24,NA,NA,0,33503,39722,-6219,8190,3313,4877,43034,43034
"7415",2018-04-25,NA,NA,0,19148,20285,-1137,5695,4792,903,25078,25078
"7416",2018-04-26,NA,NA,0,19308,25935,-6627,7065,471,6594,26407,26407
"7417",2018-04-27,NA,NA,0,21474,25321,-3847,5578,519,5059,27057,27057
"7418",2018-04-30,NA,NA,0,26480,31392,-4912,6863,1959,4904,33351,33351
"7419",2018-05-02,NA,NA,0,26037,30148,-4111,9338,5351,3987,35499,35499
"7420",2018-05-03,2,0,2,43151,50015,-6864,8347,1708,6639,51842,51842
"7421",2018-05-04,91,0,91,78930,69588,9342,4023,13480,-9457,83079,83079
"7422",2018-05-08,0,3,-3,24309,23339,970,2646,3593,-947,26972,26972
"7423",2018-05-09,0,82,-82,15919,13244,2675,1160,3585,-2425,17114,17114
"7424",2018-05-10,6,0,6,16251,19755,-3504,4413,924,3489,20680,20680
"7425",2018-05-11,3,0,3,36436,41995,-5559,6999,1411,5588,43441,43441
"7426",2018-05-14,6,0,6,34061,33810,251,2859,3161,-302,36970,36970
"7427",2018-05-15,6,0,6,24945,22338,2607,536,3153,-2617,25491,25491
"7428",2018-05-16,6,0,6,84953,78955,5998,2587,13601,-11014,92563,92563
"7429",2018-05-17,6,0,6,25330,26606,-1276,4272,3001,1271,29608,29608
"7430",2018-05-18,6,204,-198,13790,13053,737,2323,2869,-546,16126,16126
"7431",2018-05-21,6,2180,-2174,20424,14782,5642,1454,3078,-1624,21905,21905
"7432",2018-05-23,6,0,6,16523,16870,-347,580,241,339,17112,17112
"7433",2018-05-24,6,0,6,9254,5889,3365,133,3502,-3369,9393,9393
"7434",2018-05-25,NA,NA,0,14382,11704,2678,386,3063,-2677,14769,14769
"7435",2018-05-28,6,0,6,11779,10248,1531,1999,2043,-44,13802,13802
"7436",2018-05-29,6,0,6,25499,20909,4590,230,4090,-3860,25741,25741
"7437",2018-05-30,6,0,6,25234,21827,3407,73,3495,-3422,25322,25322
"7438",2018-05-31,6,0,6,18582,19670,-1088,2270,1201,1069,20872,20872
"7439",2018-06-01,4,0,4,13650,14069,-419,1887,1471,416,15542,15542
"7440",2018-06-04,NA,NA,0,16345,13555,2790,2430,490,1940,18789,18789
"7441",2018-06-05,6,0,6,20423,22398,-1975,4151,2172,1979,24580,24580
"7442",2018-06-07,6,0,6,9933,11252,-1319,1668,355,1313,11607,11607
"7443",2018-06-08,0,0,0,18002,16311,1691,5793,7485,-1692,23795,23795
"7444",2018-06-11,NA,NA,0,14318,14428,-110,1067,1003,64,15430,15430
"7445",2018-06-12,0,0,0,20308,18931,1377,256,1633,-1377,20565,20565
"7446",2018-06-14,NA,NA,0,42082,37677,4405,155,4560,-4405,42237,42237
"7447",2018-06-15,NA,NA,0,432037,433602,-1565,14538,12773,1765,447080,447080
"7448",2018-06-18,0,3797,-3797,648077,641959,6118,26502,29621,-3119,675870,675870
"7449",2018-06-19,0,22523,-22523,2585588,2509972,75616,49083,100869,-51786,2650611,2650611
"7450",2018-06-20,0,1,-1,333587,336410,-2823,36915,33954,2961,371148,371148
"7451",2018-06-21,3566,2,3564,2465363,2432462,32901,38044,73702,-35658,2515982,2515982
"7452",2018-06-22,43,46,-3,926567,900825,25742,2625,29645,-27020,935060,935060
"7453",2018-06-25,6,0,6,1516138,1522057,-5919,37178,32177,5001,1567199,1567199
"7454",2018-06-26,0,3,-3,534898,542067,-7169,31985,20222,11763,568835,568835
"7455",2018-06-27,0,3,-3,253464,250717,2747,6721,9008,-2287,260215,260215
"7456",2018-06-28,0,3,-3,141681,164099,-22418,19419,7984,11435,172096,172096
"7457",2018-06-29,0,3,-3,228483,225858,2625,18524,25498,-6974,251360,251360
"7458",2018-07-02,0,3,-3,949508,916951,32557,23674,41044,-17370,974638,974638
"7459",2018-07-03,0,3,-3,571689,575247,-3558,43926,40925,3001,622235,622235
"7460",2018-07-04,0,4,-4,398549,396392,2157,26607,28346,-1739,425599,425599
"7461",2018-07-05,2,0,2,176354,169844,6510,2674,8917,-6243,179373,179373
"7462",2018-07-06,0,4,-4,521586,540131,-18545,65166,46408,18758,587981,587981
"7463",2018-07-09,6,0,6,457912,447003,10909,48292,59081,-10789,506310,506310
"7464",2018-07-10,0,16,-16,248366,256817,-8451,31257,22761,8496,279654,279654
"7465",2018-07-11,6,0,6,250865,257629,-6764,33117,26419,6698,284049,284049
"7466",2018-07-12,6,0,6,330724,339969,-9245,36230,26836,9394,366960,366960
"7467",2018-07-13,0,3,-3,699777,709287,-9510,85399,74388,11011,791776,791776
"7468",2018-07-16,0,1,-1,127085,132067,-4982,24638,19720,4918,151788,151788
"7469",2018-07-17,0,2,-2,129017,118800,10217,16890,27104,-10214,145908,145908
"7470",2018-07-18,0,1,-1,347106,348530,-1424,41346,47733,-6387,396311,396311
"7471",2018-07-19,0,1,-1,333967,326303,7664,46933,52567,-5634,382675,382675
"7472",2018-07-20,NA,NA,0,343879,337139,6740,23518,30387,-6869,368111,368111
"7473",2018-07-23,0,1,-1,344366,346014,-1648,43653,41275,2378,388448,388448
"7474",2018-07-24,0,1,-1,184241,167211,17030,6697,23726,-17029,190938,190938
"7475",2018-07-25,0,1,-1,142397,132759,9638,5720,15357,-9637,148118,148118
"7476",2018-07-26,0,1,-1,74952,87588,-12636,15550,2910,12640,90643,90643
"7477",2018-07-27,0,1,-1,56828,55517,1311,3263,12118,-8855,67636,67636
"7478",2018-07-30,0,0,0,175508,182749,-7241,14819,8584,6235,191554,191554
"7479",2018-07-31,0,11,-11,117018,117362,-344,13726,13382,344,130858,130858
"7480",2018-08-01,0,5,-5,105555,118544,-12989,21391,8534,12857,127254,127254
"7481",2018-08-02,NA,NA,0,43662,36883,6779,787,7675,-6888,44702,44702
"7482",2018-08-03,0,10,-10,74448,77927,-3479,9178,5935,3243,83875,83875
"7483",2018-08-06,1,0,1,84881,86066,-1185,5036,3906,1130,90360,90360
"7484",2018-08-07,1,0,1,133292,146040,-12748,19885,8348,11537,154388,154388
"7485",2018-08-08,0,4,-4,124179,127371,-3192,18420,13154,5266,142956,142956
"7486",2018-08-09,0,5,-5,90684,75066,15618,2465,18059,-15594,93149,93149
"7487",2018-08-10,0,6,-6,85426,82420,3006,3861,7926,-4065,90352,90352
"7488",2018-08-13,0,5,-5,232195,228972,3223,18269,20640,-2371,256117,256117
"7489",2018-08-14,0,0,0,98401,105891,-7490,13158,6020,7138,111911,111911
"7490",2018-08-16,1,0,1,102928,114489,-11561,23709,12384,11325,127389,127389
"7491",2018-08-17,0,0,0,49323,43247,6076,2070,8554,-6484,51851,51851
"7492",2018-08-20,NA,NA,0,62520,51513,11007,2,17469,-17467,69173,69173
"7493",2018-08-21,0,5,-5,89623,93197,-3574,5417,2542,2875,95743,95743
"7494",2018-08-22,0,5,-5,53971,53412,559,2919,3574,-655,56990,56990
"7495",2018-08-23,0,5,-5,54209,54339,-130,2331,2071,260,56540,56540
"7496",2018-08-24,0,5,-5,23923,23336,587,1396,1978,-582,25320,25320
"7497",2018-08-27,0,5,-5,58628,59568,-940,3728,2783,945,62356,62356
"7498",2018-08-28,NA,NA,0,30005,29720,285,1923,2208,-285,31928,31928
"7499",2018-08-29,NA,NA,0,25926,25381,545,769,1533,-764,26914,26914
"7500",2018-08-30,NA,NA,0,55458,62709,-7251,9919,2744,7175,65452,65452
"7501",2018-08-31,NA,NA,0,52185,52365,-180,1677,1190,487,53862,53862
"7502",2018-09-03,0,5,-5,60988,70870,-9882,14694,1639,13055,75948,75948
"7503",2018-09-04,0,0,0,24374,30151,-5777,5475,157,5318,30308,30308
"7504",2018-09-05,NA,NA,0,31735,30760,975,3442,4417,-975,35177,35177
"7505",2018-09-06,6,0,6,121133,123453,-2320,13891,16740,-2849,140543,140543
"7506",2018-09-07,6,0,6,29123,33031,-3908,4330,7069,-2739,40100,40100
"7507",2018-09-10,6,0,6,25098,27769,-2671,4209,1544,2665,29313,29313
"7508",2018-09-11,0,0,0,16030,14319,1711,209,3062,-2853,17381,17381
"7509",2018-09-12,0,0,0,43107,46165,-3058,5588,3431,2157,49596,49596
"7510",2018-09-13,NA,NA,0,538391,518938,19453,30329,39307,-8978,574804,574804
"7511",2018-09-14,NA,NA,0,307734,291812,15922,21440,33580,-12140,329174,329174
"7512",2018-09-17,NA,NA,0,119378,115994,3384,9926,13310,-3384,129304,129304
"7513",2018-09-18,NA,NA,0,58000,51672,6328,1888,8308,-6420,59980,59980
"7514",2018-09-19,NA,NA,0,72831,58414,14417,2555,4578,-2023,75590,75590
"7515",2018-09-20,6,0,6,56068,56216,-148,4081,3741,340,60155,60155
"7516",2018-09-21,6,0,6,53771,51682,2089,4643,6738,-2095,58420,58420
"7517",2018-09-27,6,0,6,42406,49125,-6719,4708,3848,860,52973,52973
"7518",2018-09-28,6,0,6,82852,83677,-825,577,3874,-3297,87551,87551
"7519",2018-10-01,6,0,6,38361,42490,-4129,2202,657,1545,46846,46846
"7520",2018-10-02,6,0,6,58448,25434,33014,2477,3202,-725,65432,65432
"7521",2018-10-04,6,0,6,85679,84389,1290,4223,5518,-1295,89907,89907
"7522",2018-10-05,0,1,-1,2332429,2347096,-14667,86637,72998,13639,2421842,2421842
"7523",2018-10-08,6,0,6,1294105,1282892,11213,40924,52856,-11932,1336976,1336976
"7524",2018-10-10,4,0,4,713120,751181,-38061,70450,34965,35485,786367,786367
"7525",2018-10-11,0,2,-2,334568,321574,12994,33328,44613,-11285,368029,368029
"7526",2018-10-12,0,8,-8,291878,274235,17643,22640,42486,-19846,317781,317781
"7527",2018-10-15,0,2,-2,322374,326114,-3740,36909,30767,6142,359673,359673
"7528",2018-10-16,0,2,-2,307022,295862,11160,14796,26209,-11413,322096,322096
"7529",2018-10-17,NA,NA,0,294842,304692,-9850,29755,21606,8149,326956,326956
"7530",2018-10-18,NA,NA,0,178862,173026,5836,5938,11428,-5490,184961,184961
"7531",2018-10-19,0,7,-7,119406,127990,-8584,16630,5162,11468,136036,136036
"7532",2018-10-22,6,0,6,74139,75763,-1624,8777,7143,1634,82949,82949
"7533",2018-10-23,6,0,6,69223,55841,13382,1590,16056,-14466,71907,71907
"7534",2018-10-24,0,1,-1,65685,62177,3508,5725,9121,-3396,71509,71509
"7535",2018-10-25,0,1,-1,101158,111461,-10303,20642,9409,11233,121800,121800
"7536",2018-10-26,100,101,-1,333472,321060,12412,38485,50902,-12417,372114,372114
"7537",2018-10-29,0,6,-6,118092,119730,-1638,19682,18083,1599,137820,137820
"7538",2018-10-30,0,5,-5,24944,38257,-13313,16147,2822,13325,41090,41090
"7539",2018-10-31,0,6,-6,35944,37238,-1294,8507,7223,1284,44476,44476
"7540",2018-11-01,0,6,-6,62875,63874,-999,11561,10556,1005,74444,74444
"7541",2018-11-02,0,3,-3,99814,109477,-9663,13197,3538,9659,113068,113068
"7542",2018-11-05,1,0,1,690558,654839,35719,12651,49712,-37061,705619,705619
"7543",2018-11-06,1,0,1,131287,136291,-5004,14428,8354,6074,145716,145716
"7544",2018-11-07,0,4,-4,62681,57219,5462,3664,7068,-3404,66345,66345
"7545",2018-11-08,NA,NA,0,42856,43205,-349,2985,2174,811,45841,45841
"7546",2018-11-09,0,4,-4,28908,30741,-1833,2748,968,1780,31713,31713
"7547",2018-11-12,1,0,1,29944,31107,-1163,2162,909,1253,32107,32107
"7548",2018-11-13,6,0,6,39800,42018,-2218,5469,3257,2212,45275,45275
"7549",2018-11-14,6,0,6,43264,19388,23876,4254,2095,2159,47524,47524
"7550",2018-11-15,2,0,2,81930,55488,26442,7977,4414,3563,90084,90084
"7551",2018-11-16,0,4,-4,60226,27297,32929,6834,3243,3591,69348,69348
"7552",2018-11-19,0,4,-4,32508,43660,-11152,12510,1354,11156,45018,45018
"7553",2018-11-20,100,106,-6,361325,277144,84181,32790,25891,6899,400315,400315
"7554",2018-11-21,0,4,-4,94370,89843,4527,9738,14261,-4523,104109,104109
"7555",2018-11-22,0,4,-4,110380,105943,4437,8919,13352,-4433,119299,119299
"7556",2018-11-23,NA,NA,0,54015,56327,-2312,10982,8670,2312,64997,64997
"7557",2018-11-26,6,0,6,57325,73964,-16639,19127,2485,16642,76807,76807
"7558",2018-11-27,6,0,6,40088,41257,-1169,7726,7354,372,48611,48611
"7559",2018-11-28,NA,NA,0,14849,11936,2913,1375,4533,-3158,16468,16468
"7560",2018-11-29,0,4,-4,20446,18334,2112,1280,3387,-2107,21892,21892
"7561",2018-11-30,0,4,-4,12480,11756,724,845,1566,-721,13325,13325
"7562",2018-12-03,0,4,-4,11559,15405,-3846,5086,1318,3768,16727,16727
"7563",2018-12-04,NA,NA,0,43185,34940,8245,2510,10754,-8244,45695,45695
"7564",2018-12-05,NA,NA,0,394871,370086,24785,19581,43367,-23786,416452,416452
"7565",2018-12-06,NA,NA,0,98284,96590,1694,15205,15455,-250,113558,113558
"7566",2018-12-07,0,5,-5,45027,37674,7353,2140,7775,-5635,47167,47167
"7567",2018-12-10,0,5,-5,26588,26821,-233,2404,2167,237,28992,28992
"7568",2018-12-11,0,5,-5,41100,39244,1856,4698,6550,-1852,45798,45798
"7569",2018-12-12,NA,NA,0,14254,32630,-18376,2493,637,1856,33267,33267
"7570",2018-12-13,NA,NA,0,20140,20452,-312,3336,3023,313,23476,23476
"7571",2018-12-14,NA,NA,0,29101,27741,1360,1354,2717,-1363,30458,30458
"7572",2018-12-17,NA,NA,0,14303,13780,523,652,1127,-475,14954,14954
"7573",2018-12-18,NA,NA,0,25935,26455,-520,1851,1406,445,27861,27861
"7574",2018-12-19,NA,NA,0,11069,11582,-513,1312,799,513,12381,12381
"7575",2018-12-20,NA,NA,0,15432,15261,171,2518,2690,-172,17950,17950
"7576",2018-12-21,0,6,-6,12832,14062,-1230,1094,709,385,14777,14777
"7577",2018-12-24,0,6,-6,11487,10604,883,134,1011,-877,11622,11622
"7578",2018-12-26,NA,NA,0,11493,10678,815,842,1587,-745,12335,12335
"7579",2018-12-27,6,0,6,11499,10286,1213,61,1403,-1342,11689,11689
"7580",2018-12-28,NA,NA,0,14025,15027,-1002,1734,534,1200,15759,15759
"7581",2019-01-02,6,0,6,42445,42876,-431,2396,1391,1005,44846,44846
"7582",2019-01-03,6,0,6,9788,9515,273,622,901,-279,10416,10416
"7583",2019-01-04,6,0,6,8572,7108,1464,632,2101,-1469,9209,9209
"7584",2019-01-07,NA,NA,0,15508,14070,1438,1550,2989,-1439,17059,17059
"7585",2019-01-08,NA,NA,0,10610,9883,727,394,1121,-727,11004,11004
"7586",2019-01-09,1,0,1,10644,11035,-391,1512,1122,390,12157,12157
"7587",2019-01-10,NA,NA,0,11823,12181,-358,601,243,358,12424,12424
"7588",2019-01-11,6,0,6,10226,10312,-86,807,729,78,11041,11041
"7589",2019-01-14,6,0,6,5814,6636,-822,870,54,816,6690,6690
"7590",2019-01-15,6,0,6,11134,14958,-3824,4186,367,3819,15326,15326
"7591",2019-01-16,6,0,6,18851,20473,-1622,2249,632,1617,21105,21105
"7592",2019-01-17,6,0,6,10026,10165,-139,1537,1427,110,11592,11592
"7593",2019-01-18,6,0,6,12395,13554,-1159,1386,239,1147,13793,13793
"7594",2019-01-21,6,8862,-8856,23008,15534,7474,1886,516,1370,24911,24911
"7595",2019-01-22,6,66621,-66615,223239,167181,56058,25049,14648,10401,248455,248455
"7596",2019-01-23,3,8873,-8870,1685929,1659141,26788,45267,48357,-3090,1734054,1734054
"7597",2019-01-24,NA,NA,0,484701,463430,21271,22318,19141,3177,507852,507852
"7598",2019-01-25,NA,NA,0,108974,119055,-10081,14906,4848,10058,124030,124030
"7599",2019-01-28,NA,NA,0,87444,83456,3988,6744,10745,-4001,94264,94264
"7600",2019-01-29,0,3,-3,109831,105379,4452,7686,12303,-4617,117854,117854
"7601",2019-01-30,2,0,2,382149,377107,5042,23348,28250,-4902,406608,406608
"7602",2019-01-31,NA,NA,0,158845,158078,767,12391,13322,-931,171488,171488
"7603",2019-02-01,6,0,6,89109,93215,-4106,9981,6163,3818,99616,99616
"7604",2019-02-07,NA,NA,0,61349,66171,-4822,9249,5079,4170,71524,71524
"7605",2019-02-08,NA,NA,0,30931,35268,-4337,7091,2664,4427,38022,38022
"7606",2019-02-11,NA,NA,0,164755,157040,7715,8694,19792,-11098,177547,177547
"7607",2019-02-12,NA,NA,0,48589,46120,2469,2772,5510,-2738,51895,51895
"7608",2019-02-13,0,63,-63,949016,958727,-9711,32394,20512,11882,987399,987399
"7609",2019-02-14,NA,NA,0,307859,294802,13057,12639,27148,-14509,321979,321979
"7610",2019-02-15,NA,NA,0,122034,117717,4317,6622,12034,-5412,130128,130128
"7611",2019-02-18,NA,NA,0,645437,658682,-13245,31646,18346,13300,680483,680483
"7612",2019-02-19,NA,NA,0,296522,309640,-13118,11141,25493,-14352,335316,335316
"7613",2019-02-20,NA,NA,0,135779,136708,-929,11157,10632,525,148076,148076
"7614",2019-02-21,NA,NA,0,455103,454034,1069,23769,23461,308,479087,479087
"7615",2019-02-22,NA,NA,0,61088,56402,4686,4425,9455,-5030,65856,65856
"7616",2019-02-25,NA,NA,0,60129,59282,847,5510,6356,-846,65690,65690
"7617",2019-02-26,NA,NA,0,61205,53232,7973,4458,12437,-7979,66039,66039
"7618",2019-02-27,NA,NA,0,56174,62604,-6430,10427,3848,6579,66665,66665
"7619",2019-02-28,NA,NA,0,69119,65709,3410,5133,8239,-3106,74252,74252
"7620",2019-03-04,NA,NA,0,21568,26742,-5174,6103,928,5175,27670,27670
"7621",2019-03-05,NA,NA,0,26233,22380,3853,1652,4916,-3264,27886,27886
"7622",2019-03-06,NA,NA,0,35059,33221,1838,2125,3963,-1838,37184,37184
"7623",2019-03-07,NA,NA,0,34319,31033,3286,1149,4480,-3331,35512,35512
"7624",2019-03-08,NA,NA,0,48939,47862,1077,2561,3970,-1409,51832,51832
"7625",2019-03-11,NA,NA,0,91660,91661,-1,5173,5557,-384,97686,97686
"7626",2019-03-12,NA,NA,0,40926,45768,-4842,6378,1679,4699,47447,47447
"7627",2019-03-13,NA,NA,0,82083,82622,-539,4707,4030,677,87136,87136
"7628",2019-03-14,NA,NA,0,263744,257502,6242,23887,9842,14045,290688,290688
"7629",2019-03-15,NA,NA,0,90950,78111,12839,6264,12355,-6091,97214,97214
"7630",2019-03-18,NA,NA,0,43237,45701,-2464,3654,3769,-115,50393,50393
"7631",2019-03-19,NA,NA,0,69070,73124,-4054,5350,8572,-3222,81696,81696
"7632",2019-03-20,NA,NA,0,1203046,1203243,-197,58317,45068,13249,1267555,1267555
"7633",2019-03-21,NA,NA,0,559999,537714,22285,8223,27365,-19142,568522,568522
"7634",2019-03-22,NA,NA,0,796132,810348,-14216,30740,16262,14478,827391,827391
"7635",2019-03-25,NA,NA,0,1012947,1007776,5171,37460,47007,-9547,1056450,1056450
"7636",2019-03-26,NA,NA,0,393208,402970,-9762,39872,29821,10051,433313,433313
"7637",2019-03-27,NA,NA,0,128464,116712,11752,13680,24561,-10881,142144,142144
"7638",2019-03-28,NA,NA,0,361070,360884,186,19615,19804,-189,380967,380967
"7639",2019-03-29,NA,NA,0,199756,204716,-4960,18391,13431,4960,218147,218147
"7640",2019-04-01,NA,NA,0,115838,117442,-1604,5503,4221,1282,121664,121664
"7641",2019-04-02,NA,NA,0,124352,121301,3051,5438,8717,-3279,130021,130021
"7642",2019-04-03,NA,NA,0,115045,125070,-10025,13836,4309,9527,129379,129379
"7643",2019-04-04,NA,NA,0,176355,182993,-6638,19024,12894,6130,196001,196001
"7644",2019-04-05,NA,NA,0,162148,135872,26276,7061,32060,-24999,169209,169209
"7645",2019-04-08,NA,NA,0,71250,85329,-14079,16943,2864,14079,88193,88193
"7646",2019-04-09,NA,NA,0,61567,64739,-3172,12347,10660,1687,75399,75399
"7647",2019-04-10,NA,NA,0,82632,79449,3183,7179,7857,-678,89811,89811
"7648",2019-04-11,NA,NA,0,58672,56324,2348,3729,7139,-3410,63784,63784
"7649",2019-04-12,NA,NA,0,562727,557261,5466,48897,38448,10449,612474,612474
"7650",2019-04-15,NA,NA,0,288156,338466,-50310,49195,12521,36674,353278,353278
"7651",2019-04-16,NA,NA,0,135108,119507,15601,10522,28492,-17970,150272,150272
"7652",2019-04-17,NA,NA,0,97586,97240,346,7839,8986,-1147,106296,106296
"7653",2019-04-18,NA,NA,0,175291,155353,19938,6238,26204,-19966,181750,181750
"7654",2019-04-19,NA,NA,0,52567,57536,-4969,11342,2071,9271,63909,63909
"7655",2019-04-22,NA,NA,0,63245,61860,1385,4307,11764,-7457,73695,73695
"7656",2019-04-23,NA,NA,0,46839,49791,-2952,5418,2509,2909,52300,52300
"7657",2019-04-24,NA,NA,0,44207,44334,-127,3444,7037,-3593,51371,51371
"7658",2019-04-25,NA,NA,0,54931,51707,3224,3258,7425,-4167,59132,59132
"7659",2019-04-26,NA,NA,0,40021,39213,808,8661,9602,-941,48815,48815
"7660",2019-04-29,NA,NA,0,72486,77894,-5408,15686,10394,5292,88331,88331
"7661",2019-04-30,NA,NA,0,50438,48807,1631,4408,6017,-1609,54846,54846
"7662",2019-05-02,NA,NA,0,134557,144586,-10029,14646,8287,6359,154212,154212
"7663",2019-05-03,NA,NA,0,171122,152708,18414,5279,23410,-18131,176920,176920
"7664",2019-05-07,NA,NA,0,41883,38202,3681,7000,7303,-303,48883,48883
"7665",2019-05-08,NA,NA,0,37964,33050,4914,2672,7585,-4913,40636,40636
"7666",2019-05-09,NA,NA,0,32560,33590,-1030,3138,1896,1242,35701,35701
"7667",2019-05-10,NA,NA,0,21264,25760,-4496,5498,1030,4468,26827,26827
"7668",2019-05-13,NA,NA,0,17040,17767,-727,2272,1536,736,19359,19359
"7669",2019-05-14,NA,NA,0,30235,38847,-8612,9558,1247,8311,40095,40095
"7670",2019-05-15,NA,NA,0,28213,39467,-11254,15090,3635,11455,43406,43406
"7671",2019-05-16,NA,NA,0,24037,18215,5822,1974,7809,-5835,26024,26024
"7672",2019-05-17,NA,NA,0,26020,21613,4407,2702,7183,-4481,28796,28796
"7673",2019-05-20,NA,NA,0,61250,63763,-2513,8385,5872,2513,69787,69787
"7674",2019-05-21,NA,NA,0,245068,244457,611,31136,31686,-550,276415,276415
"7675",2019-05-22,NA,NA,0,60932,59435,1497,7938,9423,-1485,68871,68871
"7676",2019-05-23,NA,NA,0,59495,57988,1507,5396,6912,-1516,64902,64902
"7677",2019-05-24,NA,NA,0,46386,42943,3443,2457,6196,-3739,49149,49149
"7678",2019-05-27,NA,NA,0,175741,194169,-18428,24944,17767,7177,211936,211936
"7679",2019-05-28,NA,NA,0,61651,63610,-1959,7912,5980,1932,69644,69644
"7680",2019-05-29,0,0,0,24414,28102,-3688,6831,3142,3689,31245,31245
"7681",2019-05-30,NA,NA,0,19964,21577,-1613,4101,2488,1613,24065,24065
"7682",2019-05-31,NA,NA,0,25627,30571,-4944,7219,2301,4918,32872,32872
"7683",2019-06-03,NA,NA,0,49689,39085,10604,4354,14958,-10604,54043,54043
"7684",2019-06-04,NA,NA,0,19250,19744,-494,3860,2912,948,23110,23110
"7685",2019-06-05,NA,NA,0,28642,27065,1577,7217,8793,-1576,36191,36191
"7686",2019-06-07,NA,NA,0,220206,217923,2283,24680,27030,-2350,245488,245488
"7687",2019-06-10,NA,NA,0,168963,164436,4527,15242,25424,-10182,191398,191398
"7688",2019-06-11,NA,NA,0,101605,100370,1235,9345,8633,712,112378,112378
"7689",2019-06-12,NA,NA,0,30454,34856,-4402,3643,7238,-3595,42160,42160
"7690",2019-06-13,NA,NA,0,34460,34922,-462,4641,6334,-1693,41256,41256
"7691",2019-06-14,NA,NA,0,19591,18383,1208,1723,2961,-1238,21344,21344
"7692",2019-06-17,NA,NA,0,20160,26403,-6243,3442,2481,961,28884,28884
"7693",2019-06-18,NA,NA,0,26900,32040,-5140,5461,1731,3730,34158,34158
"7694",2019-06-19,NA,NA,0,16645,13402,3243,1006,3750,-2744,17712,17712
"7695",2019-06-20,NA,NA,0,18601,26829,-8228,8588,602,7986,27491,27491
"7696",2019-06-21,NA,NA,0,23538,17201,6337,417,6861,-6444,24359,24359
"7697",2019-06-24,NA,NA,0,20350,16500,3850,712,4461,-3749,21070,21070
"7698",2019-06-25,NA,NA,0,27637,27354,283,2725,2985,-260,30369,30369
"7699",2019-06-26,NA,NA,0,57813,50879,6934,4751,9911,-5160,62590,62590
"7700",2019-06-27,NA,NA,0,21637,20874,763,1005,1696,-691,22642,22642
"7701",2019-06-28,NA,NA,0,10339,9894,445,720,324,396,11100,11100
"7702",2019-07-01,NA,NA,0,12012,11728,284,239,587,-348,12314,12314
"7703",2019-07-02,NA,NA,0,32962,37476,-4514,5243,1196,4047,38673,38673
"7704",2019-07-03,NA,NA,0,23781,23931,-150,884,723,161,24665,24665
"7705",2019-07-04,NA,NA,0,354585,348742,5843,13260,18830,-5570,370435,370435
"7706",2019-07-05,NA,NA,0,54597,58542,-3945,6163,2564,3599,61120,61120
"7707",2019-07-08,NA,NA,0,34466,32400,2066,1099,3536,-2437,35936,35936
"7708",2019-07-09,NA,NA,0,121654,123331,-1677,8310,6761,1549,130598,130598
"7709",2019-07-10,NA,NA,0,36689,40947,-4258,7076,3388,3688,44374,44374
"7710",2019-07-11,NA,NA,0,22553,23849,-1296,2069,803,1266,24652,24652
"7711",2019-07-12,NA,NA,0,11775,11563,212,2298,2372,-74,14074,14074
"7712",2019-07-15,NA,NA,0,18845,15671,3174,187,3368,-3181,19039,19039
"7713",2019-07-16,NA,NA,0,21530,20879,651,817,1473,-656,22352,22352
"7714",2019-07-17,NA,NA,0,20764,19119,1645,1122,2651,-1529,21889,21889
"7715",2019-07-18,NA,NA,0,15988,17137,-1149,1552,404,1148,17541,17541
"7716",2019-07-19,NA,NA,0,24325,28648,-4323,6554,1740,4814,30879,30879
"7717",2019-07-22,NA,NA,0,36723,42834,-6111,9885,2976,6909,46609,46609
"7718",2019-07-23,NA,NA,0,25713,20390,5323,631,6222,-5591,26632,26632
"7719",2019-07-24,NA,NA,0,67435,41203,26232,4260,11506,-7246,72017,72017
"7720",2019-07-25,NA,NA,0,38588,20418,18170,4608,2885,1723,43196,43196
"7721",2019-07-26,NA,NA,0,NA,NA,0,NA,NA,0,NA,NA
"7722",2019-07-29,NA,NA,0,NA,NA,0,NA,NA,0,NA,NA
"7723",2019-07-30,NA,NA,0,NA,NA,0,NA,NA,0,NA,NA
"7724",2019-07-31,NA,NA,0,NA,NA,0,NA,NA,0,NA,NA
"7725",2019-08-01,NA,NA,0,NA,NA,0,NA,NA,0,NA,NA
"7726",2019-08-02,NA,NA,0,NA,NA,0,NA,NA,0,NA,NA
"7727",2019-08-05,NA,NA,0,NA,NA,0,NA,NA,0,NA,NA
"7728",2019-08-06,NA,NA,0,NA,NA,0,NA,NA,0,NA,NA
"7729",2019-08-07,NA,NA,0,NA,NA,0,NA,NA,0,NA,NA
"7730",2019-08-08,NA,NA,0,NA,NA,0,NA,NA,0,NA,NA
"7731",2019-08-09,NA,NA,0,NA,NA,0,NA,NA,0,NA,NA
"7732",2019-08-12,NA,NA,0,NA,NA,0,NA,NA,0,NA,NA
"7733",2019-08-13,NA,NA,0,NA,NA,0,NA,NA,0,NA,NA
"7734",2019-08-14,NA,NA,0,NA,NA,0,NA,NA,0,NA,NA
"7735",2019-08-16,NA,NA,0,NA,NA,0,NA,NA,0,NA,NA
"7736",2019-08-19,1,0,1,233387,226411,6976,2213,2199,14,235662,235662
"7737",2019-08-20,0,0,0,49572,49086,486,2787,722,2065,52363,52363
"7738",2019-08-21,0,0,0,251770,261650,-9880,13532,1200,12332,265704,265704
"7739",2019-08-22,0,1,-1,36335,37311,-976,1833,830,1003,38168,38168
"7740",2019-08-23,NA,NA,0,13576,14420,-844,1073,101,972,14649,14649
"7741",2019-08-26,NA,NA,0,23366,21989,1377,667,2044,-1377,24033,24033
"7742",2019-08-27,NA,NA,0,34076,34237,-161,872,711,161,34948,34948
"7743",2019-08-28,NA,NA,0,14136,14521,-385,806,420,386,14941,14941
"7744",2019-08-29,NA,NA,0,12866,12691,175,493,668,-175,13359,13359
"7745",2019-08-30,NA,NA,0,8063,7298,765,0,765,-765,8063,8063
"7746",2019-09-02,NA,NA,0,6439,6577,-138,172,34,138,6611,6611
"7747",2019-09-03,NA,NA,0,12467,4684,7783,133,682,-549,12624,12624
"7748",2019-09-04,NA,NA,0,1434,1351,83,147,61,86,1581,1581
"7749",2019-09-05,NA,NA,0,17984,11908,6076,679,459,220,18718,18718
"7750",2019-09-06,NA,NA,0,11562,11942,-380,479,99,380,12040,12040
"7751",2019-09-09,NA,NA,0,3851,3605,246,79,324,-245,3929,3929
"7752",2019-09-10,NA,NA,0,4354,4679,-325,326,0,326,4679,4679
"7753",2019-09-11,NA,NA,0,8144,9558,-1414,1951,490,1461,10095,10095
"7754",2019-09-16,NA,NA,0,3384,2557,827,196,782,-586,3580,3580
"7755",2019-09-17,NA,NA,0,2490,3042,-552,843,122,721,3333,3333
"7756",2019-09-18,NA,NA,0,7850,8264,-414,525,111,414,8375,8375
"7757",2019-09-19,NA,NA,0,12505,13004,-499,1331,847,484,13851,13851
"7758",2019-09-20,NA,NA,0,6978,7411,-433,782,299,483,7805,7805
"7759",2019-09-23,13,0,13,9234,11333,-2099,2697,382,2315,11944,11944
"7760",2019-09-24,44,0,44,6932,8855,-1923,2519,640,1879,9495,9495
"7761",2019-09-25,NA,NA,0,18903,17243,1660,500,2193,-1693,19435,19435
"7762",2019-09-26,NA,NA,0,7133,5666,1467,568,2035,-1467,7702,7702
"7763",2019-09-27,NA,NA,0,5505,4870,635,0,635,-635,5505,5505
"7764",2019-09-30,0,0,0,6226,5295,931,160,1091,-931,6386,6386
"7765",2019-10-01,NA,NA,0,17598,17506,92,764,856,-92,18362,18362
"7766",2019-10-02,NA,NA,0,4875,4664,211,670,881,-211,5545,5545
"7767",2019-10-04,NA,NA,0,6764,5425,1339,61,1035,-974,6825,6825
"7768",2019-10-07,NA,NA,0,10983,11314,-331,771,441,330,11755,11755
"7769",2019-10-08,NA,NA,0,85722,88535,-2813,2327,2449,-122,91416,91416
"7770",2019-10-10,NA,NA,0,27254,24479,2775,889,882,7,28931,28931
"7771",2019-10-11,NA,NA,0,11353,13207,-1854,766,74,692,13282,13282
"7772",2019-10-14,NA,NA,0,12178,11310,868,961,734,227,14524,14524
"7773",2019-10-15,NA,NA,0,8559,10399,-1840,2228,388,1840,10787,10787
"7774",2019-10-16,NA,NA,0,20507,22039,-1532,2414,818,1596,23600,23600
"7775",2019-10-17,NA,NA,0,12200,13416,-1216,2023,810,1213,14226,14226
"7776",2019-10-18,NA,NA,0,34045,33645,400,1038,1463,-425,35577,35577
"7777",2019-10-21,0,0,0,75073,73986,1087,5153,6368,-1215,80358,80358
"7778",2019-10-22,0,0,0,19215,17982,1233,1166,2273,-1107,20382,20382
"7779",2019-10-23,NA,NA,0,9095,9065,30,509,539,-30,9619,9619
"7780",2019-10-24,0,0,0,16901,17795,-894,1625,750,875,18762,18762
"7781",2019-10-25,NA,NA,0,38627,39645,-1018,1918,2242,-324,42816,42816
"7782",2019-10-28,NA,NA,0,53603,55135,-1532,4448,3431,1017,64419,64419
"7783",2019-10-29,NA,NA,0,55229,55165,64,2231,2301,-70,57588,57588
"7784",2019-10-30,NA,NA,0,55196,54918,278,5903,6090,-187,62672,62672
"7785",2019-10-31,NA,NA,0,24725,27996,-3271,5629,1683,3946,32169,32169
"7786",2019-11-01,NA,NA,0,99048,98016,1032,5921,6774,-853,104969,104969
"7787",2019-11-04,NA,NA,0,207650,208402,-752,19366,17936,1430,229983,229983
"7788",2019-11-05,NA,NA,0,127778,125359,2419,14981,12596,2385,144317,144317
"7789",2019-11-06,NA,NA,0,124098,115047,9051,16877,11294,5583,141982,141982
"7790",2019-11-07,NA,NA,0,85726,73557,12169,8167,12710,-4543,96284,96284
"7791",2019-11-08,NA,NA,0,105591,91675,13916,7577,5010,2567,117723,117723
"7792",2019-11-11,NA,NA,0,110980,94272,16708,7322,15533,-8211,119427,119427
"7793",2019-11-12,0,0,0,198373,206626,-8253,27973,13486,14487,226467,226467
"7794",2019-11-13,1038,0,1038,89171,89826,-655,7783,8388,-605,98427,98427
"7795",2019-11-14,NA,NA,0,88070,84210,3860,8607,13575,-4968,98645,98645
"7796",2019-11-15,0,1196,-1196,56154,58245,-2091,9390,3571,5819,65796,65796
"7797",2019-11-18,NA,NA,0,38636,36470,2166,2651,4821,-2170,41291,41291
"7798",2019-11-19,NA,NA,0,20347,23420,-3073,4403,1566,2837,24998,24998
"7799",2019-11-20,NA,NA,0,60602,56922,3680,7272,11762,-4490,69168,69168
"7800",2019-11-21,NA,NA,0,66465,57398,9067,5519,14425,-8906,73178,73178
"7801",2019-11-22,NA,NA,0,144052,145875,-1823,17743,15905,1838,162032,162032
"7802",2019-11-25,0,123,-123,108821,106796,2025,13009,14703,-1694,122585,122585
"7803",2019-11-26,0,240,-240,269714,258743,10971,12195,25539,-13344,284522,284522
"7804",2019-11-27,0,1233,-1233,258444,288490,-30046,3405,6012,-2607,296289,296289
"7805",2019-11-28,NA,NA,0,32855,33319,-464,2202,1740,462,35058,35058
"7806",2019-11-29,NA,NA,0,64841,63522,1319,8348,9582,-1234,74452,74452
"7807",2019-12-02,0,105,-105,88859,83459,5400,10721,7469,3252,99761,99761
"7808",2019-12-03,0,22,-22,104297,106556,-2259,11884,9603,2281,116181,116181
"7809",2019-12-04,0,1933,-1933,68432,58713,9719,3272,11057,-7785,71704,71704
"7810",2019-12-05,0,718,-718,88610,84878,3732,7962,10891,-2929,96572,96572
"7811",2019-12-06,0,1978,-1978,191598,197776,-6178,17146,12138,5008,211893,211893
"7812",2019-12-09,NA,NA,0,157984,156751,1233,12885,14763,-1878,171684,171684
"7813",2019-12-10,NA,NA,0,60346,61921,-1575,5901,7231,-1330,69152,69152
"7814",2019-12-11,0,0,0,26944,27463,-519,3090,2572,518,30035,30035
"7815",2019-12-12,0,0,0,50156,53170,-3014,5566,2550,3016,55744,55744
"7816",2019-12-13,NA,NA,0,83441,95441,-12000,20531,8080,12451,103972,103972
"7817",2019-12-16,0,419,-419,54309,61695,-7386,11412,3608,7804,65721,65721
"7818",2019-12-17,NA,NA,0,49582,44678,4904,10796,6609,4187,60399,60399
"7819",2019-12-18,NA,NA,0,110882,75321,35561,7914,26537,-18623,120035,120035
"7820",2019-12-19,NA,NA,0,36107,34457,1650,2551,2540,11,38683,38683
"7821",2019-12-20,NA,NA,0,58367,58369,-2,2098,2096,2,60464,60464
"7822",2019-12-23,0,7555,-7555,80769,71915,8854,8928,10236,-1308,89706,89706
"7823",2019-12-24,NA,NA,0,19301,18088,1213,81,1400,-1319,19488,19488
"7824",2019-12-26,0,923,-923,50552,51570,-1018,4537,2598,1939,55091,55091
"7825",2019-12-27,0,7988,-7988,68624,60698,7926,8018,4200,3818,76642,76642
"7826",2019-12-30,NA,NA,0,22084,18776,3308,409,3717,-3308,22493,22493
"7827",2020-01-02,NA,NA,0,48917,39350,9567,4240,8248,-4008,53157,53157
"7828",2020-01-03,NA,NA,0,56098,41467,14631,2048,8111,-6063,58149,58149
"7829",2020-01-06,NA,NA,0,52121,46124,5997,4073,4073,0,56194,56194
"7830",2020-01-07,0,0,0,51351,41893,9458,4803,6534,-1731,56176,56176
"7831",2020-01-08,NA,NA,0,56052,50000,6052,3689,6398,-2709,59747,59747
"7832",2020-01-09,NA,NA,0,54729,52419,2310,5891,4150,1741,60620,60620
"7833",2020-01-10,NA,NA,0,79766,88703,-8937,9467,5511,3956,94218,94218
"7834",2020-01-13,NA,NA,0,134953,143392,-8439,17719,12271,5448,156254,156254
"7835",2020-01-14,NA,NA,0,1021604,1002418,19186,49839,65103,-15264,1076962,1076962
"7836",2020-01-15,NA,NA,0,498301,509054,-10753,40806,46594,-5788,560277,560277
"7837",2020-01-16,NA,NA,0,174699,169324,5375,25522,21700,3822,201300,201300
"7838",2020-01-17,NA,NA,0,135584,141881,-6297,22311,13936,8375,158021,158021
"7839",2020-01-20,NA,NA,0,127598,121537,6061,17071,18120,-1049,144673,144673
"7840",2020-01-21,NA,NA,0,95657,92878,2779,14450,17229,-2779,110107,110107
"7841",2020-01-22,NA,NA,0,89796,77860,11936,9622,21558,-11936,99418,99418
"7842",2020-01-23,NA,NA,0,74273,82602,-8329,13324,4996,8328,87598,87598
"7843",2020-01-28,NA,NA,0,87246,108853,-21607,30062,8461,21601,117314,117314
"7844",2020-01-29,NA,NA,0,64906,57748,7158,8643,15525,-6882,73550,73550
"7845",2020-01-30,NA,NA,0,104540,70935,33605,4973,26070,-21097,109515,109515
"7846",2020-01-31,NA,NA,0,46833,43044,3789,2457,6246,-3789,49290,49290
"7847",2020-02-03,NA,NA,0,32242,34075,-1833,6133,4292,1841,38375,38375
"7848",2020-02-04,NA,NA,0,20613,30817,-10204,11042,837,10205,31655,31655
"7849",2020-02-05,NA,NA,0,45162,41922,3240,6875,10114,-3239,52037,52037
"7850",2020-02-06,NA,NA,0,46715,42959,3756,4324,8068,-3744,51040,51040
"7851",2020-02-07,NA,NA,0,79876,76158,3718,5954,9672,-3718,85830,85830
"7852",2020-02-10,NA,NA,0,56968,53509,3459,3836,8173,-4337,61682,61682
"7853",2020-02-11,NA,NA,0,45714,46178,-464,4725,4094,631,50447,50447
"7854",2020-02-12,NA,NA,0,33041,31249,1792,5784,7576,-1792,38825,38825
"7855",2020-02-13,NA,NA,0,82037,80154,1883,5269,13404,-8135,93959,93959
"7856",2020-02-14,NA,NA,0,74266,71280,2986,10823,3495,7328,87582,87582
"7857",2020-02-17,NA,NA,0,94193,98265,-4072,13370,19373,-6003,117864,117864
"7858",2020-02-18,NA,NA,0,327764,366139,-38375,40448,37343,3105,409274,409274
"7859",2020-02-19,NA,NA,0,147752,157631,-9879,24618,21850,2768,180978,180978
"7860",2020-02-20,NA,NA,0,83873,86937,-3064,5348,13006,-7658,101690,101690
"7861",2020-02-21,NA,NA,0,160653,128060,32593,14077,17875,-3798,181349,181349
"7862",2020-02-24,NA,NA,0,156294,159369,-3075,18467,14760,3707,175870,175870
"7863",2020-02-25,NA,NA,0,57768,66148,-8380,12741,3860,8881,70969,70969
"7864",2020-02-26,NA,NA,0,25457,20381,5076,1024,5331,-4307,26481,26481
"7865",2020-02-27,0,0,0,59883,56952,2931,4842,7774,-2932,64726,64726
"7866",2020-02-28,NA,NA,0,35815,37460,-1645,9071,7426,1645,44886,44886
"7867",2020-03-02,NA,NA,0,20868,17587,3281,2277,5559,-3282,23145,23145
"7868",2020-03-03,NA,NA,0,24427,24442,-15,2908,3303,-395,28387,28387
"7869",2020-03-04,NA,NA,0,223854,230203,-6349,35414,28931,6483,259959,259959
"7870",2020-03-05,NA,NA,0,103540,100747,2793,14253,16561,-2308,117793,117793
"7871",2020-03-06,NA,NA,0,191363,176871,14492,18243,32514,-14271,209613,209613
"7872",2020-03-09,NA,NA,0,86048,85649,399,11028,11427,-399,97076,97076
"7873",2020-03-10,NA,NA,0,87454,84761,2693,8574,11267,-2693,96028,96028
"7874",2020-03-11,0,43,-43,98653,105467,-6814,15229,9135,6094,114644,114644
"7875",2020-03-12,0,12,-12,112171,109030,3141,16927,20056,-3129,129098,129098
"7876",2020-03-13,NA,NA,0,105091,105582,-491,15482,14622,860,120572,120572
"7877",2020-03-16,0,0,0,47856,52042,-4186,5852,5137,715,57180,57180
"7878",2020-03-17,NA,NA,0,127134,138169,-11035,17869,13257,4612,151425,151425
"7879",2020-03-18,NA,NA,0,63218,61908,1310,6813,7769,-956,70929,70929
"7880",2020-03-19,0,0,0,61352,55673,5679,7311,13083,-5772,68794,68794
"7881",2020-03-20,NA,NA,0,32134,33333,-1199,3453,2254,1199,35587,35587
"7882",2020-03-23,NA,NA,0,84945,89957,-5012,14769,12195,2574,102151,102151
"7883",2020-03-24,NA,NA,0,20484,20625,-141,2888,2849,39,23474,23474
"7884",2020-03-25,NA,NA,0,80167,81218,-1051,7155,5993,1162,87324,87324
"7885",2020-03-26,NA,NA,0,107393,103909,3484,17379,20862,-3483,125110,125110
"7886",2020-03-27,NA,NA,0,75497,74240,1257,10549,11971,-1422,86390,86390
"7887",2020-03-30,NA,NA,0,45305,48033,-2728,6411,3800,2611,51833,51833
"7888",2020-03-31,NA,NA,0,46977,48977,-2000,6753,4905,1848,53882,53882
"7889",2020-04-01,NA,NA,0,26653,26206,447,5142,5589,-447,31795,31795
"7890",2020-04-02,NA,NA,0,11522,13176,-1654,3320,1666,1654,14842,14842
"7891",2020-04-03,NA,NA,0,25453,25999,-546,3664,3118,546,29117,29117
"7892",2020-04-06,NA,NA,0,24955,29545,-4590,5362,772,4590,30317,30317
"7893",2020-04-07,9,9,0,102029,97975,4054,10845,14893,-4048,112932,112932
"7894",2020-04-08,NA,NA,0,90219,89552,667,8712,9382,-670,98934,98934
"7895",2020-04-09,NA,NA,0,56055,51902,4153,7764,9992,-2228,63819,63819
"7896",2020-04-10,NA,NA,0,25911,25648,263,2036,2299,-263,27947,27947
"7897",2020-04-13,NA,NA,0,25830,22090,3740,894,4633,-3739,26724,26724
"7898",2020-04-14,NA,NA,0,12356,13812,-1456,1750,310,1440,14122,14122
"7899",2020-04-16,NA,NA,0,33736,34272,-536,3400,2886,514,37157,37157
"7900",2020-04-17,NA,NA,0,93155,98573,-5418,11743,6319,5424,104899,104899
"7901",2020-04-20,NA,NA,0,40451,34352,6099,3040,5129,-2089,43491,43491
"7902",2020-04-21,NA,NA,0,39160,35334,3826,5389,7329,-1940,44549,44549
"7903",2020-04-22,NA,NA,0,24298,20569,3729,1718,2594,-876,26016,26016
"7904",2020-04-23,NA,NA,0,37258,17459,19799,3934,2829,1105,41192,41192
"7905",2020-04-24,NA,NA,0,50980,49212,1768,3171,5932,-2761,55146,55146
"7906",2020-04-27,NA,NA,0,30914,27856,3058,3149,4661,-1512,34768,34768
"7907",2020-04-28,NA,NA,0,19596,19625,-29,1216,1187,29,20812,20812
"7908",2020-04-29,NA,NA,0,22237,21090,1147,529,1676,-1147,22766,22766
"7909",2020-05-04,NA,NA,0,53597,56827,-3230,8856,5625,3231,62453,62453
"7910",2020-05-06,NA,NA,0,25060,24170,890,3810,4835,-1025,29044,29044
"7911",2020-05-07,NA,NA,0,42559,47677,-5118,8523,3405,5118,51082,51082
"7912",2020-05-08,NA,NA,0,28281,27334,947,1281,2228,-947,29562,29562
"7913",2020-05-11,NA,NA,0,20333,18949,1384,1742,3126,-1384,22075,22075
"7914",2020-05-12,NA,NA,0,27456,23904,3552,2989,6541,-3552,30444,30444
"7915",2020-05-13,NA,NA,0,28421,30123,-1702,2895,1193,1702,31315,31315
"7916",2020-05-14,NA,NA,0,19017,18124,893,1266,2158,-892,20283,20283
"7917",2020-05-15,NA,NA,0,35645,34102,1543,1292,2825,-1533,36937,36937
"7918",2020-05-18,NA,NA,0,13230,14530,-1300,1623,323,1300,14854,14854
"7919",2020-05-19,NA,NA,0,28873,29626,-753,2206,1452,754,31079,31079
"7920",2020-05-20,NA,NA,0,84960,87648,-2688,12336,9684,2652,97334,97334
"7921",2020-05-21,NA,NA,0,31212,31940,-728,1738,1808,-70,33749,33749
"7922",2020-05-22,NA,NA,0,56547,57893,-1346,7241,5894,1347,63787,63787
"7923",2020-05-25,NA,NA,0,39428,43025,-3597,6003,2463,3540,45487,45487
"7924",2020-05-26,NA,NA,0,22906,27948,-5042,6422,1385,5037,29437,29437
"7925",2020-05-27,NA,NA,0,47571,50465,-2894,2529,1523,1006,51989,51989
"7926",2020-05-28,NA,NA,0,32950,32104,846,7133,7978,-845,40083,40083
"7927",2020-05-29,0,0,0,38475,42009,-3534,4661,2127,2534,44136,44136
"7928",2020-06-01,NA,NA,0,13466,15194,-1728,1562,1202,360,16396,16396
"7929",2020-06-02,NA,NA,0,18507,22436,-3929,4054,721,3333,23157,23157
"7930",2020-06-03,NA,NA,0,19407,19042,365,1135,1499,-364,20542,20542
"7931",2020-06-04,NA,NA,0,12870,13458,-588,2538,1950,588,15408,15408
"7932",2020-06-05,NA,NA,0,19946,21609,-1663,1998,758,1240,22367,22367
"7933",2020-06-08,NA,NA,0,20867,20865,2,4153,4154,-1,25020,25020
"7934",2020-06-09,NA,NA,0,9862,9561,301,1419,1626,-207,11328,11328
"7935",2020-06-10,NA,NA,0,18704,21754,-3050,3871,822,3049,22575,22575
"7936",2020-06-11,NA,NA,0,27308,26691,617,2633,3573,-940,30264,30264
"7937",2020-06-12,NA,NA,0,23808,25910,-2102,4419,2327,2092,28500,28500
"7938",2020-06-15,NA,NA,0,25859,22632,3227,3229,6526,-3297,29158,29158
"7939",2020-06-16,NA,NA,0,16588,18783,-2195,2867,678,2189,19461,19461
"7940",2020-06-17,NA,NA,0,23734,25457,-1723,5905,4487,1418,30074,30074
"7941",2020-06-18,NA,NA,0,16759,18184,-1425,3098,952,2146,20054,20054
"7942",2020-06-19,NA,NA,0,113478,114392,-914,12946,11497,1449,126568,126568
"7943",2020-06-22,NA,NA,0,52204,47813,4391,6681,11104,-4423,58916,58916
"7944",2020-06-23,NA,NA,0,18787,18057,730,2636,3367,-731,21423,21423
"7945",2020-06-24,NA,NA,0,20330,20077,253,2565,2818,-253,22895,22895
"7946",2020-06-25,NA,NA,0,29431,31527,-2096,4042,1989,2053,33516,33516
"7947",2020-06-26,NA,NA,0,8314,8402,-88,642,554,88,8956,8956
"7948",2020-06-29,NA,NA,0,19418,18956,462,1689,2152,-463,21108,21108
"7949",2020-06-30,NA,NA,0,14808,15075,-267,2203,1935,268,17091,17091
"7950",2020-07-01,NA,NA,0,14328,14602,-274,498,228,270,14830,14830
"7951",2020-07-02,NA,NA,0,2656,2905,-249,249,0,249,2905,2905
"7952",2020-07-03,NA,NA,0,13865,14653,-788,1166,379,787,15032,15032
"7953",2020-07-06,NA,NA,0,8794,9190,-396,545,150,395,9339,9339
"7954",2020-07-07,NA,NA,0,20173,21704,-1531,2800,1271,1529,23057,23057
"7955",2020-07-08,NA,NA,0,16572,16678,-106,645,539,106,17217,17217
"7956",2020-07-09,NA,NA,0,19455,19815,-360,619,262,357,20078,20078
"7957",2020-07-10,NA,NA,0,11861,9387,2474,718,3191,-2473,12578,12578
"7958",2020-07-13,NA,NA,0,15283,16596,-1313,1672,360,1312,16956,16956
"7959",2020-07-14,NA,NA,0,5638,5915,-277,596,319,277,6234,6234
"7960",2020-07-15,NA,NA,0,11216,13391,-2175,1947,333,1614,13724,13724
"7961",2020-07-16,NA,NA,0,12103,14244,-2141,2789,654,2135,14898,14898
"7962",2020-07-17,NA,NA,0,3913,4465,-552,697,145,552,4610,4610
"7963",2020-07-20,NA,NA,0,7967,8584,-617,885,2245,-1360,10829,10829
"7964",2020-07-21,NA,NA,0,6937,7275,-338,298,78,220,7353,7353
"7965",2020-07-22,NA,NA,0,12125,12369,-244,910,795,115,13165,13165
"7966",2020-07-23,NA,NA,0,20153,19639,514,1442,1957,-515,21596,21596
"7967",2020-07-24,NA,NA,0,10440,10592,-152,471,1953,-1482,12545,12545
"7968",2020-07-27,NA,NA,0,6065,8530,-2465,1137,101,1036,9179,9179
"7969",2020-07-28,NA,NA,0,16069,16652,-583,1223,903,320,18399,18399
"7970",2020-07-29,NA,NA,0,9062,10772,-1710,2544,854,1690,11626,11626
"7971",2020-07-30,NA,NA,0,22932,25840,-2908,4381,1643,2738,27575,27575
"7972",2020-07-31,NA,NA,0,13322,14313,-991,1092,3092,-2000,17406,17406
"7973",2020-08-03,NA,NA,0,23141,22087,1054,750,1931,-1181,24018,24018
"7974",2020-08-04,NA,NA,0,22582,23877,-1295,1700,405,1295,24282,24282
"7975",2020-08-05,NA,NA,0,9956,9759,197,302,498,-196,10257,10257
"7976",2020-08-06,NA,NA,0,11828,12305,-477,734,263,471,12568,12568
"7977",2020-08-07,NA,NA,0,12995,12109,886,139,1031,-892,13140,13140
"7978",2020-08-10,NA,NA,0,57000,60816,-3816,6449,2671,3778,63489,63489
"7979",2020-08-11,NA,NA,0,13756,14150,-394,869,475,394,14625,14625
"7980",2020-08-12,NA,NA,0,40548,38015,2533,2609,5135,-2526,43281,43281
"7981",2020-08-13,NA,NA,0,13486,14270,-784,964,180,784,14450,14450
