"","date","Open","High","Low","Close","Adj_Close"
"3",1990-01-03,NA,NA,NA,NA,NA
"4",1990-01-04,NA,NA,NA,NA,NA
"5",1990-01-05,NA,NA,NA,NA,NA
"6",1990-01-06,NA,NA,NA,NA,NA
"7",1990-01-08,NA,NA,NA,NA,NA
"8",1990-01-09,NA,NA,NA,NA,NA
"9",1990-01-10,NA,NA,NA,NA,NA
"10",1990-01-11,NA,NA,NA,NA,NA
"11",1990-01-12,NA,NA,NA,NA,NA
"12",1990-01-13,NA,NA,NA,NA,NA
"13",1990-01-15,NA,NA,NA,NA,NA
"14",1990-01-16,NA,NA,NA,NA,NA
"15",1990-01-17,NA,NA,NA,NA,NA
"16",1990-01-18,NA,NA,NA,NA,NA
"17",1990-01-19,NA,NA,NA,NA,NA
"18",1990-01-20,NA,NA,NA,NA,NA
"19",1990-01-22,NA,NA,NA,NA,NA
"20",1990-01-23,NA,NA,NA,NA,NA
"21",1990-01-24,NA,NA,NA,NA,NA
"22",1990-01-25,NA,NA,NA,NA,NA
"23",1990-01-29,NA,NA,NA,NA,NA
"24",1990-01-30,NA,NA,NA,NA,NA
"25",1990-01-31,NA,NA,NA,NA,NA
"26",1990-02-01,NA,NA,NA,NA,NA
"27",1990-02-02,NA,NA,NA,NA,NA
"28",1990-02-03,NA,NA,NA,NA,NA
"29",1990-02-05,NA,NA,NA,NA,NA
"30",1990-02-06,NA,NA,NA,NA,NA
"31",1990-02-07,NA,NA,NA,NA,NA
"32",1990-02-08,NA,NA,NA,NA,NA
"33",1990-02-09,NA,NA,NA,NA,NA
"34",1990-02-10,NA,NA,NA,NA,NA
"35",1990-02-12,NA,NA,NA,NA,NA
"36",1990-02-13,NA,NA,NA,NA,NA
"37",1990-02-14,NA,NA,NA,NA,NA
"38",1990-02-15,NA,NA,NA,NA,NA
"39",1990-02-16,NA,NA,NA,NA,NA
"40",1990-02-17,NA,NA,NA,NA,NA
"41",1990-02-19,NA,NA,NA,NA,NA
"42",1990-02-20,NA,NA,NA,NA,NA
"43",1990-02-21,NA,NA,NA,NA,NA
"44",1990-02-22,NA,NA,NA,NA,NA
"45",1990-02-23,NA,NA,NA,NA,NA
"46",1990-02-24,NA,NA,NA,NA,NA
"47",1990-02-26,NA,NA,NA,NA,NA
"48",1990-02-27,NA,NA,NA,NA,NA
"49",1990-02-28,NA,NA,NA,NA,NA
"50",1990-03-02,NA,NA,NA,NA,NA
"51",1990-03-03,NA,NA,NA,NA,NA
"52",1990-03-05,NA,NA,NA,NA,NA
"53",1990-03-06,NA,NA,NA,NA,NA
"54",1990-03-07,NA,NA,NA,NA,NA
"55",1990-03-08,NA,NA,NA,NA,NA
"56",1990-03-09,NA,NA,NA,NA,NA
"57",1990-03-12,NA,NA,NA,NA,NA
"58",1990-03-13,NA,NA,NA,NA,NA
"59",1990-03-14,NA,NA,NA,NA,NA
"60",1990-03-15,NA,NA,NA,NA,NA
"61",1990-03-16,NA,NA,NA,NA,NA
"62",1990-03-17,NA,NA,NA,NA,NA
"63",1990-03-19,NA,NA,NA,NA,NA
"64",1990-03-20,NA,NA,NA,NA,NA
"65",1990-03-21,NA,NA,NA,NA,NA
"66",1990-03-22,NA,NA,NA,NA,NA
"67",1990-03-23,NA,NA,NA,NA,NA
"68",1990-03-24,NA,NA,NA,NA,NA
"69",1990-03-26,NA,NA,NA,NA,NA
"70",1990-03-27,NA,NA,NA,NA,NA
"71",1990-03-28,NA,NA,NA,NA,NA
"72",1990-03-29,NA,NA,NA,NA,NA
"73",1990-03-30,NA,NA,NA,NA,NA
"74",1990-03-31,NA,NA,NA,NA,NA
"75",1990-04-02,NA,NA,NA,NA,NA
"76",1990-04-03,NA,NA,NA,NA,NA
"77",1990-04-04,NA,NA,NA,NA,NA
"78",1990-04-06,NA,NA,NA,NA,NA
"79",1990-04-07,NA,NA,NA,NA,NA
"80",1990-04-09,NA,NA,NA,NA,NA
"81",1990-04-10,NA,NA,NA,NA,NA
"82",1990-04-11,NA,NA,NA,NA,NA
"83",1990-04-12,NA,NA,NA,NA,NA
"84",1990-04-13,NA,NA,NA,NA,NA
"85",1990-04-14,NA,NA,NA,NA,NA
"86",1990-04-16,NA,NA,NA,NA,NA
"87",1990-04-17,NA,NA,NA,NA,NA
"88",1990-04-18,NA,NA,NA,NA,NA
"89",1990-04-19,NA,NA,NA,NA,NA
"90",1990-04-20,NA,NA,NA,NA,NA
"91",1990-04-21,NA,NA,NA,NA,NA
"92",1990-04-23,NA,NA,NA,NA,NA
"93",1990-04-24,NA,NA,NA,NA,NA
"94",1990-04-25,NA,NA,NA,NA,NA
"95",1990-04-26,NA,NA,NA,NA,NA
"96",1990-04-27,NA,NA,NA,NA,NA
"97",1990-04-28,NA,NA,NA,NA,NA
"98",1990-04-30,NA,NA,NA,NA,NA
"99",1990-05-01,NA,NA,NA,NA,NA
"100",1990-05-03,NA,NA,NA,NA,NA
"101",1990-05-04,NA,NA,NA,NA,NA
"102",1990-05-07,NA,NA,NA,NA,NA
"103",1990-05-08,NA,NA,NA,NA,NA
"104",1990-05-09,NA,NA,NA,NA,NA
"105",1990-05-10,NA,NA,NA,NA,NA
"106",1990-05-11,NA,NA,NA,NA,NA
"107",1990-05-12,NA,NA,NA,NA,NA
"108",1990-05-14,NA,NA,NA,NA,NA
"109",1990-05-15,NA,NA,NA,NA,NA
"110",1990-05-16,NA,NA,NA,NA,NA
"111",1990-05-17,NA,NA,NA,NA,NA
"112",1990-05-18,NA,NA,NA,NA,NA
"113",1990-05-19,NA,NA,NA,NA,NA
"114",1990-05-21,NA,NA,NA,NA,NA
"115",1990-05-22,NA,NA,NA,NA,NA
"116",1990-05-23,NA,NA,NA,NA,NA
"117",1990-05-24,NA,NA,NA,NA,NA
"118",1990-05-25,NA,NA,NA,NA,NA
"119",1990-05-26,NA,NA,NA,NA,NA
"120",1990-05-28,NA,NA,NA,NA,NA
"121",1990-05-29,NA,NA,NA,NA,NA
"122",1990-05-30,NA,NA,NA,NA,NA
"123",1990-05-31,NA,NA,NA,NA,NA
"124",1990-06-01,NA,NA,NA,NA,NA
"125",1990-06-02,NA,NA,NA,NA,NA
"126",1990-06-04,NA,NA,NA,NA,NA
"127",1990-06-05,NA,NA,NA,NA,NA
"128",1990-06-07,NA,NA,NA,NA,NA
"129",1990-06-08,NA,NA,NA,NA,NA
"130",1990-06-09,NA,NA,NA,NA,NA
"131",1990-06-11,NA,NA,NA,NA,NA
"132",1990-06-12,NA,NA,NA,NA,NA
"133",1990-06-13,NA,NA,NA,NA,NA
"134",1990-06-14,NA,NA,NA,NA,NA
"135",1990-06-15,NA,NA,NA,NA,NA
"136",1990-06-16,NA,NA,NA,NA,NA
"137",1990-06-18,NA,NA,NA,NA,NA
"138",1990-06-19,NA,NA,NA,NA,NA
"139",1990-06-20,NA,NA,NA,NA,NA
"140",1990-06-21,NA,NA,NA,NA,NA
"141",1990-06-22,NA,NA,NA,NA,NA
"142",1990-06-23,NA,NA,NA,NA,NA
"143",1990-06-25,NA,NA,NA,NA,NA
"144",1990-06-26,NA,NA,NA,NA,NA
"145",1990-06-27,NA,NA,NA,NA,NA
"146",1990-06-28,NA,NA,NA,NA,NA
"147",1990-06-29,NA,NA,NA,NA,NA
"148",1990-06-30,NA,NA,NA,NA,NA
"149",1990-07-02,NA,NA,NA,NA,NA
"150",1990-07-03,NA,NA,NA,NA,NA
"151",1990-07-04,NA,NA,NA,NA,NA
"152",1990-07-05,NA,NA,NA,NA,NA
"153",1990-07-06,NA,NA,NA,NA,NA
"154",1990-07-07,NA,NA,NA,NA,NA
"155",1990-07-09,NA,NA,NA,NA,NA
"156",1990-07-10,NA,NA,NA,NA,NA
"157",1990-07-11,NA,NA,NA,NA,NA
"158",1990-07-12,NA,NA,NA,NA,NA
"159",1990-07-13,NA,NA,NA,NA,NA
"160",1990-07-14,NA,NA,NA,NA,NA
"161",1990-07-16,NA,NA,NA,NA,NA
"162",1990-07-18,NA,NA,NA,NA,NA
"163",1990-07-19,NA,NA,NA,NA,NA
"164",1990-07-20,NA,NA,NA,NA,NA
"165",1990-07-21,NA,NA,NA,NA,NA
"166",1990-07-23,NA,NA,NA,NA,NA
"167",1990-07-24,NA,NA,NA,NA,NA
"168",1990-07-25,NA,NA,NA,NA,NA
"169",1990-07-26,NA,NA,NA,NA,NA
"170",1990-07-27,NA,NA,NA,NA,NA
"171",1990-07-28,NA,NA,NA,NA,NA
"172",1990-07-30,NA,NA,NA,NA,NA
"173",1990-07-31,NA,NA,NA,NA,NA
"174",1990-08-01,NA,NA,NA,NA,NA
"175",1990-08-02,NA,NA,NA,NA,NA
"176",1990-08-03,NA,NA,NA,NA,NA
"177",1990-08-04,NA,NA,NA,NA,NA
"178",1990-08-06,NA,NA,NA,NA,NA
"179",1990-08-07,NA,NA,NA,NA,NA
"180",1990-08-08,NA,NA,NA,NA,NA
"181",1990-08-09,NA,NA,NA,NA,NA
"182",1990-08-10,NA,NA,NA,NA,NA
"183",1990-08-11,NA,NA,NA,NA,NA
"184",1990-08-13,NA,NA,NA,NA,NA
"185",1990-08-14,NA,NA,NA,NA,NA
"186",1990-08-16,NA,NA,NA,NA,NA
"187",1990-08-17,NA,NA,NA,NA,NA
"188",1990-08-18,NA,NA,NA,NA,NA
"189",1990-08-20,NA,NA,NA,NA,NA
"190",1990-08-21,NA,NA,NA,NA,NA
"191",1990-08-22,NA,NA,NA,NA,NA
"192",1990-08-23,NA,NA,NA,NA,NA
"193",1990-08-24,NA,NA,NA,NA,NA
"194",1990-08-25,NA,NA,NA,NA,NA
"195",1990-08-27,NA,NA,NA,NA,NA
"196",1990-08-28,NA,NA,NA,NA,NA
"197",1990-08-29,NA,NA,NA,NA,NA
"198",1990-08-30,NA,NA,NA,NA,NA
"199",1990-08-31,NA,NA,NA,NA,NA
"200",1990-09-01,NA,NA,NA,NA,NA
"201",1990-09-03,NA,NA,NA,NA,NA
"202",1990-09-04,NA,NA,NA,NA,NA
"203",1990-09-05,NA,NA,NA,NA,NA
"204",1990-09-06,NA,NA,NA,NA,NA
"205",1990-09-07,NA,NA,NA,NA,NA
"206",1990-09-08,NA,NA,NA,NA,NA
"207",1990-09-10,NA,NA,NA,NA,NA
"208",1990-09-11,NA,NA,NA,NA,NA
"209",1990-09-12,NA,NA,NA,NA,NA
"210",1990-09-13,NA,NA,NA,NA,NA
"211",1990-09-14,NA,NA,NA,NA,NA
"212",1990-09-15,NA,NA,NA,NA,NA
"213",1990-09-17,NA,NA,NA,NA,NA
"214",1990-09-18,NA,NA,NA,NA,NA
"215",1990-09-19,NA,NA,NA,NA,NA
"216",1990-09-20,NA,NA,NA,NA,NA
"217",1990-09-21,NA,NA,NA,NA,NA
"218",1990-09-22,NA,NA,NA,NA,NA
"219",1990-09-24,NA,NA,NA,NA,NA
"220",1990-09-25,NA,NA,NA,NA,NA
"221",1990-09-26,NA,NA,NA,NA,NA
"222",1990-09-27,NA,NA,NA,NA,NA
"223",1990-09-28,NA,NA,NA,NA,NA
"224",1990-09-29,NA,NA,NA,NA,NA
"225",1990-10-05,NA,NA,NA,NA,NA
"226",1990-10-06,NA,NA,NA,NA,NA
"227",1990-10-08,NA,NA,NA,NA,NA
"228",1990-10-10,NA,NA,NA,NA,NA
"229",1990-10-11,NA,NA,NA,NA,NA
"230",1990-10-12,NA,NA,NA,NA,NA
"231",1990-10-13,NA,NA,NA,NA,NA
"232",1990-10-15,NA,NA,NA,NA,NA
"233",1990-10-16,NA,NA,NA,NA,NA
"234",1990-10-17,NA,NA,NA,NA,NA
"235",1990-10-18,NA,NA,NA,NA,NA
"236",1990-10-19,NA,NA,NA,NA,NA
"237",1990-10-20,NA,NA,NA,NA,NA
"238",1990-10-22,NA,NA,NA,NA,NA
"239",1990-10-23,NA,NA,NA,NA,NA
"240",1990-10-24,NA,NA,NA,NA,NA
"241",1990-10-25,NA,NA,NA,NA,NA
"242",1990-10-26,NA,NA,NA,NA,NA
"243",1990-10-27,NA,NA,NA,NA,NA
"244",1990-10-29,NA,NA,NA,NA,NA
"245",1990-10-30,NA,NA,NA,NA,NA
"246",1990-10-31,NA,NA,NA,NA,NA
"247",1990-11-01,NA,NA,NA,NA,NA
"248",1990-11-02,NA,NA,NA,NA,NA
"249",1990-11-03,NA,NA,NA,NA,NA
"250",1990-11-05,NA,NA,NA,NA,NA
"251",1990-11-06,NA,NA,NA,NA,NA
"252",1990-11-07,NA,NA,NA,NA,NA
"253",1990-11-08,NA,NA,NA,NA,NA
"254",1990-11-09,NA,NA,NA,NA,NA
"255",1990-11-10,NA,NA,NA,NA,NA
"256",1990-11-12,NA,NA,NA,NA,NA
"257",1990-11-13,NA,NA,NA,NA,NA
"258",1990-11-14,NA,NA,NA,NA,NA
"259",1990-11-15,NA,NA,NA,NA,NA
"260",1990-11-16,NA,NA,NA,NA,NA
"261",1990-11-17,NA,NA,NA,NA,NA
"262",1990-11-19,NA,NA,NA,NA,NA
"263",1990-11-20,NA,NA,NA,NA,NA
"264",1990-11-21,NA,NA,NA,NA,NA
"265",1990-11-22,NA,NA,NA,NA,NA
"266",1990-11-23,NA,NA,NA,NA,NA
"267",1990-11-24,NA,NA,NA,NA,NA
"268",1990-11-26,NA,NA,NA,NA,NA
"269",1990-11-27,NA,NA,NA,NA,NA
"270",1990-11-28,NA,NA,NA,NA,NA
"271",1990-11-29,NA,NA,NA,NA,NA
"272",1990-11-30,NA,NA,NA,NA,NA
"273",1990-12-01,NA,NA,NA,NA,NA
"274",1990-12-03,NA,NA,NA,NA,NA
"275",1990-12-04,NA,NA,NA,NA,NA
"276",1990-12-05,NA,NA,NA,NA,NA
"277",1990-12-06,NA,NA,NA,NA,NA
"278",1990-12-07,NA,NA,NA,NA,NA
"279",1990-12-08,NA,NA,NA,NA,NA
"280",1990-12-10,NA,NA,NA,NA,NA
"281",1990-12-11,NA,NA,NA,NA,NA
"282",1990-12-12,NA,NA,NA,NA,NA
"283",1990-12-13,NA,NA,NA,NA,NA
"284",1990-12-14,NA,NA,NA,NA,NA
"285",1990-12-15,NA,NA,NA,NA,NA
"286",1990-12-17,NA,NA,NA,NA,NA
"287",1990-12-18,NA,NA,NA,NA,NA
"288",1990-12-19,NA,NA,NA,NA,NA
"289",1990-12-20,NA,NA,NA,NA,NA
"290",1990-12-21,NA,NA,NA,NA,NA
"291",1990-12-22,NA,NA,NA,NA,NA
"292",1990-12-24,NA,NA,NA,NA,NA
"293",1990-12-26,NA,NA,NA,NA,NA
"294",1991-01-03,NA,NA,NA,NA,NA
"295",1991-01-04,NA,NA,NA,NA,NA
"296",1991-01-05,NA,NA,NA,NA,NA
"297",1991-01-07,NA,NA,NA,NA,NA
"298",1991-01-08,NA,NA,NA,NA,NA
"299",1991-01-09,NA,NA,NA,NA,NA
"300",1991-01-10,NA,NA,NA,NA,NA
"301",1991-01-11,NA,NA,NA,NA,NA
"302",1991-01-12,NA,NA,NA,NA,NA
"303",1991-01-14,NA,NA,NA,NA,NA
"304",1991-01-15,NA,NA,NA,NA,NA
"305",1991-01-16,NA,NA,NA,NA,NA
"306",1991-01-17,NA,NA,NA,NA,NA
"307",1991-01-18,NA,NA,NA,NA,NA
"308",1991-01-19,NA,NA,NA,NA,NA
"309",1991-01-21,NA,NA,NA,NA,NA
"310",1991-01-22,NA,NA,NA,NA,NA
"311",1991-01-23,NA,NA,NA,NA,NA
"312",1991-01-24,NA,NA,NA,NA,NA
"313",1991-01-25,NA,NA,NA,NA,NA
"314",1991-01-26,NA,NA,NA,NA,NA
"315",1991-01-28,NA,NA,NA,NA,NA
"316",1991-01-29,NA,NA,NA,NA,NA
"317",1991-01-30,NA,NA,NA,NA,NA
"318",1991-01-31,NA,NA,NA,NA,NA
"319",1991-02-01,NA,NA,NA,NA,NA
"320",1991-02-02,NA,NA,NA,NA,NA
"321",1991-02-04,NA,NA,NA,NA,NA
"322",1991-02-05,NA,NA,NA,NA,NA
"323",1991-02-06,NA,NA,NA,NA,NA
"324",1991-02-07,NA,NA,NA,NA,NA
"325",1991-02-08,NA,NA,NA,NA,NA
"326",1991-02-09,NA,NA,NA,NA,NA
"327",1991-02-11,NA,NA,NA,NA,NA
"328",1991-02-12,NA,NA,NA,NA,NA
"329",1991-02-13,NA,NA,NA,NA,NA
"330",1991-02-18,NA,NA,NA,NA,NA
"331",1991-02-19,NA,NA,NA,NA,NA
"332",1991-02-20,NA,NA,NA,NA,NA
"333",1991-02-21,NA,NA,NA,NA,NA
"334",1991-02-22,NA,NA,NA,NA,NA
"335",1991-02-23,NA,NA,NA,NA,NA
"336",1991-02-25,NA,NA,NA,NA,NA
"337",1991-02-26,NA,NA,NA,NA,NA
"338",1991-02-27,NA,NA,NA,NA,NA
"339",1991-02-28,NA,NA,NA,NA,NA
"340",1991-03-02,NA,NA,NA,NA,NA
"341",1991-03-04,NA,NA,NA,NA,NA
"342",1991-03-05,NA,NA,NA,NA,NA
"343",1991-03-06,NA,NA,NA,NA,NA
"344",1991-03-07,NA,NA,NA,NA,NA
"345",1991-03-08,NA,NA,NA,NA,NA
"346",1991-03-09,NA,NA,NA,NA,NA
"347",1991-03-11,NA,NA,NA,NA,NA
"348",1991-03-12,NA,NA,NA,NA,NA
"349",1991-03-13,NA,NA,NA,NA,NA
"350",1991-03-14,NA,NA,NA,NA,NA
"351",1991-03-15,NA,NA,NA,NA,NA
"352",1991-03-16,NA,NA,NA,NA,NA
"353",1991-03-18,NA,NA,NA,NA,NA
"354",1991-03-19,NA,NA,NA,NA,NA
"355",1991-03-20,NA,NA,NA,NA,NA
"356",1991-03-21,NA,NA,NA,NA,NA
"357",1991-03-22,NA,NA,NA,NA,NA
"358",1991-03-23,NA,NA,NA,NA,NA
"359",1991-03-25,NA,NA,NA,NA,NA
"360",1991-03-27,NA,NA,NA,NA,NA
"361",1991-03-28,NA,NA,NA,NA,NA
"362",1991-03-29,NA,NA,NA,NA,NA
"363",1991-03-30,NA,NA,NA,NA,NA
"364",1991-04-01,NA,NA,NA,NA,NA
"365",1991-04-02,NA,NA,NA,NA,NA
"366",1991-04-03,NA,NA,NA,NA,NA
"367",1991-04-04,NA,NA,NA,NA,NA
"368",1991-04-06,NA,NA,NA,NA,NA
"369",1991-04-08,NA,NA,NA,NA,NA
"370",1991-04-09,NA,NA,NA,NA,NA
"371",1991-04-10,NA,NA,NA,NA,NA
"372",1991-04-11,NA,NA,NA,NA,NA
"373",1991-04-12,NA,NA,NA,NA,NA
"374",1991-04-13,NA,NA,NA,NA,NA
"375",1991-04-15,NA,NA,NA,NA,NA
"376",1991-04-16,NA,NA,NA,NA,NA
"377",1991-04-17,NA,NA,NA,NA,NA
"378",1991-04-18,NA,NA,NA,NA,NA
"379",1991-04-19,NA,NA,NA,NA,NA
"380",1991-04-20,NA,NA,NA,NA,NA
"381",1991-04-22,NA,NA,NA,NA,NA
"382",1991-04-23,NA,NA,NA,NA,NA
"383",1991-04-24,NA,NA,NA,NA,NA
"384",1991-04-25,NA,NA,NA,NA,NA
"385",1991-04-26,NA,NA,NA,NA,NA
"386",1991-04-27,NA,NA,NA,NA,NA
"387",1991-04-29,NA,NA,NA,NA,NA
"388",1991-04-30,NA,NA,NA,NA,NA
"389",1991-05-01,NA,NA,NA,NA,NA
"390",1991-05-02,NA,NA,NA,NA,NA
"391",1991-05-03,NA,NA,NA,NA,NA
"392",1991-05-04,NA,NA,NA,NA,NA
"393",1991-05-06,NA,NA,NA,NA,NA
"394",1991-05-07,NA,NA,NA,NA,NA
"395",1991-05-08,NA,NA,NA,NA,NA
"396",1991-05-09,NA,NA,NA,NA,NA
"397",1991-05-10,NA,NA,NA,NA,NA
"398",1991-05-11,NA,NA,NA,NA,NA
"399",1991-05-13,NA,NA,NA,NA,NA
"400",1991-05-14,NA,NA,NA,NA,NA
"401",1991-05-15,NA,NA,NA,NA,NA
"402",1991-05-16,NA,NA,NA,NA,NA
"403",1991-05-17,NA,NA,NA,NA,NA
"404",1991-05-18,NA,NA,NA,NA,NA
"405",1991-05-20,NA,NA,NA,NA,NA
"406",1991-05-22,NA,NA,NA,NA,NA
"407",1991-05-23,NA,NA,NA,NA,NA
"408",1991-05-24,NA,NA,NA,NA,NA
"409",1991-05-25,NA,NA,NA,NA,NA
"410",1991-05-27,NA,NA,NA,NA,NA
"411",1991-05-28,NA,NA,NA,NA,NA
"412",1991-05-29,NA,NA,NA,NA,NA
"413",1991-05-30,NA,NA,NA,NA,NA
"414",1991-05-31,NA,NA,NA,NA,NA
"415",1991-06-01,NA,NA,NA,NA,NA
"416",1991-06-03,NA,NA,NA,NA,NA
"417",1991-06-04,NA,NA,NA,NA,NA
"418",1991-06-05,NA,NA,NA,NA,NA
"419",1991-06-07,NA,NA,NA,NA,NA
"420",1991-06-08,NA,NA,NA,NA,NA
"421",1991-06-10,NA,NA,NA,NA,NA
"422",1991-06-11,NA,NA,NA,NA,NA
"423",1991-06-12,NA,NA,NA,NA,NA
"424",1991-06-13,NA,NA,NA,NA,NA
"425",1991-06-14,NA,NA,NA,NA,NA
"426",1991-06-15,NA,NA,NA,NA,NA
"427",1991-06-17,NA,NA,NA,NA,NA
"428",1991-06-18,NA,NA,NA,NA,NA
"429",1991-06-19,NA,NA,NA,NA,NA
"430",1991-06-21,NA,NA,NA,NA,NA
"431",1991-06-22,NA,NA,NA,NA,NA
"432",1991-06-24,NA,NA,NA,NA,NA
"433",1991-06-25,NA,NA,NA,NA,NA
"434",1991-06-26,NA,NA,NA,NA,NA
"435",1991-06-27,NA,NA,NA,NA,NA
"436",1991-06-28,NA,NA,NA,NA,NA
"437",1991-06-29,NA,NA,NA,NA,NA
"438",1991-07-01,NA,NA,NA,NA,NA
"439",1991-07-02,NA,NA,NA,NA,NA
"440",1991-07-03,NA,NA,NA,NA,NA
"441",1991-07-04,NA,NA,NA,NA,NA
"442",1991-07-05,NA,NA,NA,NA,NA
"443",1991-07-06,NA,NA,NA,NA,NA
"444",1991-07-08,NA,NA,NA,NA,NA
"445",1991-07-09,NA,NA,NA,NA,NA
"446",1991-07-10,NA,NA,NA,NA,NA
"447",1991-07-11,NA,NA,NA,NA,NA
"448",1991-07-12,NA,NA,NA,NA,NA
"449",1991-07-13,NA,NA,NA,NA,NA
"450",1991-07-15,NA,NA,NA,NA,NA
"451",1991-07-16,NA,NA,NA,NA,NA
"452",1991-07-18,NA,NA,NA,NA,NA
"453",1991-07-19,NA,NA,NA,NA,NA
"454",1991-07-20,NA,NA,NA,NA,NA
"455",1991-07-22,NA,NA,NA,NA,NA
"456",1991-07-23,NA,NA,NA,NA,NA
"457",1991-07-24,NA,NA,NA,NA,NA
"458",1991-07-25,NA,NA,NA,NA,NA
"459",1991-07-26,NA,NA,NA,NA,NA
"460",1991-07-27,NA,NA,NA,NA,NA
"461",1991-07-29,NA,NA,NA,NA,NA
"462",1991-07-30,NA,NA,NA,NA,NA
"463",1991-07-31,NA,NA,NA,NA,NA
"464",1991-08-01,NA,NA,NA,NA,NA
"465",1991-08-02,NA,NA,NA,NA,NA
"466",1991-08-03,NA,NA,NA,NA,NA
"467",1991-08-05,NA,NA,NA,NA,NA
"468",1991-08-06,NA,NA,NA,NA,NA
"469",1991-08-07,NA,NA,NA,NA,NA
"470",1991-08-08,NA,NA,NA,NA,NA
"471",1991-08-09,NA,NA,NA,NA,NA
"472",1991-08-10,NA,NA,NA,NA,NA
"473",1991-08-12,NA,NA,NA,NA,NA
"474",1991-08-13,NA,NA,NA,NA,NA
"475",1991-08-14,NA,NA,NA,NA,NA
"476",1991-08-16,NA,NA,NA,NA,NA
"477",1991-08-17,NA,NA,NA,NA,NA
"478",1991-08-19,NA,NA,NA,NA,NA
"479",1991-08-20,NA,NA,NA,NA,NA
"480",1991-08-21,NA,NA,NA,NA,NA
"481",1991-08-22,NA,NA,NA,NA,NA
"482",1991-08-23,NA,NA,NA,NA,NA
"483",1991-08-24,NA,NA,NA,NA,NA
"484",1991-08-26,NA,NA,NA,NA,NA
"485",1991-08-27,NA,NA,NA,NA,NA
"486",1991-08-28,NA,NA,NA,NA,NA
"487",1991-08-29,NA,NA,NA,NA,NA
"488",1991-08-30,NA,NA,NA,NA,NA
"489",1991-08-31,NA,NA,NA,NA,NA
"490",1991-09-02,NA,NA,NA,NA,NA
"491",1991-09-03,NA,NA,NA,NA,NA
"492",1991-09-04,NA,NA,NA,NA,NA
"493",1991-09-05,NA,NA,NA,NA,NA
"494",1991-09-06,NA,NA,NA,NA,NA
"495",1991-09-07,NA,NA,NA,NA,NA
"496",1991-09-09,NA,NA,NA,NA,NA
"497",1991-09-10,NA,NA,NA,NA,NA
"498",1991-09-11,NA,NA,NA,NA,NA
"499",1991-09-12,NA,NA,NA,NA,NA
"500",1991-09-13,NA,NA,NA,NA,NA
"501",1991-09-14,NA,NA,NA,NA,NA
"502",1991-09-16,NA,NA,NA,NA,NA
"503",1991-09-17,NA,NA,NA,NA,NA
"504",1991-09-18,NA,NA,NA,NA,NA
"505",1991-09-19,NA,NA,NA,NA,NA
"506",1991-09-20,NA,NA,NA,NA,NA
"507",1991-09-24,NA,NA,NA,NA,NA
"508",1991-09-25,NA,NA,NA,NA,NA
"509",1991-09-26,NA,NA,NA,NA,NA
"510",1991-09-27,NA,NA,NA,NA,NA
"511",1991-09-28,NA,NA,NA,NA,NA
"512",1991-09-30,NA,NA,NA,NA,NA
"513",1991-10-01,NA,NA,NA,NA,NA
"514",1991-10-02,NA,NA,NA,NA,NA
"515",1991-10-04,NA,NA,NA,NA,NA
"516",1991-10-05,NA,NA,NA,NA,NA
"517",1991-10-07,NA,NA,NA,NA,NA
"518",1991-10-08,NA,NA,NA,NA,NA
"519",1991-10-09,NA,NA,NA,NA,NA
"520",1991-10-10,NA,NA,NA,NA,NA
"521",1991-10-11,NA,NA,NA,NA,NA
"522",1991-10-12,NA,NA,NA,NA,NA
"523",1991-10-14,NA,NA,NA,NA,NA
"524",1991-10-15,NA,NA,NA,NA,NA
"525",1991-10-16,NA,NA,NA,NA,NA
"526",1991-10-17,NA,NA,NA,NA,NA
"527",1991-10-18,NA,NA,NA,NA,NA
"528",1991-10-19,NA,NA,NA,NA,NA
"529",1991-10-21,NA,NA,NA,NA,NA
"530",1991-10-22,NA,NA,NA,NA,NA
"531",1991-10-23,NA,NA,NA,NA,NA
"532",1991-10-24,NA,NA,NA,NA,NA
"533",1991-10-25,NA,NA,NA,NA,NA
"534",1991-10-26,NA,NA,NA,NA,NA
"535",1991-10-28,NA,NA,NA,NA,NA
"536",1991-10-29,NA,NA,NA,NA,NA
"537",1991-10-30,NA,NA,NA,NA,NA
"538",1991-10-31,NA,NA,NA,NA,NA
"539",1991-11-01,NA,NA,NA,NA,NA
"540",1991-11-02,NA,NA,NA,NA,NA
"541",1991-11-04,NA,NA,NA,NA,NA
"542",1991-11-05,NA,NA,NA,NA,NA
"543",1991-11-06,NA,NA,NA,NA,NA
"544",1991-11-07,NA,NA,NA,NA,NA
"545",1991-11-08,NA,NA,NA,NA,NA
"546",1991-11-09,NA,NA,NA,NA,NA
"547",1991-11-11,NA,NA,NA,NA,NA
"548",1991-11-12,NA,NA,NA,NA,NA
"549",1991-11-13,NA,NA,NA,NA,NA
"550",1991-11-14,NA,NA,NA,NA,NA
"551",1991-11-15,NA,NA,NA,NA,NA
"552",1991-11-16,NA,NA,NA,NA,NA
"553",1991-11-18,NA,NA,NA,NA,NA
"554",1991-11-19,NA,NA,NA,NA,NA
"555",1991-11-20,NA,NA,NA,NA,NA
"556",1991-11-21,NA,NA,NA,NA,NA
"557",1991-11-22,NA,NA,NA,NA,NA
"558",1991-11-23,NA,NA,NA,NA,NA
"559",1991-11-25,NA,NA,NA,NA,NA
"560",1991-11-26,NA,NA,NA,NA,NA
"561",1991-11-27,NA,NA,NA,NA,NA
"562",1991-11-28,NA,NA,NA,NA,NA
"563",1991-11-29,NA,NA,NA,NA,NA
"564",1991-11-30,NA,NA,NA,NA,NA
"565",1991-12-02,NA,NA,NA,NA,NA
"566",1991-12-03,NA,NA,NA,NA,NA
"567",1991-12-04,NA,NA,NA,NA,NA
"568",1991-12-05,NA,NA,NA,NA,NA
"569",1991-12-06,NA,NA,NA,NA,NA
"570",1991-12-07,NA,NA,NA,NA,NA
"571",1991-12-09,NA,NA,NA,NA,NA
"572",1991-12-10,NA,NA,NA,NA,NA
"573",1991-12-11,NA,NA,NA,NA,NA
"574",1991-12-12,NA,NA,NA,NA,NA
"575",1991-12-13,NA,NA,NA,NA,NA
"576",1991-12-14,NA,NA,NA,NA,NA
"577",1991-12-16,NA,NA,NA,NA,NA
"578",1991-12-17,NA,NA,NA,NA,NA
"579",1991-12-18,NA,NA,NA,NA,NA
"580",1991-12-19,NA,NA,NA,NA,NA
"581",1991-12-20,NA,NA,NA,NA,NA
"582",1991-12-21,NA,NA,NA,NA,NA
"583",1991-12-23,NA,NA,NA,NA,NA
"584",1991-12-24,NA,NA,NA,NA,NA
"585",1991-12-26,NA,NA,NA,NA,NA
"586",1992-01-03,NA,NA,NA,NA,NA
"587",1992-01-04,NA,NA,NA,NA,NA
"588",1992-01-06,NA,NA,NA,NA,NA
"589",1992-01-07,NA,NA,NA,NA,NA
"590",1992-01-08,NA,NA,NA,NA,NA
"591",1992-01-09,NA,NA,NA,NA,NA
"592",1992-01-10,NA,NA,NA,NA,NA
"593",1992-01-11,NA,NA,NA,NA,NA
"594",1992-01-13,NA,NA,NA,NA,NA
"595",1992-01-14,NA,NA,NA,NA,NA
"596",1992-01-15,NA,NA,NA,NA,NA
"597",1992-01-16,NA,NA,NA,NA,NA
"598",1992-01-17,NA,NA,NA,NA,NA
"599",1992-01-18,NA,NA,NA,NA,NA
"600",1992-01-20,NA,NA,NA,NA,NA
"601",1992-01-21,NA,NA,NA,NA,NA
"602",1992-01-22,NA,NA,NA,NA,NA
"603",1992-01-23,NA,NA,NA,NA,NA
"604",1992-01-24,NA,NA,NA,NA,NA
"605",1992-01-25,NA,NA,NA,NA,NA
"606",1992-01-27,NA,NA,NA,NA,NA
"607",1992-01-28,NA,NA,NA,NA,NA
"608",1992-01-29,NA,NA,NA,NA,NA
"609",1992-01-30,NA,NA,NA,NA,NA
"610",1992-01-31,NA,NA,NA,NA,NA
"611",1992-02-01,NA,NA,NA,NA,NA
"612",1992-02-06,NA,NA,NA,NA,NA
"613",1992-02-07,NA,NA,NA,NA,NA
"614",1992-02-08,NA,NA,NA,NA,NA
"615",1992-02-10,NA,NA,NA,NA,NA
"616",1992-02-11,NA,NA,NA,NA,NA
"617",1992-02-12,NA,NA,NA,NA,NA
"618",1992-02-13,NA,NA,NA,NA,NA
"619",1992-02-14,NA,NA,NA,NA,NA
"620",1992-02-15,NA,NA,NA,NA,NA
"621",1992-02-17,NA,NA,NA,NA,NA
"622",1992-02-18,NA,NA,NA,NA,NA
"623",1992-02-19,NA,NA,NA,NA,NA
"624",1992-02-20,NA,NA,NA,NA,NA
"625",1992-02-21,NA,NA,NA,NA,NA
"626",1992-02-22,NA,NA,NA,NA,NA
"627",1992-02-24,NA,NA,NA,NA,NA
"628",1992-02-25,NA,NA,NA,NA,NA
"629",1992-02-26,NA,NA,NA,NA,NA
"630",1992-02-27,NA,NA,NA,NA,NA
"631",1992-02-28,NA,NA,NA,NA,NA
"632",1992-02-29,NA,NA,NA,NA,NA
"633",1992-03-02,NA,NA,NA,NA,NA
"634",1992-03-03,NA,NA,NA,NA,NA
"635",1992-03-04,NA,NA,NA,NA,NA
"636",1992-03-05,NA,NA,NA,NA,NA
"637",1992-03-06,NA,NA,NA,NA,NA
"638",1992-03-07,NA,NA,NA,NA,NA
"639",1992-03-09,NA,NA,NA,NA,NA
"640",1992-03-11,NA,NA,NA,NA,NA
"641",1992-03-12,NA,NA,NA,NA,NA
"642",1992-03-13,NA,NA,NA,NA,NA
"643",1992-03-14,NA,NA,NA,NA,NA
"644",1992-03-16,NA,NA,NA,NA,NA
"645",1992-03-17,NA,NA,NA,NA,NA
"646",1992-03-18,NA,NA,NA,NA,NA
"647",1992-03-19,NA,NA,NA,NA,NA
"648",1992-03-20,NA,NA,NA,NA,NA
"649",1992-03-21,NA,NA,NA,NA,NA
"650",1992-03-23,NA,NA,NA,NA,NA
"651",1992-03-25,NA,NA,NA,NA,NA
"652",1992-03-26,NA,NA,NA,NA,NA
"653",1992-03-27,NA,NA,NA,NA,NA
"654",1992-03-28,NA,NA,NA,NA,NA
"655",1992-03-30,NA,NA,NA,NA,NA
"656",1992-03-31,NA,NA,NA,NA,NA
"657",1992-04-01,NA,NA,NA,NA,NA
"658",1992-04-02,NA,NA,NA,NA,NA
"659",1992-04-03,NA,NA,NA,NA,NA
"660",1992-04-04,NA,NA,NA,NA,NA
"661",1992-04-06,NA,NA,NA,NA,NA
"662",1992-04-07,NA,NA,NA,NA,NA
"663",1992-04-08,NA,NA,NA,NA,NA
"664",1992-04-09,NA,NA,NA,NA,NA
"665",1992-04-10,NA,NA,NA,NA,NA
"666",1992-04-11,NA,NA,NA,NA,NA
"667",1992-04-13,NA,NA,NA,NA,NA
"668",1992-04-14,NA,NA,NA,NA,NA
"669",1992-04-15,NA,NA,NA,NA,NA
"670",1992-04-16,NA,NA,NA,NA,NA
"671",1992-04-17,NA,NA,NA,NA,NA
"672",1992-04-18,NA,NA,NA,NA,NA
"673",1992-04-20,NA,NA,NA,NA,NA
"674",1992-04-21,NA,NA,NA,NA,NA
"675",1992-04-22,NA,NA,NA,NA,NA
"676",1992-04-23,NA,NA,NA,NA,NA
"677",1992-04-24,NA,NA,NA,NA,NA
"678",1992-04-25,NA,NA,NA,NA,NA
"679",1992-04-27,NA,NA,NA,NA,NA
"680",1992-04-28,NA,NA,NA,NA,NA
"681",1992-04-29,NA,NA,NA,NA,NA
"682",1992-04-30,NA,NA,NA,NA,NA
"683",1992-05-01,NA,NA,NA,NA,NA
"684",1992-05-02,NA,NA,NA,NA,NA
"685",1992-05-04,NA,NA,NA,NA,NA
"686",1992-05-06,NA,NA,NA,NA,NA
"687",1992-05-07,NA,NA,NA,NA,NA
"688",1992-05-08,NA,NA,NA,NA,NA
"689",1992-05-09,NA,NA,NA,NA,NA
"690",1992-05-11,NA,NA,NA,NA,NA
"691",1992-05-12,NA,NA,NA,NA,NA
"692",1992-05-13,NA,NA,NA,NA,NA
"693",1992-05-14,NA,NA,NA,NA,NA
"694",1992-05-15,NA,NA,NA,NA,NA
"695",1992-05-16,NA,NA,NA,NA,NA
"696",1992-05-18,NA,NA,NA,NA,NA
"697",1992-05-19,NA,NA,NA,NA,NA
"698",1992-05-20,NA,NA,NA,NA,NA
"699",1992-05-21,NA,NA,NA,NA,NA
"700",1992-05-22,NA,NA,NA,NA,NA
"701",1992-05-23,NA,NA,NA,NA,NA
"702",1992-05-25,NA,NA,NA,NA,NA
"703",1992-05-26,NA,NA,NA,NA,NA
"704",1992-05-27,NA,NA,NA,NA,NA
"705",1992-05-28,NA,NA,NA,NA,NA
"706",1992-05-29,NA,NA,NA,NA,NA
"707",1992-05-30,NA,NA,NA,NA,NA
"708",1992-06-01,NA,NA,NA,NA,NA
"709",1992-06-02,NA,NA,NA,NA,NA
"710",1992-06-03,NA,NA,NA,NA,NA
"711",1992-06-04,NA,NA,NA,NA,NA
"712",1992-06-05,NA,NA,NA,NA,NA
"713",1992-06-08,NA,NA,NA,NA,NA
"714",1992-06-09,NA,NA,NA,NA,NA
"715",1992-06-10,NA,NA,NA,NA,NA
"716",1992-06-11,NA,NA,NA,NA,NA
"717",1992-06-12,NA,NA,NA,NA,NA
"718",1992-06-13,NA,NA,NA,NA,NA
"719",1992-06-15,NA,NA,NA,NA,NA
"720",1992-06-16,NA,NA,NA,NA,NA
"721",1992-06-17,NA,NA,NA,NA,NA
"722",1992-06-18,NA,NA,NA,NA,NA
"723",1992-06-19,NA,NA,NA,NA,NA
"724",1992-06-20,NA,NA,NA,NA,NA
"725",1992-06-22,NA,NA,NA,NA,NA
"726",1992-06-23,NA,NA,NA,NA,NA
"727",1992-06-24,NA,NA,NA,NA,NA
"728",1992-06-25,NA,NA,NA,NA,NA
"729",1992-06-26,NA,NA,NA,NA,NA
"730",1992-06-27,NA,NA,NA,NA,NA
"731",1992-06-29,NA,NA,NA,NA,NA
"732",1992-06-30,NA,NA,NA,NA,NA
"733",1992-07-01,NA,NA,NA,NA,NA
"734",1992-07-02,NA,NA,NA,NA,NA
"735",1992-07-03,NA,NA,NA,NA,NA
"736",1992-07-04,NA,NA,NA,NA,NA
"737",1992-07-06,NA,NA,NA,NA,NA
"738",1992-07-07,NA,NA,NA,NA,NA
"739",1992-07-08,NA,NA,NA,NA,NA
"740",1992-07-09,NA,NA,NA,NA,NA
"741",1992-07-10,NA,NA,NA,NA,NA
"742",1992-07-11,NA,NA,NA,NA,NA
"743",1992-07-13,NA,NA,NA,NA,NA
"744",1992-07-14,NA,NA,NA,NA,NA
"745",1992-07-15,NA,NA,NA,NA,NA
"746",1992-07-16,NA,NA,NA,NA,NA
"747",1992-07-18,NA,NA,NA,NA,NA
"748",1992-07-20,NA,NA,NA,NA,NA
"749",1992-07-21,NA,NA,NA,NA,NA
"750",1992-07-22,NA,NA,NA,NA,NA
"751",1992-07-23,NA,NA,NA,NA,NA
"752",1992-07-24,NA,NA,NA,NA,NA
"753",1992-07-25,NA,NA,NA,NA,NA
"754",1992-07-27,NA,NA,NA,NA,NA
"755",1992-07-28,NA,NA,NA,NA,NA
"756",1992-07-29,NA,NA,NA,NA,NA
"757",1992-07-30,NA,NA,NA,NA,NA
"758",1992-07-31,NA,NA,NA,NA,NA
"759",1992-08-01,NA,NA,NA,NA,NA
"760",1992-08-03,NA,NA,NA,NA,NA
"761",1992-08-04,NA,NA,NA,NA,NA
"762",1992-08-05,NA,NA,NA,NA,NA
"763",1992-08-06,NA,NA,NA,NA,NA
"764",1992-08-07,NA,NA,NA,NA,NA
"765",1992-08-08,NA,NA,NA,NA,NA
"766",1992-08-10,NA,NA,NA,NA,NA
"767",1992-08-11,NA,NA,NA,NA,NA
"768",1992-08-12,NA,NA,NA,NA,NA
"769",1992-08-13,NA,NA,NA,NA,NA
"770",1992-08-14,NA,NA,NA,NA,NA
"771",1992-08-17,NA,NA,NA,NA,NA
"772",1992-08-18,NA,NA,NA,NA,NA
"773",1992-08-19,NA,NA,NA,NA,NA
"774",1992-08-20,NA,NA,NA,NA,NA
"775",1992-08-21,NA,NA,NA,NA,NA
"776",1992-08-22,NA,NA,NA,NA,NA
"777",1992-08-24,NA,NA,NA,NA,NA
"778",1992-08-25,NA,NA,NA,NA,NA
"779",1992-08-26,NA,NA,NA,NA,NA
"780",1992-08-27,NA,NA,NA,NA,NA
"781",1992-08-28,NA,NA,NA,NA,NA
"782",1992-08-29,NA,NA,NA,NA,NA
"783",1992-08-31,NA,NA,NA,NA,NA
"784",1992-09-01,NA,NA,NA,NA,NA
"785",1992-09-02,NA,NA,NA,NA,NA
"786",1992-09-03,NA,NA,NA,NA,NA
"787",1992-09-04,NA,NA,NA,NA,NA
"788",1992-09-05,NA,NA,NA,NA,NA
"789",1992-09-07,NA,NA,NA,NA,NA
"790",1992-09-08,NA,NA,NA,NA,NA
"791",1992-09-09,NA,NA,NA,NA,NA
"792",1992-09-14,NA,NA,NA,NA,NA
"793",1992-09-15,NA,NA,NA,NA,NA
"794",1992-09-16,NA,NA,NA,NA,NA
"795",1992-09-17,NA,NA,NA,NA,NA
"796",1992-09-18,NA,NA,NA,NA,NA
"797",1992-09-19,NA,NA,NA,NA,NA
"798",1992-09-21,NA,NA,NA,NA,NA
"799",1992-09-22,NA,NA,NA,NA,NA
"800",1992-09-23,NA,NA,NA,NA,NA
"801",1992-09-24,NA,NA,NA,NA,NA
"802",1992-09-25,NA,NA,NA,NA,NA
"803",1992-09-26,NA,NA,NA,NA,NA
"804",1992-09-28,NA,NA,NA,NA,NA
"805",1992-09-29,NA,NA,NA,NA,NA
"806",1992-09-30,NA,NA,NA,NA,NA
"807",1992-10-01,NA,NA,NA,NA,NA
"808",1992-10-02,NA,NA,NA,NA,NA
"809",1992-10-05,NA,NA,NA,NA,NA
"810",1992-10-06,NA,NA,NA,NA,NA
"811",1992-10-07,NA,NA,NA,NA,NA
"812",1992-10-08,NA,NA,NA,NA,NA
"813",1992-10-09,NA,NA,NA,NA,NA
"814",1992-10-10,NA,NA,NA,NA,NA
"815",1992-10-12,NA,NA,NA,NA,NA
"816",1992-10-13,NA,NA,NA,NA,NA
"817",1992-10-14,NA,NA,NA,NA,NA
"818",1992-10-15,NA,NA,NA,NA,NA
"819",1992-10-16,NA,NA,NA,NA,NA
"820",1992-10-17,NA,NA,NA,NA,NA
"821",1992-10-19,NA,NA,NA,NA,NA
"822",1992-10-20,NA,NA,NA,NA,NA
"823",1992-10-21,NA,NA,NA,NA,NA
"824",1992-10-22,NA,NA,NA,NA,NA
"825",1992-10-23,NA,NA,NA,NA,NA
"826",1992-10-24,NA,NA,NA,NA,NA
"827",1992-10-26,NA,NA,NA,NA,NA
"828",1992-10-27,NA,NA,NA,NA,NA
"829",1992-10-28,NA,NA,NA,NA,NA
"830",1992-10-29,NA,NA,NA,NA,NA
"831",1992-10-30,NA,NA,NA,NA,NA
"832",1992-10-31,NA,NA,NA,NA,NA
"833",1992-11-02,NA,NA,NA,NA,NA
"834",1992-11-03,NA,NA,NA,NA,NA
"835",1992-11-04,NA,NA,NA,NA,NA
"836",1992-11-05,NA,NA,NA,NA,NA
"837",1992-11-06,NA,NA,NA,NA,NA
"838",1992-11-07,NA,NA,NA,NA,NA
"839",1992-11-09,NA,NA,NA,NA,NA
"840",1992-11-10,NA,NA,NA,NA,NA
"841",1992-11-11,NA,NA,NA,NA,NA
"842",1992-11-12,NA,NA,NA,NA,NA
"843",1992-11-13,NA,NA,NA,NA,NA
"844",1992-11-14,NA,NA,NA,NA,NA
"845",1992-11-16,NA,NA,NA,NA,NA
"846",1992-11-17,NA,NA,NA,NA,NA
"847",1992-11-18,NA,NA,NA,NA,NA
"848",1992-11-19,NA,NA,NA,NA,NA
"849",1992-11-20,NA,NA,NA,NA,NA
"850",1992-11-21,NA,NA,NA,NA,NA
"851",1992-11-23,NA,NA,NA,NA,NA
"852",1992-11-24,NA,NA,NA,NA,NA
"853",1992-11-25,NA,NA,NA,NA,NA
"854",1992-11-26,NA,NA,NA,NA,NA
"855",1992-11-27,NA,NA,NA,NA,NA
"856",1992-11-28,NA,NA,NA,NA,NA
"857",1992-11-30,NA,NA,NA,NA,NA
"858",1992-12-01,NA,NA,NA,NA,NA
"859",1992-12-02,NA,NA,NA,NA,NA
"860",1992-12-03,NA,NA,NA,NA,NA
"861",1992-12-04,NA,NA,NA,NA,NA
"862",1992-12-05,NA,NA,NA,NA,NA
"863",1992-12-07,NA,NA,NA,NA,NA
"864",1992-12-08,NA,NA,NA,NA,NA
"865",1992-12-09,NA,NA,NA,NA,NA
"866",1992-12-10,NA,NA,NA,NA,NA
"867",1992-12-11,NA,NA,NA,NA,NA
"868",1992-12-12,NA,NA,NA,NA,NA
"869",1992-12-14,NA,NA,NA,NA,NA
"870",1992-12-15,NA,NA,NA,NA,NA
"871",1992-12-16,NA,NA,NA,NA,NA
"872",1992-12-17,NA,NA,NA,NA,NA
"873",1992-12-19,NA,NA,NA,NA,NA
"874",1992-12-21,NA,NA,NA,NA,NA
"875",1992-12-22,NA,NA,NA,NA,NA
"876",1992-12-23,NA,NA,NA,NA,NA
"877",1992-12-24,NA,NA,NA,NA,NA
"878",1992-12-26,NA,NA,NA,NA,NA
"879",1992-12-28,NA,NA,NA,NA,NA
"880",1993-01-04,NA,NA,NA,NA,NA
"881",1993-01-05,NA,NA,NA,NA,NA
"882",1993-01-06,NA,NA,NA,NA,NA
"883",1993-01-07,NA,NA,NA,NA,NA
"884",1993-01-08,NA,NA,NA,NA,NA
"885",1993-01-09,NA,NA,NA,NA,NA
"886",1993-01-11,NA,NA,NA,NA,NA
"887",1993-01-12,NA,NA,NA,NA,NA
"888",1993-01-13,NA,NA,NA,NA,NA
"889",1993-01-14,NA,NA,NA,NA,NA
"890",1993-01-15,NA,NA,NA,NA,NA
"891",1993-01-16,NA,NA,NA,NA,NA
"892",1993-01-18,NA,NA,NA,NA,NA
"893",1993-01-19,NA,NA,NA,NA,NA
"894",1993-01-20,NA,NA,NA,NA,NA
"895",1993-01-21,NA,NA,NA,NA,NA
"896",1993-01-25,NA,NA,NA,NA,NA
"897",1993-01-26,NA,NA,NA,NA,NA
"898",1993-01-27,NA,NA,NA,NA,NA
"899",1993-01-28,NA,NA,NA,NA,NA
"900",1993-01-29,NA,NA,NA,NA,NA
"901",1993-01-30,NA,NA,NA,NA,NA
"902",1993-02-01,NA,NA,NA,NA,NA
"903",1993-02-02,NA,NA,NA,NA,NA
"904",1993-02-03,NA,NA,NA,NA,NA
"905",1993-02-04,NA,NA,NA,NA,NA
"906",1993-02-05,NA,NA,NA,NA,NA
"907",1993-02-06,NA,NA,NA,NA,NA
"908",1993-02-08,NA,NA,NA,NA,NA
"909",1993-02-09,NA,NA,NA,NA,NA
"910",1993-02-10,NA,NA,NA,NA,NA
"911",1993-02-11,NA,NA,NA,NA,NA
"912",1993-02-12,NA,NA,NA,NA,NA
"913",1993-02-13,NA,NA,NA,NA,NA
"914",1993-02-15,NA,NA,NA,NA,NA
"915",1993-02-16,NA,NA,NA,NA,NA
"916",1993-02-17,NA,NA,NA,NA,NA
"917",1993-02-18,NA,NA,NA,NA,NA
"918",1993-02-19,NA,NA,NA,NA,NA
"919",1993-02-20,NA,NA,NA,NA,NA
"920",1993-02-22,NA,NA,NA,NA,NA
"921",1993-02-23,NA,NA,NA,NA,NA
"922",1993-02-24,NA,NA,NA,NA,NA
"923",1993-02-25,NA,NA,NA,NA,NA
"924",1993-02-26,NA,NA,NA,NA,NA
"925",1993-02-27,NA,NA,NA,NA,NA
"926",1993-03-02,NA,NA,NA,NA,NA
"927",1993-03-03,NA,NA,NA,NA,NA
"928",1993-03-04,NA,NA,NA,NA,NA
"929",1993-03-05,NA,NA,NA,NA,NA
"930",1993-03-06,NA,NA,NA,NA,NA
"931",1993-03-08,NA,NA,NA,NA,NA
"932",1993-03-09,NA,NA,NA,NA,NA
"933",1993-03-11,NA,NA,NA,NA,NA
"934",1993-03-12,NA,NA,NA,NA,NA
"935",1993-03-13,NA,NA,NA,NA,NA
"936",1993-03-15,NA,NA,NA,NA,NA
"937",1993-03-16,NA,NA,NA,NA,NA
"938",1993-03-17,NA,NA,NA,NA,NA
"939",1993-03-18,NA,NA,NA,NA,NA
"940",1993-03-19,NA,NA,NA,NA,NA
"941",1993-03-20,NA,NA,NA,NA,NA
"942",1993-03-22,NA,NA,NA,NA,NA
"943",1993-03-23,NA,NA,NA,NA,NA
"944",1993-03-24,NA,NA,NA,NA,NA
"945",1993-03-25,NA,NA,NA,NA,NA
"946",1993-03-26,NA,NA,NA,NA,NA
"947",1993-03-27,NA,NA,NA,NA,NA
"948",1993-03-29,NA,NA,NA,NA,NA
"949",1993-03-30,NA,NA,NA,NA,NA
"950",1993-03-31,NA,NA,NA,NA,NA
"951",1993-04-01,NA,NA,NA,NA,NA
"952",1993-04-02,NA,NA,NA,NA,NA
"953",1993-04-03,NA,NA,NA,NA,NA
"954",1993-04-06,NA,NA,NA,NA,NA
"955",1993-04-07,NA,NA,NA,NA,NA
"956",1993-04-08,NA,NA,NA,NA,NA
"957",1993-04-09,NA,NA,NA,NA,NA
"958",1993-04-10,NA,NA,NA,NA,NA
"959",1993-04-12,NA,NA,NA,NA,NA
"960",1993-04-13,NA,NA,NA,NA,NA
"961",1993-04-14,NA,NA,NA,NA,NA
"962",1993-04-15,NA,NA,NA,NA,NA
"963",1993-04-16,NA,NA,NA,NA,NA
"964",1993-04-17,NA,NA,NA,NA,NA
"965",1993-04-19,NA,NA,NA,NA,NA
"966",1993-04-20,NA,NA,NA,NA,NA
"967",1993-04-21,NA,NA,NA,NA,NA
"968",1993-04-22,NA,NA,NA,NA,NA
"969",1993-04-23,NA,NA,NA,NA,NA
"970",1993-04-24,NA,NA,NA,NA,NA
"971",1993-04-26,NA,NA,NA,NA,NA
"972",1993-04-27,NA,NA,NA,NA,NA
"973",1993-04-28,NA,NA,NA,NA,NA
"974",1993-04-29,NA,NA,NA,NA,NA
"975",1993-04-30,NA,NA,NA,NA,NA
"976",1993-05-01,NA,NA,NA,NA,NA
"977",1993-05-03,NA,NA,NA,NA,NA
"978",1993-05-04,NA,NA,NA,NA,NA
"979",1993-05-06,NA,NA,NA,NA,NA
"980",1993-05-07,NA,NA,NA,NA,NA
"981",1993-05-08,NA,NA,NA,NA,NA
"982",1993-05-10,NA,NA,NA,NA,NA
"983",1993-05-11,NA,NA,NA,NA,NA
"984",1993-05-12,NA,NA,NA,NA,NA
"985",1993-05-13,NA,NA,NA,NA,NA
"986",1993-05-14,NA,NA,NA,NA,NA
"987",1993-05-15,NA,NA,NA,NA,NA
"988",1993-05-17,NA,NA,NA,NA,NA
"989",1993-05-18,NA,NA,NA,NA,NA
"990",1993-05-19,NA,NA,NA,NA,NA
"991",1993-05-20,NA,NA,NA,NA,NA
"992",1993-05-21,NA,NA,NA,NA,NA
"993",1993-05-22,NA,NA,NA,NA,NA
"994",1993-05-24,NA,NA,NA,NA,NA
"995",1993-05-25,NA,NA,NA,NA,NA
"996",1993-05-26,NA,NA,NA,NA,NA
"997",1993-05-27,NA,NA,NA,NA,NA
"998",1993-05-29,NA,NA,NA,NA,NA
"999",1993-05-31,NA,NA,NA,NA,NA
"1000",1993-06-01,NA,NA,NA,NA,NA
"1001",1993-06-02,NA,NA,NA,NA,NA
"1002",1993-06-03,NA,NA,NA,NA,NA
"1003",1993-06-04,NA,NA,NA,NA,NA
"1004",1993-06-05,NA,NA,NA,NA,NA
"1005",1993-06-07,NA,NA,NA,NA,NA
"1006",1993-06-08,NA,NA,NA,NA,NA
"1007",1993-06-09,NA,NA,NA,NA,NA
"1008",1993-06-10,NA,NA,NA,NA,NA
"1009",1993-06-11,NA,NA,NA,NA,NA
"1010",1993-06-12,NA,NA,NA,NA,NA
"1011",1993-06-14,NA,NA,NA,NA,NA
"1012",1993-06-15,NA,NA,NA,NA,NA
"1013",1993-06-16,NA,NA,NA,NA,NA
"1014",1993-06-17,NA,NA,NA,NA,NA
"1015",1993-06-18,NA,NA,NA,NA,NA
"1016",1993-06-19,NA,NA,NA,NA,NA
"1017",1993-06-21,NA,NA,NA,NA,NA
"1018",1993-06-22,NA,NA,NA,NA,NA
"1019",1993-06-23,NA,NA,NA,NA,NA
"1020",1993-06-24,NA,NA,NA,NA,NA
"1021",1993-06-25,NA,NA,NA,NA,NA
"1022",1993-06-26,NA,NA,NA,NA,NA
"1023",1993-06-28,NA,NA,NA,NA,NA
"1024",1993-06-29,NA,NA,NA,NA,NA
"1025",1993-06-30,NA,NA,NA,NA,NA
"1026",1993-07-01,NA,NA,NA,NA,NA
"1027",1993-07-02,NA,NA,NA,NA,NA
"1028",1993-07-03,NA,NA,NA,NA,NA
"1029",1993-07-05,NA,NA,NA,NA,NA
"1030",1993-07-06,NA,NA,NA,NA,NA
"1031",1993-07-07,NA,NA,NA,NA,NA
"1032",1993-07-08,NA,NA,NA,NA,NA
"1033",1993-07-09,NA,NA,NA,NA,NA
"1034",1993-07-10,NA,NA,NA,NA,NA
"1035",1993-07-12,NA,NA,NA,NA,NA
"1036",1993-07-13,NA,NA,NA,NA,NA
"1037",1993-07-14,NA,NA,NA,NA,NA
"1038",1993-07-15,NA,NA,NA,NA,NA
"1039",1993-07-16,NA,NA,NA,NA,NA
"1040",1993-07-19,NA,NA,NA,NA,NA
"1041",1993-07-20,NA,NA,NA,NA,NA
"1042",1993-07-21,NA,NA,NA,NA,NA
"1043",1993-07-22,NA,NA,NA,NA,NA
"1044",1993-07-23,NA,NA,NA,NA,NA
"1045",1993-07-24,NA,NA,NA,NA,NA
"1046",1993-07-26,NA,NA,NA,NA,NA
"1047",1993-07-27,NA,NA,NA,NA,NA
"1048",1993-07-28,NA,NA,NA,NA,NA
"1049",1993-07-29,NA,NA,NA,NA,NA
"1050",1993-07-30,NA,NA,NA,NA,NA
"1051",1993-07-31,NA,NA,NA,NA,NA
"1052",1993-08-02,NA,NA,NA,NA,NA
"1053",1993-08-03,NA,NA,NA,NA,NA
"1054",1993-08-04,NA,NA,NA,NA,NA
"1055",1993-08-05,NA,NA,NA,NA,NA
"1056",1993-08-06,NA,NA,NA,NA,NA
"1057",1993-08-07,NA,NA,NA,NA,NA
"1058",1993-08-09,NA,NA,NA,NA,NA
"1059",1993-08-10,NA,NA,NA,NA,NA
"1060",1993-08-11,NA,NA,NA,NA,NA
"1061",1993-08-12,NA,NA,NA,NA,NA
"1062",1993-08-13,NA,NA,NA,NA,NA
"1063",1993-08-14,NA,NA,NA,NA,NA
"1064",1993-08-16,NA,NA,NA,NA,NA
"1065",1993-08-17,NA,NA,NA,NA,NA
"1066",1993-08-18,NA,NA,NA,NA,NA
"1067",1993-08-19,NA,NA,NA,NA,NA
"1068",1993-08-20,NA,NA,NA,NA,NA
"1069",1993-08-21,NA,NA,NA,NA,NA
"1070",1993-08-23,NA,NA,NA,NA,NA
"1071",1993-08-24,NA,NA,NA,NA,NA
"1072",1993-08-25,NA,NA,NA,NA,NA
"1073",1993-08-26,NA,NA,NA,NA,NA
"1074",1993-08-27,NA,NA,NA,NA,NA
"1075",1993-08-28,NA,NA,NA,NA,NA
"1076",1993-08-30,NA,NA,NA,NA,NA
"1077",1993-08-31,NA,NA,NA,NA,NA
"1078",1993-09-01,NA,NA,NA,NA,NA
"1079",1993-09-02,NA,NA,NA,NA,NA
"1080",1993-09-03,NA,NA,NA,NA,NA
"1081",1993-09-04,NA,NA,NA,NA,NA
"1082",1993-09-06,NA,NA,NA,NA,NA
"1083",1993-09-07,NA,NA,NA,NA,NA
"1084",1993-09-08,NA,NA,NA,NA,NA
"1085",1993-09-09,NA,NA,NA,NA,NA
"1086",1993-09-10,NA,NA,NA,NA,NA
"1087",1993-09-11,NA,NA,NA,NA,NA
"1088",1993-09-13,NA,NA,NA,NA,NA
"1089",1993-09-14,NA,NA,NA,NA,NA
"1090",1993-09-15,NA,NA,NA,NA,NA
"1091",1993-09-16,NA,NA,NA,NA,NA
"1092",1993-09-17,NA,NA,NA,NA,NA
"1093",1993-09-18,NA,NA,NA,NA,NA
"1094",1993-09-20,NA,NA,NA,NA,NA
"1095",1993-09-21,NA,NA,NA,NA,NA
"1096",1993-09-22,NA,NA,NA,NA,NA
"1097",1993-09-23,NA,NA,NA,NA,NA
"1098",1993-09-24,NA,NA,NA,NA,NA
"1099",1993-09-25,NA,NA,NA,NA,NA
"1100",1993-09-27,NA,NA,NA,NA,NA
"1101",1993-09-28,NA,NA,NA,NA,NA
"1102",1993-10-02,NA,NA,NA,NA,NA
"1103",1993-10-04,NA,NA,NA,NA,NA
"1104",1993-10-05,NA,NA,NA,NA,NA
"1105",1993-10-06,NA,NA,NA,NA,NA
"1106",1993-10-07,NA,NA,NA,NA,NA
"1107",1993-10-08,NA,NA,NA,NA,NA
"1108",1993-10-09,NA,NA,NA,NA,NA
"1109",1993-10-11,NA,NA,NA,NA,NA
"1110",1993-10-12,NA,NA,NA,NA,NA
"1111",1993-10-13,NA,NA,NA,NA,NA
"1112",1993-10-14,NA,NA,NA,NA,NA
"1113",1993-10-15,NA,NA,NA,NA,NA
"1114",1993-10-16,NA,NA,NA,NA,NA
"1115",1993-10-18,NA,NA,NA,NA,NA
"1116",1993-10-19,NA,NA,NA,NA,NA
"1117",1993-10-20,NA,NA,NA,NA,NA
"1118",1993-10-21,NA,NA,NA,NA,NA
"1119",1993-10-22,NA,NA,NA,NA,NA
"1120",1993-10-23,NA,NA,NA,NA,NA
"1121",1993-10-25,NA,NA,NA,NA,NA
"1122",1993-10-26,NA,NA,NA,NA,NA
"1123",1993-10-27,NA,NA,NA,NA,NA
"1124",1993-10-28,NA,NA,NA,NA,NA
"1125",1993-10-29,NA,NA,NA,NA,NA
"1126",1993-10-30,NA,NA,NA,NA,NA
"1127",1993-11-01,NA,NA,NA,NA,NA
"1128",1993-11-02,NA,NA,NA,NA,NA
"1129",1993-11-03,NA,NA,NA,NA,NA
"1130",1993-11-04,NA,NA,NA,NA,NA
"1131",1993-11-05,NA,NA,NA,NA,NA
"1132",1993-11-06,NA,NA,NA,NA,NA
"1133",1993-11-08,NA,NA,NA,NA,NA
"1134",1993-11-09,NA,NA,NA,NA,NA
"1135",1993-11-10,NA,NA,NA,NA,NA
"1136",1993-11-11,NA,NA,NA,NA,NA
"1137",1993-11-12,NA,NA,NA,NA,NA
"1138",1993-11-13,NA,NA,NA,NA,NA
"1139",1993-11-15,NA,NA,NA,NA,NA
"1140",1993-11-16,NA,NA,NA,NA,NA
"1141",1993-11-17,NA,NA,NA,NA,NA
"1142",1993-11-18,NA,NA,NA,NA,NA
"1143",1993-11-19,NA,NA,NA,NA,NA
"1144",1993-11-20,NA,NA,NA,NA,NA
"1145",1993-11-22,NA,NA,NA,NA,NA
"1146",1993-11-23,NA,NA,NA,NA,NA
"1147",1993-11-24,NA,NA,NA,NA,NA
"1148",1993-11-25,NA,NA,NA,NA,NA
"1149",1993-11-26,NA,NA,NA,NA,NA
"1150",1993-11-27,NA,NA,NA,NA,NA
"1151",1993-11-29,NA,NA,NA,NA,NA
"1152",1993-11-30,NA,NA,NA,NA,NA
"1153",1993-12-01,NA,NA,NA,NA,NA
"1154",1993-12-02,NA,NA,NA,NA,NA
"1155",1993-12-03,NA,NA,NA,NA,NA
"1156",1993-12-04,NA,NA,NA,NA,NA
"1157",1993-12-06,NA,NA,NA,NA,NA
"1158",1993-12-07,NA,NA,NA,NA,NA
"1159",1993-12-08,NA,NA,NA,NA,NA
"1160",1993-12-09,NA,NA,NA,NA,NA
"1161",1993-12-10,NA,NA,NA,NA,NA
"1162",1993-12-11,NA,NA,NA,NA,NA
"1163",1993-12-13,NA,NA,NA,NA,NA
"1164",1993-12-14,NA,NA,NA,NA,NA
"1165",1993-12-15,NA,NA,NA,NA,NA
"1166",1993-12-16,NA,NA,NA,NA,NA
"1167",1993-12-17,NA,NA,NA,NA,NA
"1168",1993-12-18,NA,NA,NA,NA,NA
"1169",1993-12-20,NA,NA,NA,NA,NA
"1170",1993-12-21,NA,NA,NA,NA,NA
"1171",1993-12-22,NA,NA,NA,NA,NA
"1172",1993-12-23,NA,NA,NA,NA,NA
"1173",1993-12-24,NA,NA,NA,NA,NA
"1174",1993-12-27,NA,NA,NA,NA,NA
"1175",1993-12-28,NA,NA,NA,NA,NA
"1176",1994-01-03,NA,NA,NA,NA,NA
"1177",1994-01-04,NA,NA,NA,NA,NA
"1178",1994-01-05,NA,NA,NA,NA,NA
"1179",1994-01-06,NA,NA,NA,NA,NA
"1180",1994-01-07,NA,NA,NA,NA,NA
"1181",1994-01-08,NA,NA,NA,NA,NA
"1182",1994-01-10,NA,NA,NA,NA,NA
"1183",1994-01-11,NA,NA,NA,NA,NA
"1184",1994-01-12,NA,NA,NA,NA,NA
"1185",1994-01-13,NA,NA,NA,NA,NA
"1186",1994-01-14,NA,NA,NA,NA,NA
"1187",1994-01-15,NA,NA,NA,NA,NA
"1188",1994-01-17,NA,NA,NA,NA,NA
"1189",1994-01-18,NA,NA,NA,NA,NA
"1190",1994-01-19,NA,NA,NA,NA,NA
"1191",1994-01-20,NA,NA,NA,NA,NA
"1192",1994-01-21,NA,NA,NA,NA,NA
"1193",1994-01-22,NA,NA,NA,NA,NA
"1194",1994-01-24,NA,NA,NA,NA,NA
"1195",1994-01-25,NA,NA,NA,NA,NA
"1196",1994-01-26,NA,NA,NA,NA,NA
"1197",1994-01-27,NA,NA,NA,NA,NA
"1198",1994-01-28,NA,NA,NA,NA,NA
"1199",1994-01-29,NA,NA,NA,NA,NA
"1200",1994-01-31,NA,NA,NA,NA,NA
"1201",1994-02-01,NA,NA,NA,NA,NA
"1202",1994-02-02,NA,NA,NA,NA,NA
"1203",1994-02-03,NA,NA,NA,NA,NA
"1204",1994-02-04,NA,NA,NA,NA,NA
"1205",1994-02-05,NA,NA,NA,NA,NA
"1206",1994-02-07,NA,NA,NA,NA,NA
"1207",1994-02-08,NA,NA,NA,NA,NA
"1208",1994-02-12,NA,NA,NA,NA,NA
"1209",1994-02-14,NA,NA,NA,NA,NA
"1210",1994-02-15,NA,NA,NA,NA,NA
"1211",1994-02-16,NA,NA,NA,NA,NA
"1212",1994-02-17,NA,NA,NA,NA,NA
"1213",1994-02-18,NA,NA,NA,NA,NA
"1214",1994-02-19,NA,NA,NA,NA,NA
"1215",1994-02-21,NA,NA,NA,NA,NA
"1216",1994-02-22,NA,NA,NA,NA,NA
"1217",1994-02-23,NA,NA,NA,NA,NA
"1218",1994-02-24,NA,NA,NA,NA,NA
"1219",1994-02-25,NA,NA,NA,NA,NA
"1220",1994-02-26,NA,NA,NA,NA,NA
"1221",1994-02-28,NA,NA,NA,NA,NA
"1222",1994-03-02,NA,NA,NA,NA,NA
"1223",1994-03-03,NA,NA,NA,NA,NA
"1224",1994-03-04,NA,NA,NA,NA,NA
"1225",1994-03-05,NA,NA,NA,NA,NA
"1226",1994-03-07,NA,NA,NA,NA,NA
"1227",1994-03-08,NA,NA,NA,NA,NA
"1228",1994-03-09,NA,NA,NA,NA,NA
"1229",1994-03-10,NA,NA,NA,NA,NA
"1230",1994-03-11,NA,NA,NA,NA,NA
"1231",1994-03-12,NA,NA,NA,NA,NA
"1232",1994-03-14,NA,NA,NA,NA,NA
"1233",1994-03-15,NA,NA,NA,NA,NA
"1234",1994-03-16,NA,NA,NA,NA,NA
"1235",1994-03-17,NA,NA,NA,NA,NA
"1236",1994-03-18,NA,NA,NA,NA,NA
"1237",1994-03-19,NA,NA,NA,NA,NA
"1238",1994-03-21,NA,NA,NA,NA,NA
"1239",1994-03-22,NA,NA,NA,NA,NA
"1240",1994-03-23,NA,NA,NA,NA,NA
"1241",1994-03-24,NA,NA,NA,NA,NA
"1242",1994-03-25,NA,NA,NA,NA,NA
"1243",1994-03-26,NA,NA,NA,NA,NA
"1244",1994-03-28,NA,NA,NA,NA,NA
"1245",1994-03-29,NA,NA,NA,NA,NA
"1246",1994-03-30,NA,NA,NA,NA,NA
"1247",1994-03-31,NA,NA,NA,NA,NA
"1248",1994-04-01,NA,NA,NA,NA,NA
"1249",1994-04-02,NA,NA,NA,NA,NA
"1250",1994-04-04,NA,NA,NA,NA,NA
"1251",1994-04-06,NA,NA,NA,NA,NA
"1252",1994-04-07,NA,NA,NA,NA,NA
"1253",1994-04-08,NA,NA,NA,NA,NA
"1254",1994-04-09,NA,NA,NA,NA,NA
"1255",1994-04-11,NA,NA,NA,NA,NA
"1256",1994-04-12,NA,NA,NA,NA,NA
"1257",1994-04-13,NA,NA,NA,NA,NA
"1258",1994-04-14,NA,NA,NA,NA,NA
"1259",1994-04-15,NA,NA,NA,NA,NA
"1260",1994-04-16,NA,NA,NA,NA,NA
"1261",1994-04-18,NA,NA,NA,NA,NA
"1262",1994-04-19,NA,NA,NA,NA,NA
"1263",1994-04-20,NA,NA,NA,NA,NA
"1264",1994-04-21,NA,NA,NA,NA,NA
"1265",1994-04-22,NA,NA,NA,NA,NA
"1266",1994-04-23,NA,NA,NA,NA,NA
"1267",1994-04-25,NA,NA,NA,NA,NA
"1268",1994-04-26,NA,NA,NA,NA,NA
"1269",1994-04-27,NA,NA,NA,NA,NA
"1270",1994-04-28,NA,NA,NA,NA,NA
"1271",1994-04-29,NA,NA,NA,NA,NA
"1272",1994-04-30,NA,NA,NA,NA,NA
"1273",1994-05-02,NA,NA,NA,NA,NA
"1274",1994-05-03,NA,NA,NA,NA,NA
"1275",1994-05-04,NA,NA,NA,NA,NA
"1276",1994-05-06,NA,NA,NA,NA,NA
"1277",1994-05-07,NA,NA,NA,NA,NA
"1278",1994-05-09,NA,NA,NA,NA,NA
"1279",1994-05-10,NA,NA,NA,NA,NA
"1280",1994-05-11,NA,NA,NA,NA,NA
"1281",1994-05-12,NA,NA,NA,NA,NA
"1282",1994-05-13,NA,NA,NA,NA,NA
"1283",1994-05-14,NA,NA,NA,NA,NA
"1284",1994-05-16,NA,NA,NA,NA,NA
"1285",1994-05-17,NA,NA,NA,NA,NA
"1286",1994-05-19,NA,NA,NA,NA,NA
"1287",1994-05-20,NA,NA,NA,NA,NA
"1288",1994-05-21,NA,NA,NA,NA,NA
"1289",1994-05-23,NA,NA,NA,NA,NA
"1290",1994-05-24,NA,NA,NA,NA,NA
"1291",1994-05-25,NA,NA,NA,NA,NA
"1292",1994-05-26,NA,NA,NA,NA,NA
"1293",1994-05-27,NA,NA,NA,NA,NA
"1294",1994-05-28,NA,NA,NA,NA,NA
"1295",1994-05-30,NA,NA,NA,NA,NA
"1296",1994-05-31,NA,NA,NA,NA,NA
"1297",1994-06-01,NA,NA,NA,NA,NA
"1298",1994-06-02,NA,NA,NA,NA,NA
"1299",1994-06-03,NA,NA,NA,NA,NA
"1300",1994-06-04,NA,NA,NA,NA,NA
"1301",1994-06-07,NA,NA,NA,NA,NA
"1302",1994-06-08,NA,NA,NA,NA,NA
"1303",1994-06-09,NA,NA,NA,NA,NA
"1304",1994-06-10,NA,NA,NA,NA,NA
"1305",1994-06-11,NA,NA,NA,NA,NA
"1306",1994-06-13,NA,NA,NA,NA,NA
"1307",1994-06-14,NA,NA,NA,NA,NA
"1308",1994-06-15,NA,NA,NA,NA,NA
"1309",1994-06-16,NA,NA,NA,NA,NA
"1310",1994-06-17,NA,NA,NA,NA,NA
"1311",1994-06-18,NA,NA,NA,NA,NA
"1312",1994-06-20,NA,NA,NA,NA,NA
"1313",1994-06-21,NA,NA,NA,NA,NA
"1314",1994-06-22,NA,NA,NA,NA,NA
"1315",1994-06-23,NA,NA,NA,NA,NA
"1316",1994-06-24,NA,NA,NA,NA,NA
"1317",1994-06-25,NA,NA,NA,NA,NA
"1318",1994-06-27,NA,NA,NA,NA,NA
"1319",1994-06-28,NA,NA,NA,NA,NA
"1320",1994-06-29,NA,NA,NA,NA,NA
"1321",1994-06-30,NA,NA,NA,NA,NA
"1322",1994-07-01,NA,NA,NA,NA,NA
"1323",1994-07-02,NA,NA,NA,NA,NA
"1324",1994-07-04,NA,NA,NA,NA,NA
"1325",1994-07-05,NA,NA,NA,NA,NA
"1326",1994-07-06,NA,NA,NA,NA,NA
"1327",1994-07-07,NA,NA,NA,NA,NA
"1328",1994-07-08,NA,NA,NA,NA,NA
"1329",1994-07-09,NA,NA,NA,NA,NA
"1330",1994-07-11,NA,NA,NA,NA,NA
"1331",1994-07-12,NA,NA,NA,NA,NA
"1332",1994-07-13,NA,NA,NA,NA,NA
"1333",1994-07-14,NA,NA,NA,NA,NA
"1334",1994-07-15,NA,NA,NA,NA,NA
"1335",1994-07-16,NA,NA,NA,NA,NA
"1336",1994-07-18,NA,NA,NA,NA,NA
"1337",1994-07-19,NA,NA,NA,NA,NA
"1338",1994-07-20,NA,NA,NA,NA,NA
"1339",1994-07-21,NA,NA,NA,NA,NA
"1340",1994-07-22,NA,NA,NA,NA,NA
"1341",1994-07-23,NA,NA,NA,NA,NA
"1342",1994-07-25,NA,NA,NA,NA,NA
"1343",1994-07-26,NA,NA,NA,NA,NA
"1344",1994-07-27,NA,NA,NA,NA,NA
"1345",1994-07-28,NA,NA,NA,NA,NA
"1346",1994-07-29,NA,NA,NA,NA,NA
"1347",1994-07-30,NA,NA,NA,NA,NA
"1348",1994-08-01,NA,NA,NA,NA,NA
"1349",1994-08-02,NA,NA,NA,NA,NA
"1350",1994-08-03,NA,NA,NA,NA,NA
"1351",1994-08-04,NA,NA,NA,NA,NA
"1352",1994-08-05,NA,NA,NA,NA,NA
"1353",1994-08-06,NA,NA,NA,NA,NA
"1354",1994-08-08,NA,NA,NA,NA,NA
"1355",1994-08-09,NA,NA,NA,NA,NA
"1356",1994-08-10,NA,NA,NA,NA,NA
"1357",1994-08-11,NA,NA,NA,NA,NA
"1358",1994-08-12,NA,NA,NA,NA,NA
"1359",1994-08-13,NA,NA,NA,NA,NA
"1360",1994-08-16,NA,NA,NA,NA,NA
"1361",1994-08-17,NA,NA,NA,NA,NA
"1362",1994-08-18,NA,NA,NA,NA,NA
"1363",1994-08-19,NA,NA,NA,NA,NA
"1364",1994-08-20,NA,NA,NA,NA,NA
"1365",1994-08-22,NA,NA,NA,NA,NA
"1366",1994-08-23,NA,NA,NA,NA,NA
"1367",1994-08-24,NA,NA,NA,NA,NA
"1368",1994-08-25,NA,NA,NA,NA,NA
"1369",1994-08-26,NA,NA,NA,NA,NA
"1370",1994-08-27,NA,NA,NA,NA,NA
"1371",1994-08-29,NA,NA,NA,NA,NA
"1372",1994-08-30,NA,NA,NA,NA,NA
"1373",1994-08-31,NA,NA,NA,NA,NA
"1374",1994-09-01,NA,NA,NA,NA,NA
"1375",1994-09-02,NA,NA,NA,NA,NA
"1376",1994-09-03,NA,NA,NA,NA,NA
"1377",1994-09-05,NA,NA,NA,NA,NA
"1378",1994-09-06,NA,NA,NA,NA,NA
"1379",1994-09-07,NA,NA,NA,NA,NA
"1380",1994-09-08,NA,NA,NA,NA,NA
"1381",1994-09-09,NA,NA,NA,NA,NA
"1382",1994-09-10,NA,NA,NA,NA,NA
"1383",1994-09-12,NA,NA,NA,NA,NA
"1384",1994-09-13,NA,NA,NA,NA,NA
"1385",1994-09-14,NA,NA,NA,NA,NA
"1386",1994-09-15,NA,NA,NA,NA,NA
"1387",1994-09-16,NA,NA,NA,NA,NA
"1388",1994-09-17,NA,NA,NA,NA,NA
"1389",1994-09-22,NA,NA,NA,NA,NA
"1390",1994-09-23,NA,NA,NA,NA,NA
"1391",1994-09-24,NA,NA,NA,NA,NA
"1392",1994-09-26,NA,NA,NA,NA,NA
"1393",1994-09-27,NA,NA,NA,NA,NA
"1394",1994-09-28,NA,NA,NA,NA,NA
"1395",1994-09-29,NA,NA,NA,NA,NA
"1396",1994-09-30,NA,NA,NA,NA,NA
"1397",1994-10-01,NA,NA,NA,NA,NA
"1398",1994-10-04,NA,NA,NA,NA,NA
"1399",1994-10-05,NA,NA,NA,NA,NA
"1400",1994-10-06,NA,NA,NA,NA,NA
"1401",1994-10-07,NA,NA,NA,NA,NA
"1402",1994-10-08,NA,NA,NA,NA,NA
"1403",1994-10-10,NA,NA,NA,NA,NA
"1404",1994-10-11,NA,NA,NA,NA,NA
"1405",1994-10-12,NA,NA,NA,NA,NA
"1406",1994-10-13,NA,NA,NA,NA,NA
"1407",1994-10-14,NA,NA,NA,NA,NA
"1408",1994-10-15,NA,NA,NA,NA,NA
"1409",1994-10-17,NA,NA,NA,NA,NA
"1410",1994-10-18,NA,NA,NA,NA,NA
"1411",1994-10-19,NA,NA,NA,NA,NA
"1412",1994-10-20,NA,NA,NA,NA,NA
"1413",1994-10-21,NA,NA,NA,NA,NA
"1414",1994-10-22,NA,NA,NA,NA,NA
"1415",1994-10-24,NA,NA,NA,NA,NA
"1416",1994-10-25,NA,NA,NA,NA,NA
"1417",1994-10-26,NA,NA,NA,NA,NA
"1418",1994-10-27,NA,NA,NA,NA,NA
"1419",1994-10-28,NA,NA,NA,NA,NA
"1420",1994-10-29,NA,NA,NA,NA,NA
"1421",1994-10-31,NA,NA,NA,NA,NA
"1422",1994-11-01,NA,NA,NA,NA,NA
"1423",1994-11-02,NA,NA,NA,NA,NA
"1424",1994-11-03,NA,NA,NA,NA,NA
"1425",1994-11-04,NA,NA,NA,NA,NA
"1426",1994-11-05,NA,NA,NA,NA,NA
"1427",1994-11-07,NA,NA,NA,NA,NA
"1428",1994-11-08,NA,NA,NA,NA,NA
"1429",1994-11-09,NA,NA,NA,NA,NA
"1430",1994-11-10,NA,NA,NA,NA,NA
"1431",1994-11-11,NA,NA,NA,NA,NA
"1432",1994-11-12,NA,NA,NA,NA,NA
"1433",1994-11-14,NA,NA,NA,NA,NA
"1434",1994-11-15,NA,NA,NA,NA,NA
"1435",1994-11-16,NA,NA,NA,NA,NA
"1436",1994-11-17,NA,NA,NA,NA,NA
"1437",1994-11-18,NA,NA,NA,NA,NA
"1438",1994-11-19,NA,NA,NA,NA,NA
"1439",1994-11-21,NA,NA,NA,NA,NA
"1440",1994-11-22,NA,NA,NA,NA,NA
"1441",1994-11-23,NA,NA,NA,NA,NA
"1442",1994-11-24,NA,NA,NA,NA,NA
"1443",1994-11-25,NA,NA,NA,NA,NA
"1444",1994-11-26,NA,NA,NA,NA,NA
"1445",1994-11-28,NA,NA,NA,NA,NA
"1446",1994-11-29,NA,NA,NA,NA,NA
"1447",1994-11-30,NA,NA,NA,NA,NA
"1448",1994-12-01,NA,NA,NA,NA,NA
"1449",1994-12-02,NA,NA,NA,NA,NA
"1450",1994-12-03,NA,NA,NA,NA,NA
"1451",1994-12-05,NA,NA,NA,NA,NA
"1452",1994-12-06,NA,NA,NA,NA,NA
"1453",1994-12-07,NA,NA,NA,NA,NA
"1454",1994-12-08,NA,NA,NA,NA,NA
"1455",1994-12-09,NA,NA,NA,NA,NA
"1456",1994-12-10,NA,NA,NA,NA,NA
"1457",1994-12-12,NA,NA,NA,NA,NA
"1458",1994-12-13,NA,NA,NA,NA,NA
"1459",1994-12-14,NA,NA,NA,NA,NA
"1460",1994-12-15,NA,NA,NA,NA,NA
"1461",1994-12-16,NA,NA,NA,NA,NA
"1462",1994-12-17,NA,NA,NA,NA,NA
"1463",1994-12-19,NA,NA,NA,NA,NA
"1464",1994-12-20,NA,NA,NA,NA,NA
"1465",1994-12-21,NA,NA,NA,NA,NA
"1466",1994-12-22,NA,NA,NA,NA,NA
"1467",1994-12-23,NA,NA,NA,NA,NA
"1468",1994-12-24,NA,NA,NA,NA,NA
"1469",1994-12-26,NA,NA,NA,NA,NA
"1470",1994-12-27,NA,NA,NA,NA,NA
"1471",1994-12-28,NA,NA,NA,NA,NA
"1472",1995-01-03,NA,NA,NA,NA,NA
"1473",1995-01-04,NA,NA,NA,NA,NA
"1474",1995-01-05,NA,NA,NA,NA,NA
"1475",1995-01-06,NA,NA,NA,NA,NA
"1476",1995-01-07,NA,NA,NA,NA,NA
"1477",1995-01-09,NA,NA,NA,NA,NA
"1478",1995-01-10,NA,NA,NA,NA,NA
"1479",1995-01-11,NA,NA,NA,NA,NA
"1480",1995-01-12,NA,NA,NA,NA,NA
"1481",1995-01-13,NA,NA,NA,NA,NA
"1482",1995-01-14,NA,NA,NA,NA,NA
"1483",1995-01-16,NA,NA,NA,NA,NA
"1484",1995-01-17,NA,NA,NA,NA,NA
"1485",1995-01-18,NA,NA,NA,NA,NA
"1486",1995-01-19,NA,NA,NA,NA,NA
"1487",1995-01-20,NA,NA,NA,NA,NA
"1488",1995-01-21,NA,NA,NA,NA,NA
"1489",1995-01-23,NA,NA,NA,NA,NA
"1490",1995-01-24,NA,NA,NA,NA,NA
"1491",1995-01-25,NA,NA,NA,NA,NA
"1492",1995-01-26,NA,NA,NA,NA,NA
"1493",1995-01-27,NA,NA,NA,NA,NA
"1494",1995-01-28,NA,NA,NA,NA,NA
"1495",1995-02-02,NA,NA,NA,NA,NA
"1496",1995-02-03,NA,NA,NA,NA,NA
"1497",1995-02-04,NA,NA,NA,NA,NA
"1498",1995-02-06,NA,NA,NA,NA,NA
"1499",1995-02-07,NA,NA,NA,NA,NA
"1500",1995-02-08,NA,NA,NA,NA,NA
"1501",1995-02-09,NA,NA,NA,NA,NA
"1502",1995-02-10,NA,NA,NA,NA,NA
"1503",1995-02-11,NA,NA,NA,NA,NA
"1504",1995-02-13,NA,NA,NA,NA,NA
"1505",1995-02-14,NA,NA,NA,NA,NA
"1506",1995-02-15,NA,NA,NA,NA,NA
"1507",1995-02-16,NA,NA,NA,NA,NA
"1508",1995-02-17,NA,NA,NA,NA,NA
"1509",1995-02-18,NA,NA,NA,NA,NA
"1510",1995-02-20,NA,NA,NA,NA,NA
"1511",1995-02-21,NA,NA,NA,NA,NA
"1512",1995-02-22,NA,NA,NA,NA,NA
"1513",1995-02-23,NA,NA,NA,NA,NA
"1514",1995-02-24,NA,NA,NA,NA,NA
"1515",1995-02-25,NA,NA,NA,NA,NA
"1516",1995-02-27,NA,NA,NA,NA,NA
"1517",1995-02-28,NA,NA,NA,NA,NA
"1518",1995-03-02,NA,NA,NA,NA,NA
"1519",1995-03-03,NA,NA,NA,NA,NA
"1520",1995-03-04,NA,NA,NA,NA,NA
"1521",1995-03-06,NA,NA,NA,NA,NA
"1522",1995-03-07,NA,NA,NA,NA,NA
"1523",1995-03-08,NA,NA,NA,NA,NA
"1524",1995-03-09,NA,NA,NA,NA,NA
"1525",1995-03-10,NA,NA,NA,NA,NA
"1526",1995-03-11,NA,NA,NA,NA,NA
"1527",1995-03-13,NA,NA,NA,NA,NA
"1528",1995-03-14,NA,NA,NA,NA,NA
"1529",1995-03-15,NA,NA,NA,NA,NA
"1530",1995-03-16,NA,NA,NA,NA,NA
"1531",1995-03-17,NA,NA,NA,NA,NA
"1532",1995-03-18,NA,NA,NA,NA,NA
"1533",1995-03-20,NA,NA,NA,NA,NA
"1534",1995-03-21,NA,NA,NA,NA,NA
"1535",1995-03-22,NA,NA,NA,NA,NA
"1536",1995-03-23,NA,NA,NA,NA,NA
"1537",1995-03-24,NA,NA,NA,NA,NA
"1538",1995-03-25,NA,NA,NA,NA,NA
"1539",1995-03-27,NA,NA,NA,NA,NA
"1540",1995-03-28,NA,NA,NA,NA,NA
"1541",1995-03-29,NA,NA,NA,NA,NA
"1542",1995-03-30,NA,NA,NA,NA,NA
"1543",1995-03-31,NA,NA,NA,NA,NA
"1544",1995-04-01,NA,NA,NA,NA,NA
"1545",1995-04-03,NA,NA,NA,NA,NA
"1546",1995-04-04,NA,NA,NA,NA,NA
"1547",1995-04-06,NA,NA,NA,NA,NA
"1548",1995-04-07,NA,NA,NA,NA,NA
"1549",1995-04-08,NA,NA,NA,NA,NA
"1550",1995-04-10,NA,NA,NA,NA,NA
"1551",1995-04-11,NA,NA,NA,NA,NA
"1552",1995-04-12,NA,NA,NA,NA,NA
"1553",1995-04-13,NA,NA,NA,NA,NA
"1554",1995-04-14,NA,NA,NA,NA,NA
"1555",1995-04-15,NA,NA,NA,NA,NA
"1556",1995-04-17,NA,NA,NA,NA,NA
"1557",1995-04-18,NA,NA,NA,NA,NA
"1558",1995-04-19,NA,NA,NA,NA,NA
"1559",1995-04-20,NA,NA,NA,NA,NA
"1560",1995-04-21,NA,NA,NA,NA,NA
"1561",1995-04-22,NA,NA,NA,NA,NA
"1562",1995-04-24,NA,NA,NA,NA,NA
"1563",1995-04-25,NA,NA,NA,NA,NA
"1564",1995-04-26,NA,NA,NA,NA,NA
"1565",1995-04-27,NA,NA,NA,NA,NA
"1566",1995-04-28,NA,NA,NA,NA,NA
"1567",1995-04-29,NA,NA,NA,NA,NA
"1568",1995-05-02,NA,NA,NA,NA,NA
"1569",1995-05-03,NA,NA,NA,NA,NA
"1570",1995-05-04,NA,NA,NA,NA,NA
"1571",1995-05-06,NA,NA,NA,NA,NA
"1572",1995-05-08,NA,NA,NA,NA,NA
"1573",1995-05-09,NA,NA,NA,NA,NA
"1574",1995-05-10,NA,NA,NA,NA,NA
"1575",1995-05-11,NA,NA,NA,NA,NA
"1576",1995-05-12,NA,NA,NA,NA,NA
"1577",1995-05-13,NA,NA,NA,NA,NA
"1578",1995-05-15,NA,NA,NA,NA,NA
"1579",1995-05-16,NA,NA,NA,NA,NA
"1580",1995-05-17,NA,NA,NA,NA,NA
"1581",1995-05-18,NA,NA,NA,NA,NA
"1582",1995-05-19,NA,NA,NA,NA,NA
"1583",1995-05-20,NA,NA,NA,NA,NA
"1584",1995-05-22,NA,NA,NA,NA,NA
"1585",1995-05-23,NA,NA,NA,NA,NA
"1586",1995-05-24,NA,NA,NA,NA,NA
"1587",1995-05-25,NA,NA,NA,NA,NA
"1588",1995-05-26,NA,NA,NA,NA,NA
"1589",1995-05-27,NA,NA,NA,NA,NA
"1590",1995-05-29,NA,NA,NA,NA,NA
"1591",1995-05-30,NA,NA,NA,NA,NA
"1592",1995-05-31,NA,NA,NA,NA,NA
"1593",1995-06-01,NA,NA,NA,NA,NA
"1594",1995-06-02,NA,NA,NA,NA,NA
"1595",1995-06-03,NA,NA,NA,NA,NA
"1596",1995-06-05,NA,NA,NA,NA,NA
"1597",1995-06-07,NA,NA,NA,NA,NA
"1598",1995-06-08,NA,NA,NA,NA,NA
"1599",1995-06-09,NA,NA,NA,NA,NA
"1600",1995-06-10,NA,NA,NA,NA,NA
"1601",1995-06-12,NA,NA,NA,NA,NA
"1602",1995-06-13,NA,NA,NA,NA,NA
"1603",1995-06-14,NA,NA,NA,NA,NA
"1604",1995-06-15,NA,NA,NA,NA,NA
"1605",1995-06-16,NA,NA,NA,NA,NA
"1606",1995-06-17,NA,NA,NA,NA,NA
"1607",1995-06-19,NA,NA,NA,NA,NA
"1608",1995-06-20,NA,NA,NA,NA,NA
"1609",1995-06-21,NA,NA,NA,NA,NA
"1610",1995-06-22,NA,NA,NA,NA,NA
"1611",1995-06-23,NA,NA,NA,NA,NA
"1612",1995-06-24,NA,NA,NA,NA,NA
"1613",1995-06-26,NA,NA,NA,NA,NA
"1614",1995-06-28,NA,NA,NA,NA,NA
"1615",1995-06-29,NA,NA,NA,NA,NA
"1616",1995-06-30,NA,NA,NA,NA,NA
"1617",1995-07-01,NA,NA,NA,NA,NA
"1618",1995-07-03,NA,NA,NA,NA,NA
"1619",1995-07-04,NA,NA,NA,NA,NA
"1620",1995-07-05,NA,NA,NA,NA,NA
"1621",1995-07-06,NA,NA,NA,NA,NA
"1622",1995-07-07,NA,NA,NA,NA,NA
"1623",1995-07-08,NA,NA,NA,NA,NA
"1624",1995-07-10,NA,NA,NA,NA,NA
"1625",1995-07-11,NA,NA,NA,NA,NA
"1626",1995-07-12,NA,NA,NA,NA,NA
"1627",1995-07-13,NA,NA,NA,NA,NA
"1628",1995-07-14,NA,NA,NA,NA,NA
"1629",1995-07-15,NA,NA,NA,NA,NA
"1630",1995-07-18,NA,NA,NA,NA,NA
"1631",1995-07-19,NA,NA,NA,NA,NA
"1632",1995-07-20,NA,NA,NA,NA,NA
"1633",1995-07-21,NA,NA,NA,NA,NA
"1634",1995-07-22,NA,NA,NA,NA,NA
"1635",1995-07-24,NA,NA,NA,NA,NA
"1636",1995-07-25,NA,NA,NA,NA,NA
"1637",1995-07-26,NA,NA,NA,NA,NA
"1638",1995-07-27,NA,NA,NA,NA,NA
"1639",1995-07-28,NA,NA,NA,NA,NA
"1640",1995-07-29,NA,NA,NA,NA,NA
"1641",1995-07-31,NA,NA,NA,NA,NA
"1642",1995-08-01,NA,NA,NA,NA,NA
"1643",1995-08-02,NA,NA,NA,NA,NA
"1644",1995-08-03,NA,NA,NA,NA,NA
"1645",1995-08-04,NA,NA,NA,NA,NA
"1646",1995-08-05,NA,NA,NA,NA,NA
"1647",1995-08-07,NA,NA,NA,NA,NA
"1648",1995-08-08,NA,NA,NA,NA,NA
"1649",1995-08-09,NA,NA,NA,NA,NA
"1650",1995-08-10,NA,NA,NA,NA,NA
"1651",1995-08-11,NA,NA,NA,NA,NA
"1652",1995-08-12,NA,NA,NA,NA,NA
"1653",1995-08-14,NA,NA,NA,NA,NA
"1654",1995-08-16,NA,NA,NA,NA,NA
"1655",1995-08-17,NA,NA,NA,NA,NA
"1656",1995-08-18,NA,NA,NA,NA,NA
"1657",1995-08-19,NA,NA,NA,NA,NA
"1658",1995-08-21,NA,NA,NA,NA,NA
"1659",1995-08-22,NA,NA,NA,NA,NA
"1660",1995-08-23,NA,NA,NA,NA,NA
"1661",1995-08-24,NA,NA,NA,NA,NA
"1662",1995-08-25,NA,NA,NA,NA,NA
"1663",1995-08-26,NA,NA,NA,NA,NA
"1664",1995-08-28,NA,NA,NA,NA,NA
"1665",1995-08-29,NA,NA,NA,NA,NA
"1666",1995-08-30,NA,NA,NA,NA,NA
"1667",1995-08-31,NA,NA,NA,NA,NA
"1668",1995-09-01,NA,NA,NA,NA,NA
"1669",1995-09-02,NA,NA,NA,NA,NA
"1670",1995-09-04,NA,NA,NA,NA,NA
"1671",1995-09-05,NA,NA,NA,NA,NA
"1672",1995-09-06,NA,NA,NA,NA,NA
"1673",1995-09-07,NA,NA,NA,NA,NA
"1674",1995-09-11,NA,NA,NA,NA,NA
"1675",1995-09-12,NA,NA,NA,NA,NA
"1676",1995-09-13,NA,NA,NA,NA,NA
"1677",1995-09-14,NA,NA,NA,NA,NA
"1678",1995-09-15,NA,NA,NA,NA,NA
"1679",1995-09-16,NA,NA,NA,NA,NA
"1680",1995-09-18,NA,NA,NA,NA,NA
"1681",1995-09-19,NA,NA,NA,NA,NA
"1682",1995-09-20,NA,NA,NA,NA,NA
"1683",1995-09-21,NA,NA,NA,NA,NA
"1684",1995-09-22,NA,NA,NA,NA,NA
"1685",1995-09-23,NA,NA,NA,NA,NA
"1686",1995-09-25,NA,NA,NA,NA,NA
"1687",1995-09-26,NA,NA,NA,NA,NA
"1688",1995-09-27,NA,NA,NA,NA,NA
"1689",1995-09-28,NA,NA,NA,NA,NA
"1690",1995-09-29,NA,NA,NA,NA,NA
"1691",1995-09-30,NA,NA,NA,NA,NA
"1692",1995-10-02,NA,NA,NA,NA,NA
"1693",1995-10-04,NA,NA,NA,NA,NA
"1694",1995-10-05,NA,NA,NA,NA,NA
"1695",1995-10-06,NA,NA,NA,NA,NA
"1696",1995-10-07,NA,NA,NA,NA,NA
"1697",1995-10-09,NA,NA,NA,NA,NA
"1698",1995-10-10,NA,NA,NA,NA,NA
"1699",1995-10-11,NA,NA,NA,NA,NA
"1700",1995-10-12,NA,NA,NA,NA,NA
"1701",1995-10-13,NA,NA,NA,NA,NA
"1702",1995-10-14,NA,NA,NA,NA,NA
"1703",1995-10-16,NA,NA,NA,NA,NA
"1704",1995-10-17,NA,NA,NA,NA,NA
"1705",1995-10-18,NA,NA,NA,NA,NA
"1706",1995-10-19,NA,NA,NA,NA,NA
"1707",1995-10-20,NA,NA,NA,NA,NA
"1708",1995-10-21,NA,NA,NA,NA,NA
"1709",1995-10-23,NA,NA,NA,NA,NA
"1710",1995-10-24,NA,NA,NA,NA,NA
"1711",1995-10-25,NA,NA,NA,NA,NA
"1712",1995-10-26,NA,NA,NA,NA,NA
"1713",1995-10-27,NA,NA,NA,NA,NA
"1714",1995-10-28,NA,NA,NA,NA,NA
"1715",1995-10-30,NA,NA,NA,NA,NA
"1716",1995-10-31,NA,NA,NA,NA,NA
"1717",1995-11-01,NA,NA,NA,NA,NA
"1718",1995-11-02,NA,NA,NA,NA,NA
"1719",1995-11-03,NA,NA,NA,NA,NA
"1720",1995-11-04,NA,NA,NA,NA,NA
"1721",1995-11-06,NA,NA,NA,NA,NA
"1722",1995-11-07,NA,NA,NA,NA,NA
"1723",1995-11-08,NA,NA,NA,NA,NA
"1724",1995-11-09,NA,NA,NA,NA,NA
"1725",1995-11-10,NA,NA,NA,NA,NA
"1726",1995-11-11,NA,NA,NA,NA,NA
"1727",1995-11-13,NA,NA,NA,NA,NA
"1728",1995-11-14,NA,NA,NA,NA,NA
"1729",1995-11-15,NA,NA,NA,NA,NA
"1730",1995-11-16,NA,NA,NA,NA,NA
"1731",1995-11-17,NA,NA,NA,NA,NA
"1732",1995-11-18,NA,NA,NA,NA,NA
"1733",1995-11-20,NA,NA,NA,NA,NA
"1734",1995-11-21,NA,NA,NA,NA,NA
"1735",1995-11-22,NA,NA,NA,NA,NA
"1736",1995-11-23,NA,NA,NA,NA,NA
"1737",1995-11-24,NA,NA,NA,NA,NA
"1738",1995-11-25,NA,NA,NA,NA,NA
"1739",1995-11-27,NA,NA,NA,NA,NA
"1740",1995-11-28,NA,NA,NA,NA,NA
"1741",1995-11-29,NA,NA,NA,NA,NA
"1742",1995-11-30,NA,NA,NA,NA,NA
"1743",1995-12-01,NA,NA,NA,NA,NA
"1744",1995-12-02,NA,NA,NA,NA,NA
"1745",1995-12-04,NA,NA,NA,NA,NA
"1746",1995-12-05,NA,NA,NA,NA,NA
"1747",1995-12-06,NA,NA,NA,NA,NA
"1748",1995-12-07,NA,NA,NA,NA,NA
"1749",1995-12-08,NA,NA,NA,NA,NA
"1750",1995-12-09,NA,NA,NA,NA,NA
"1751",1995-12-11,NA,NA,NA,NA,NA
"1752",1995-12-12,NA,NA,NA,NA,NA
"1753",1995-12-13,NA,NA,NA,NA,NA
"1754",1995-12-14,NA,NA,NA,NA,NA
"1755",1995-12-15,NA,NA,NA,NA,NA
"1756",1995-12-16,NA,NA,NA,NA,NA
"1757",1995-12-18,NA,NA,NA,NA,NA
"1758",1995-12-19,NA,NA,NA,NA,NA
"1759",1995-12-20,NA,NA,NA,NA,NA
"1760",1995-12-21,NA,NA,NA,NA,NA
"1761",1995-12-22,NA,NA,NA,NA,NA
"1762",1995-12-23,NA,NA,NA,NA,NA
"1763",1995-12-26,NA,NA,NA,NA,NA
"1764",1995-12-27,NA,NA,NA,NA,NA
"1765",1996-01-03,NA,NA,NA,NA,NA
"1766",1996-01-04,NA,NA,NA,NA,NA
"1767",1996-01-05,NA,NA,NA,NA,NA
"1768",1996-01-06,NA,NA,NA,NA,NA
"1769",1996-01-08,NA,NA,NA,NA,NA
"1770",1996-01-09,NA,NA,NA,NA,NA
"1771",1996-01-10,NA,NA,NA,NA,NA
"1772",1996-01-11,NA,NA,NA,NA,NA
"1773",1996-01-12,NA,NA,NA,NA,NA
"1774",1996-01-13,NA,NA,NA,NA,NA
"1775",1996-01-15,NA,NA,NA,NA,NA
"1776",1996-01-16,NA,NA,NA,NA,NA
"1777",1996-01-17,NA,NA,NA,NA,NA
"1778",1996-01-18,NA,NA,NA,NA,NA
"1779",1996-01-19,NA,NA,NA,NA,NA
"1780",1996-01-20,NA,NA,NA,NA,NA
"1781",1996-01-22,NA,NA,NA,NA,NA
"1782",1996-01-23,NA,NA,NA,NA,NA
"1783",1996-01-24,NA,NA,NA,NA,NA
"1784",1996-01-25,NA,NA,NA,NA,NA
"1785",1996-01-26,NA,NA,NA,NA,NA
"1786",1996-01-27,NA,NA,NA,NA,NA
"1787",1996-01-29,NA,NA,NA,NA,NA
"1788",1996-01-30,NA,NA,NA,NA,NA
"1789",1996-01-31,NA,NA,NA,NA,NA
"1790",1996-02-01,NA,NA,NA,NA,NA
"1791",1996-02-02,NA,NA,NA,NA,NA
"1792",1996-02-03,NA,NA,NA,NA,NA
"1793",1996-02-05,NA,NA,NA,NA,NA
"1794",1996-02-06,NA,NA,NA,NA,NA
"1795",1996-02-07,NA,NA,NA,NA,NA
"1796",1996-02-08,NA,NA,NA,NA,NA
"1797",1996-02-09,NA,NA,NA,NA,NA
"1798",1996-02-10,NA,NA,NA,NA,NA
"1799",1996-02-12,NA,NA,NA,NA,NA
"1800",1996-02-13,NA,NA,NA,NA,NA
"1801",1996-02-14,NA,NA,NA,NA,NA
"1802",1996-02-15,NA,NA,NA,NA,NA
"1803",1996-02-16,NA,NA,NA,NA,NA
"1804",1996-02-17,NA,NA,NA,NA,NA
"1805",1996-02-21,NA,NA,NA,NA,NA
"1806",1996-02-22,NA,NA,NA,NA,NA
"1807",1996-02-23,NA,NA,NA,NA,NA
"1808",1996-02-24,NA,NA,NA,NA,NA
"1809",1996-02-26,NA,NA,NA,NA,NA
"1810",1996-02-27,NA,NA,NA,NA,NA
"1811",1996-02-28,NA,NA,NA,NA,NA
"1812",1996-02-29,NA,NA,NA,NA,NA
"1813",1996-03-02,NA,NA,NA,NA,NA
"1814",1996-03-04,NA,NA,NA,NA,NA
"1815",1996-03-05,NA,NA,NA,NA,NA
"1816",1996-03-06,NA,NA,NA,NA,NA
"1817",1996-03-07,NA,NA,NA,NA,NA
"1818",1996-03-08,NA,NA,NA,NA,NA
"1819",1996-03-09,NA,NA,NA,NA,NA
"1820",1996-03-11,NA,NA,NA,NA,NA
"1821",1996-03-12,NA,NA,NA,NA,NA
"1822",1996-03-13,NA,NA,NA,NA,NA
"1823",1996-03-14,NA,NA,NA,NA,NA
"1824",1996-03-15,NA,NA,NA,NA,NA
"1825",1996-03-16,NA,NA,NA,NA,NA
"1826",1996-03-18,NA,NA,NA,NA,NA
"1827",1996-03-19,NA,NA,NA,NA,NA
"1828",1996-03-20,NA,NA,NA,NA,NA
"1829",1996-03-21,NA,NA,NA,NA,NA
"1830",1996-03-22,NA,NA,NA,NA,NA
"1831",1996-03-23,NA,NA,NA,NA,NA
"1832",1996-03-25,NA,NA,NA,NA,NA
"1833",1996-03-26,NA,NA,NA,NA,NA
"1834",1996-03-27,NA,NA,NA,NA,NA
"1835",1996-03-28,NA,NA,NA,NA,NA
"1836",1996-03-29,NA,NA,NA,NA,NA
"1837",1996-03-30,NA,NA,NA,NA,NA
"1838",1996-04-01,NA,NA,NA,NA,NA
"1839",1996-04-02,NA,NA,NA,NA,NA
"1840",1996-04-03,NA,NA,NA,NA,NA
"1841",1996-04-04,NA,NA,NA,NA,NA
"1842",1996-04-06,NA,NA,NA,NA,NA
"1843",1996-04-08,NA,NA,NA,NA,NA
"1844",1996-04-09,NA,NA,NA,NA,NA
"1845",1996-04-10,NA,NA,NA,NA,NA
"1846",1996-04-12,NA,NA,NA,NA,NA
"1847",1996-04-13,NA,NA,NA,NA,NA
"1848",1996-04-15,NA,NA,NA,NA,NA
"1849",1996-04-16,NA,NA,NA,NA,NA
"1850",1996-04-17,NA,NA,NA,NA,NA
"1851",1996-04-18,NA,NA,NA,NA,NA
"1852",1996-04-19,NA,NA,NA,NA,NA
"1853",1996-04-20,NA,NA,NA,NA,NA
"1854",1996-04-22,NA,NA,NA,NA,NA
"1855",1996-04-23,NA,NA,NA,NA,NA
"1856",1996-04-24,NA,NA,NA,NA,NA
"1857",1996-04-25,NA,NA,NA,NA,NA
"1858",1996-04-26,NA,NA,NA,NA,NA
"1859",1996-04-27,NA,NA,NA,NA,NA
"1860",1996-04-29,NA,NA,NA,NA,NA
"1861",1996-04-30,NA,NA,NA,NA,NA
"1862",1996-05-02,NA,NA,NA,NA,NA
"1863",1996-05-03,NA,NA,NA,NA,NA
"1864",1996-05-04,NA,NA,NA,NA,NA
"1865",1996-05-06,NA,NA,NA,NA,NA
"1866",1996-05-07,NA,NA,NA,NA,NA
"1867",1996-05-08,NA,NA,NA,NA,NA
"1868",1996-05-09,NA,NA,NA,NA,NA
"1869",1996-05-10,NA,NA,NA,NA,NA
"1870",1996-05-11,NA,NA,NA,NA,NA
"1871",1996-05-13,NA,NA,NA,NA,NA
"1872",1996-05-14,NA,NA,NA,NA,NA
"1873",1996-05-15,NA,NA,NA,NA,NA
"1874",1996-05-16,NA,NA,NA,NA,NA
"1875",1996-05-17,NA,NA,NA,NA,NA
"1876",1996-05-18,NA,NA,NA,NA,NA
"1877",1996-05-20,NA,NA,NA,NA,NA
"1878",1996-05-21,NA,NA,NA,NA,NA
"1879",1996-05-22,NA,NA,NA,NA,NA
"1880",1996-05-23,NA,NA,NA,NA,NA
"1881",1996-05-25,NA,NA,NA,NA,NA
"1882",1996-05-27,NA,NA,NA,NA,NA
"1883",1996-05-28,NA,NA,NA,NA,NA
"1884",1996-05-29,NA,NA,NA,NA,NA
"1885",1996-05-30,NA,NA,NA,NA,NA
"1886",1996-05-31,NA,NA,NA,NA,NA
"1887",1996-06-01,NA,NA,NA,NA,NA
"1888",1996-06-03,NA,NA,NA,NA,NA
"1889",1996-06-04,NA,NA,NA,NA,NA
"1890",1996-06-05,NA,NA,NA,NA,NA
"1891",1996-06-07,NA,NA,NA,NA,NA
"1892",1996-06-08,NA,NA,NA,NA,NA
"1893",1996-06-10,NA,NA,NA,NA,NA
"1894",1996-06-11,NA,NA,NA,NA,NA
"1895",1996-06-12,NA,NA,NA,NA,NA
"1896",1996-06-13,NA,NA,NA,NA,NA
"1897",1996-06-14,NA,NA,NA,NA,NA
"1898",1996-06-15,NA,NA,NA,NA,NA
"1899",1996-06-17,NA,NA,NA,NA,NA
"1900",1996-06-18,NA,NA,NA,NA,NA
"1901",1996-06-19,NA,NA,NA,NA,NA
"1902",1996-06-20,NA,NA,NA,NA,NA
"1903",1996-06-21,NA,NA,NA,NA,NA
"1904",1996-06-22,NA,NA,NA,NA,NA
"1905",1996-06-24,NA,NA,NA,NA,NA
"1906",1996-06-25,NA,NA,NA,NA,NA
"1907",1996-06-26,NA,NA,NA,NA,NA
"1908",1996-06-27,NA,NA,NA,NA,NA
"1909",1996-06-28,NA,NA,NA,NA,NA
"1910",1996-06-29,NA,NA,NA,NA,NA
"1911",1996-07-01,NA,NA,NA,NA,NA
"1912",1996-07-02,NA,NA,NA,NA,NA
"1913",1996-07-03,NA,NA,NA,NA,NA
"1914",1996-07-04,NA,NA,NA,NA,NA
"1915",1996-07-05,NA,NA,NA,NA,NA
"1916",1996-07-06,NA,NA,NA,NA,NA
"1917",1996-07-08,NA,NA,NA,NA,NA
"1918",1996-07-09,NA,NA,NA,NA,NA
"1919",1996-07-10,NA,NA,NA,NA,NA
"1920",1996-07-11,NA,NA,NA,NA,NA
"1921",1996-07-12,NA,NA,NA,NA,NA
"1922",1996-07-13,NA,NA,NA,NA,NA
"1923",1996-07-15,NA,NA,NA,NA,NA
"1924",1996-07-16,NA,NA,NA,NA,NA
"1925",1996-07-18,NA,NA,NA,NA,NA
"1926",1996-07-19,NA,NA,NA,NA,NA
"1927",1996-07-20,NA,NA,NA,NA,NA
"1928",1996-07-22,NA,NA,NA,NA,NA
"1929",1996-07-23,NA,NA,NA,NA,NA
"1930",1996-07-24,NA,NA,NA,NA,NA
"1931",1996-07-25,NA,NA,NA,NA,NA
"1932",1996-07-26,NA,NA,NA,NA,NA
"1933",1996-07-27,NA,NA,NA,NA,NA
"1934",1996-07-29,NA,NA,NA,NA,NA
"1935",1996-07-30,NA,NA,NA,NA,NA
"1936",1996-07-31,NA,NA,NA,NA,NA
"1937",1996-08-01,NA,NA,NA,NA,NA
"1938",1996-08-02,NA,NA,NA,NA,NA
"1939",1996-08-03,NA,NA,NA,NA,NA
"1940",1996-08-05,NA,NA,NA,NA,NA
"1941",1996-08-06,NA,NA,NA,NA,NA
"1942",1996-08-07,NA,NA,NA,NA,NA
"1943",1996-08-08,NA,NA,NA,NA,NA
"1944",1996-08-09,NA,NA,NA,NA,NA
"1945",1996-08-10,NA,NA,NA,NA,NA
"1946",1996-08-12,NA,NA,NA,NA,NA
"1947",1996-08-13,NA,NA,NA,NA,NA
"1948",1996-08-14,NA,NA,NA,NA,NA
"1949",1996-08-16,NA,NA,NA,NA,NA
"1950",1996-08-17,NA,NA,NA,NA,NA
"1951",1996-08-19,NA,NA,NA,NA,NA
"1952",1996-08-20,NA,NA,NA,NA,NA
"1953",1996-08-21,NA,NA,NA,NA,NA
"1954",1996-08-22,NA,NA,NA,NA,NA
"1955",1996-08-23,NA,NA,NA,NA,NA
"1956",1996-08-24,NA,NA,NA,NA,NA
"1957",1996-08-26,NA,NA,NA,NA,NA
"1958",1996-08-27,NA,NA,NA,NA,NA
"1959",1996-08-28,NA,NA,NA,NA,NA
"1960",1996-08-29,NA,NA,NA,NA,NA
"1961",1996-08-30,NA,NA,NA,NA,NA
"1962",1996-08-31,NA,NA,NA,NA,NA
"1963",1996-09-02,NA,NA,NA,NA,NA
"1964",1996-09-03,NA,NA,NA,NA,NA
"1965",1996-09-04,NA,NA,NA,NA,NA
"1966",1996-09-05,NA,NA,NA,NA,NA
"1967",1996-09-06,NA,NA,NA,NA,NA
"1968",1996-09-07,NA,NA,NA,NA,NA
"1969",1996-09-09,NA,NA,NA,NA,NA
"1970",1996-09-10,NA,NA,NA,NA,NA
"1971",1996-09-11,NA,NA,NA,NA,NA
"1972",1996-09-12,NA,NA,NA,NA,NA
"1973",1996-09-13,NA,NA,NA,NA,NA
"1974",1996-09-14,NA,NA,NA,NA,NA
"1975",1996-09-16,NA,NA,NA,NA,NA
"1976",1996-09-17,NA,NA,NA,NA,NA
"1977",1996-09-18,NA,NA,NA,NA,NA
"1978",1996-09-19,NA,NA,NA,NA,NA
"1979",1996-09-20,NA,NA,NA,NA,NA
"1980",1996-09-21,NA,NA,NA,NA,NA
"1981",1996-09-23,NA,NA,NA,NA,NA
"1982",1996-09-24,NA,NA,NA,NA,NA
"1983",1996-09-25,NA,NA,NA,NA,NA
"1984",1996-09-30,NA,NA,NA,NA,NA
"1985",1996-10-01,NA,NA,NA,NA,NA
"1986",1996-10-02,NA,NA,NA,NA,NA
"1987",1996-10-04,NA,NA,NA,NA,NA
"1988",1996-10-05,NA,NA,NA,NA,NA
"1989",1996-10-07,NA,NA,NA,NA,NA
"1990",1996-10-08,NA,NA,NA,NA,NA
"1991",1996-10-09,NA,NA,NA,NA,NA
"1992",1996-10-10,NA,NA,NA,NA,NA
"1993",1996-10-11,NA,NA,NA,NA,NA
"1994",1996-10-12,NA,NA,NA,NA,NA
"1995",1996-10-14,NA,NA,NA,NA,NA
"1996",1996-10-15,NA,NA,NA,NA,NA
"1997",1996-10-16,NA,NA,NA,NA,NA
"1998",1996-10-17,NA,NA,NA,NA,NA
"1999",1996-10-18,NA,NA,NA,NA,NA
"2000",1996-10-19,NA,NA,NA,NA,NA
"2001",1996-10-21,NA,NA,NA,NA,NA
"2002",1996-10-22,NA,NA,NA,NA,NA
"2003",1996-10-23,NA,NA,NA,NA,NA
"2004",1996-10-24,NA,NA,NA,NA,NA
"2005",1996-10-25,NA,NA,NA,NA,NA
"2006",1996-10-26,NA,NA,NA,NA,NA
"2007",1996-10-28,NA,NA,NA,NA,NA
"2008",1996-10-29,NA,NA,NA,NA,NA
"2009",1996-10-30,NA,NA,NA,NA,NA
"2010",1996-10-31,NA,NA,NA,NA,NA
"2011",1996-11-01,NA,NA,NA,NA,NA
"2012",1996-11-02,NA,NA,NA,NA,NA
"2013",1996-11-04,NA,NA,NA,NA,NA
"2014",1996-11-05,NA,NA,NA,NA,NA
"2015",1996-11-06,NA,NA,NA,NA,NA
"2016",1996-11-07,NA,NA,NA,NA,NA
"2017",1996-11-08,NA,NA,NA,NA,NA
"2018",1996-11-09,NA,NA,NA,NA,NA
"2019",1996-11-11,NA,NA,NA,NA,NA
"2020",1996-11-12,NA,NA,NA,NA,NA
"2021",1996-11-13,NA,NA,NA,NA,NA
"2022",1996-11-14,NA,NA,NA,NA,NA
"2023",1996-11-15,NA,NA,NA,NA,NA
"2024",1996-11-16,NA,NA,NA,NA,NA
"2025",1996-11-18,NA,NA,NA,NA,NA
"2026",1996-11-19,NA,NA,NA,NA,NA
"2027",1996-11-20,NA,NA,NA,NA,NA
"2028",1996-11-21,NA,NA,NA,NA,NA
"2029",1996-11-22,NA,NA,NA,NA,NA
"2030",1996-11-25,NA,NA,NA,NA,NA
"2031",1996-11-26,NA,NA,NA,NA,NA
"2032",1996-11-27,NA,NA,NA,NA,NA
"2033",1996-11-28,NA,NA,NA,NA,NA
"2034",1996-11-29,NA,NA,NA,NA,NA
"2035",1996-11-30,NA,NA,NA,NA,NA
"2036",1996-12-02,NA,NA,NA,NA,NA
"2037",1996-12-03,NA,NA,NA,NA,NA
"2038",1996-12-04,NA,NA,NA,NA,NA
"2039",1996-12-05,NA,NA,NA,NA,NA
"2040",1996-12-06,NA,NA,NA,NA,NA
"2041",1996-12-07,NA,NA,NA,NA,NA
"2042",1996-12-09,NA,NA,NA,NA,NA
"2043",1996-12-10,NA,NA,NA,NA,NA
"2044",1996-12-11,NA,NA,NA,NA,NA
"2045",1996-12-12,NA,NA,NA,NA,NA
"2046",1996-12-13,NA,NA,NA,NA,NA
"2047",1996-12-14,NA,NA,NA,NA,NA
"2048",1996-12-16,NA,NA,NA,NA,NA
"2049",1996-12-17,NA,NA,NA,NA,NA
"2050",1996-12-18,NA,NA,NA,NA,NA
"2051",1996-12-19,NA,NA,NA,NA,NA
"2052",1996-12-20,NA,NA,NA,NA,NA
"2053",1996-12-21,NA,NA,NA,NA,NA
"2054",1996-12-23,NA,NA,NA,NA,NA
"2055",1996-12-24,NA,NA,NA,NA,NA
"2056",1996-12-26,NA,NA,NA,NA,NA
"2057",1996-12-27,NA,NA,NA,NA,NA
"2058",1997-01-03,NA,NA,NA,NA,NA
"2059",1997-01-04,NA,NA,NA,NA,NA
"2060",1997-01-06,NA,NA,NA,NA,NA
"2061",1997-01-07,NA,NA,NA,NA,NA
"2062",1997-01-08,NA,NA,NA,NA,NA
"2063",1997-01-09,NA,NA,NA,NA,NA
"2064",1997-01-10,NA,NA,NA,NA,NA
"2065",1997-01-11,NA,NA,NA,NA,NA
"2066",1997-01-13,NA,NA,NA,NA,NA
"2067",1997-01-14,NA,NA,NA,NA,NA
"2068",1997-01-15,NA,NA,NA,NA,NA
"2069",1997-01-16,NA,NA,NA,NA,NA
"2070",1997-01-17,NA,NA,NA,NA,NA
"2071",1997-01-18,NA,NA,NA,NA,NA
"2072",1997-01-20,NA,NA,NA,NA,NA
"2073",1997-01-21,NA,NA,NA,NA,NA
"2074",1997-01-22,NA,NA,NA,NA,NA
"2075",1997-01-23,NA,NA,NA,NA,NA
"2076",1997-01-24,NA,NA,NA,NA,NA
"2077",1997-01-25,NA,NA,NA,NA,NA
"2078",1997-01-27,NA,NA,NA,NA,NA
"2079",1997-01-28,NA,NA,NA,NA,NA
"2080",1997-01-29,NA,NA,NA,NA,NA
"2081",1997-01-30,NA,NA,NA,NA,NA
"2082",1997-01-31,NA,NA,NA,NA,NA
"2083",1997-02-01,NA,NA,NA,NA,NA
"2084",1997-02-03,NA,NA,NA,NA,NA
"2085",1997-02-04,NA,NA,NA,NA,NA
"2086",1997-02-05,NA,NA,NA,NA,NA
"2087",1997-02-06,NA,NA,NA,NA,NA
"2088",1997-02-10,NA,NA,NA,NA,NA
"2089",1997-02-11,NA,NA,NA,NA,NA
"2090",1997-02-12,NA,NA,NA,NA,NA
"2091",1997-02-13,NA,NA,NA,NA,NA
"2092",1997-02-14,NA,NA,NA,NA,NA
"2093",1997-02-15,NA,NA,NA,NA,NA
"2094",1997-02-17,NA,NA,NA,NA,NA
"2095",1997-02-18,NA,NA,NA,NA,NA
"2096",1997-02-19,NA,NA,NA,NA,NA
"2097",1997-02-20,NA,NA,NA,NA,NA
"2098",1997-02-21,NA,NA,NA,NA,NA
"2099",1997-02-22,NA,NA,NA,NA,NA
"2100",1997-02-24,NA,NA,NA,NA,NA
"2101",1997-02-25,NA,NA,NA,NA,NA
"2102",1997-02-26,NA,NA,NA,NA,NA
"2103",1997-02-27,NA,NA,NA,NA,NA
"2104",1997-02-28,NA,NA,NA,NA,NA
"2105",1997-03-03,NA,NA,NA,NA,NA
"2106",1997-03-04,NA,NA,NA,NA,NA
"2107",1997-03-05,NA,NA,NA,NA,NA
"2108",1997-03-06,NA,NA,NA,NA,NA
"2109",1997-03-07,NA,NA,NA,NA,NA
"2110",1997-03-08,NA,NA,NA,NA,NA
"2111",1997-03-10,NA,NA,NA,NA,NA
"2112",1997-03-11,NA,NA,NA,NA,NA
"2113",1997-03-12,NA,NA,NA,NA,NA
"2114",1997-03-13,NA,NA,NA,NA,NA
"2115",1997-03-14,NA,NA,NA,NA,NA
"2116",1997-03-15,NA,NA,NA,NA,NA
"2117",1997-03-17,NA,NA,NA,NA,NA
"2118",1997-03-18,NA,NA,NA,NA,NA
"2119",1997-03-19,NA,NA,NA,NA,NA
"2120",1997-03-20,NA,NA,NA,NA,NA
"2121",1997-03-21,NA,NA,NA,NA,NA
"2122",1997-03-22,NA,NA,NA,NA,NA
"2123",1997-03-24,NA,NA,NA,NA,NA
"2124",1997-03-25,NA,NA,NA,NA,NA
"2125",1997-03-26,NA,NA,NA,NA,NA
"2126",1997-03-27,NA,NA,NA,NA,NA
"2127",1997-03-28,NA,NA,NA,NA,NA
"2128",1997-03-29,NA,NA,NA,NA,NA
"2129",1997-03-31,NA,NA,NA,NA,NA
"2130",1997-04-01,NA,NA,NA,NA,NA
"2131",1997-04-02,NA,NA,NA,NA,NA
"2132",1997-04-03,NA,NA,NA,NA,NA
"2133",1997-04-04,NA,NA,NA,NA,NA
"2134",1997-04-07,NA,NA,NA,NA,NA
"2135",1997-04-08,NA,NA,NA,NA,NA
"2136",1997-04-09,NA,NA,NA,NA,NA
"2137",1997-04-10,NA,NA,NA,NA,NA
"2138",1997-04-11,NA,NA,NA,NA,NA
"2139",1997-04-12,NA,NA,NA,NA,NA
"2140",1997-04-14,NA,NA,NA,NA,NA
"2141",1997-04-15,NA,NA,NA,NA,NA
"2142",1997-04-16,NA,NA,NA,NA,NA
"2143",1997-04-17,NA,NA,NA,NA,NA
"2144",1997-04-18,NA,NA,NA,NA,NA
"2145",1997-04-19,NA,NA,NA,NA,NA
"2146",1997-04-21,NA,NA,NA,NA,NA
"2147",1997-04-22,NA,NA,NA,NA,NA
"2148",1997-04-23,NA,NA,NA,NA,NA
"2149",1997-04-24,NA,NA,NA,NA,NA
"2150",1997-04-25,NA,NA,NA,NA,NA
"2151",1997-04-26,NA,NA,NA,NA,NA
"2152",1997-04-28,NA,NA,NA,NA,NA
"2153",1997-04-29,NA,NA,NA,NA,NA
"2154",1997-04-30,NA,NA,NA,NA,NA
"2155",1997-05-02,NA,NA,NA,NA,NA
"2156",1997-05-03,NA,NA,NA,NA,NA
"2157",1997-05-06,NA,NA,NA,NA,NA
"2158",1997-05-07,NA,NA,NA,NA,NA
"2159",1997-05-08,NA,NA,NA,NA,NA
"2160",1997-05-09,NA,NA,NA,NA,NA
"2161",1997-05-10,NA,NA,NA,NA,NA
"2162",1997-05-12,NA,NA,NA,NA,NA
"2163",1997-05-13,NA,NA,NA,NA,NA
"2164",1997-05-15,NA,NA,NA,NA,NA
"2165",1997-05-16,NA,NA,NA,NA,NA
"2166",1997-05-17,NA,NA,NA,NA,NA
"2167",1997-05-19,NA,NA,NA,NA,NA
"2168",1997-05-20,NA,NA,NA,NA,NA
"2169",1997-05-21,NA,NA,NA,NA,NA
"2170",1997-05-22,NA,NA,NA,NA,NA
"2171",1997-05-23,NA,NA,NA,NA,NA
"2172",1997-05-24,NA,NA,NA,NA,NA
"2173",1997-05-26,NA,NA,NA,NA,NA
"2174",1997-05-27,NA,NA,NA,NA,NA
"2175",1997-05-28,NA,NA,NA,NA,NA
"2176",1997-05-29,NA,NA,NA,NA,NA
"2177",1997-05-30,NA,NA,NA,NA,NA
"2178",1997-05-31,NA,NA,NA,NA,NA
"2179",1997-06-02,NA,NA,NA,NA,NA
"2180",1997-06-03,NA,NA,NA,NA,NA
"2181",1997-06-04,NA,NA,NA,NA,NA
"2182",1997-06-05,NA,NA,NA,NA,NA
"2183",1997-06-07,NA,NA,NA,NA,NA
"2184",1997-06-09,NA,NA,NA,NA,NA
"2185",1997-06-10,NA,NA,NA,NA,NA
"2186",1997-06-11,NA,NA,NA,NA,NA
"2187",1997-06-12,NA,NA,NA,NA,NA
"2188",1997-06-13,NA,NA,NA,NA,NA
"2189",1997-06-14,NA,NA,NA,NA,NA
"2190",1997-06-16,NA,NA,NA,NA,NA
"2191",1997-06-17,NA,NA,NA,NA,NA
"2192",1997-06-18,NA,NA,NA,NA,NA
"2193",1997-06-19,NA,NA,NA,NA,NA
"2194",1997-06-20,NA,NA,NA,NA,NA
"2195",1997-06-21,NA,NA,NA,NA,NA
"2196",1997-06-23,NA,NA,NA,NA,NA
"2197",1997-06-24,NA,NA,NA,NA,NA
"2198",1997-06-25,NA,NA,NA,NA,NA
"2199",1997-06-26,NA,NA,NA,NA,NA
"2200",1997-06-27,NA,NA,NA,NA,NA
"2201",1997-06-28,NA,NA,NA,NA,NA
"2202",1997-06-30,NA,NA,NA,NA,NA
"2203",1997-07-01,NA,NA,NA,NA,NA
"2204",1997-07-02,NA,NA,NA,NA,NA
"2205",1997-07-03,NA,NA,NA,NA,NA
"2206",1997-07-04,NA,NA,NA,NA,NA
"2207",1997-07-05,NA,NA,NA,NA,NA
"2208",1997-07-07,NA,NA,NA,NA,NA
"2209",1997-07-08,NA,NA,NA,NA,NA
"2210",1997-07-09,NA,NA,NA,NA,NA
"2211",1997-07-10,NA,NA,NA,NA,NA
"2212",1997-07-11,NA,NA,NA,NA,NA
"2213",1997-07-12,NA,NA,NA,NA,NA
"2214",1997-07-14,NA,NA,NA,NA,NA
"2215",1997-07-15,NA,NA,NA,NA,NA
"2216",1997-07-16,NA,NA,NA,NA,NA
"2217",1997-07-18,NA,NA,NA,NA,NA
"2218",1997-07-19,NA,NA,NA,NA,NA
"2219",1997-07-21,NA,NA,NA,NA,NA
"2220",1997-07-22,NA,NA,NA,NA,NA
"2221",1997-07-23,NA,NA,NA,NA,NA
"2222",1997-07-24,NA,NA,NA,NA,NA
"2223",1997-07-25,NA,NA,NA,NA,NA
"2224",1997-07-26,NA,NA,NA,NA,NA
"2225",1997-07-28,NA,NA,NA,NA,NA
"2226",1997-07-29,NA,NA,NA,NA,NA
"2227",1997-07-30,NA,NA,NA,NA,NA
"2228",1997-07-31,NA,NA,NA,NA,NA
"2229",1997-08-01,NA,NA,NA,NA,NA
"2230",1997-08-02,NA,NA,NA,NA,NA
"2231",1997-08-04,NA,NA,NA,NA,NA
"2232",1997-08-05,NA,NA,NA,NA,NA
"2233",1997-08-06,NA,NA,NA,NA,NA
"2234",1997-08-07,NA,NA,NA,NA,NA
"2235",1997-08-08,NA,NA,NA,NA,NA
"2236",1997-08-09,NA,NA,NA,NA,NA
"2237",1997-08-11,NA,NA,NA,NA,NA
"2238",1997-08-12,NA,NA,NA,NA,NA
"2239",1997-08-13,NA,NA,NA,NA,NA
"2240",1997-08-14,NA,NA,NA,NA,NA
"2241",1997-08-16,NA,NA,NA,NA,NA
"2242",1997-08-18,NA,NA,NA,NA,NA
"2243",1997-08-19,NA,NA,NA,NA,NA
"2244",1997-08-20,NA,NA,NA,NA,NA
"2245",1997-08-21,NA,NA,NA,NA,NA
"2246",1997-08-22,NA,NA,NA,NA,NA
"2247",1997-08-23,NA,NA,NA,NA,NA
"2248",1997-08-25,NA,NA,NA,NA,NA
"2249",1997-08-26,NA,NA,NA,NA,NA
"2250",1997-08-27,NA,NA,NA,NA,NA
"2251",1997-08-28,NA,NA,NA,NA,NA
"2252",1997-08-29,NA,NA,NA,NA,NA
"2253",1997-08-30,NA,NA,NA,NA,NA
"2254",1997-09-01,NA,NA,NA,NA,NA
"2255",1997-09-02,NA,NA,NA,NA,NA
"2256",1997-09-03,NA,NA,NA,NA,NA
"2257",1997-09-04,NA,NA,NA,NA,NA
"2258",1997-09-05,NA,NA,NA,NA,NA
"2259",1997-09-06,NA,NA,NA,NA,NA
"2260",1997-09-08,NA,NA,NA,NA,NA
"2261",1997-09-09,NA,NA,NA,NA,NA
"2262",1997-09-10,NA,NA,NA,NA,NA
"2263",1997-09-11,NA,NA,NA,NA,NA
"2264",1997-09-12,NA,NA,NA,NA,NA
"2265",1997-09-13,NA,NA,NA,NA,NA
"2266",1997-09-18,NA,NA,NA,NA,NA
"2267",1997-09-19,NA,NA,NA,NA,NA
"2268",1997-09-20,NA,NA,NA,NA,NA
"2269",1997-09-22,NA,NA,NA,NA,NA
"2270",1997-09-23,NA,NA,NA,NA,NA
"2271",1997-09-24,NA,NA,NA,NA,NA
"2272",1997-09-25,NA,NA,NA,NA,NA
"2273",1997-09-26,NA,NA,NA,NA,NA
"2274",1997-09-27,NA,NA,NA,NA,NA
"2275",1997-09-29,NA,NA,NA,NA,NA
"2276",1997-09-30,NA,NA,NA,NA,NA
"2277",1997-10-01,NA,NA,NA,NA,NA
"2278",1997-10-02,NA,NA,NA,NA,NA
"2279",1997-10-04,NA,NA,NA,NA,NA
"2280",1997-10-06,NA,NA,NA,NA,NA
"2281",1997-10-07,NA,NA,NA,NA,NA
"2282",1997-10-08,NA,NA,NA,NA,NA
"2283",1997-10-09,NA,NA,NA,NA,NA
"2284",1997-10-10,NA,NA,NA,NA,NA
"2285",1997-10-11,NA,NA,NA,NA,NA
"2286",1997-10-13,NA,NA,NA,NA,NA
"2287",1997-10-14,NA,NA,NA,NA,NA
"2288",1997-10-15,NA,NA,NA,NA,NA
"2289",1997-10-16,NA,NA,NA,NA,NA
"2290",1997-10-17,NA,NA,NA,NA,NA
"2291",1997-10-18,NA,NA,NA,NA,NA
"2292",1997-10-20,NA,NA,NA,NA,NA
"2293",1997-10-21,NA,NA,NA,NA,NA
"2294",1997-10-22,NA,NA,NA,NA,NA
"2295",1997-10-23,NA,NA,NA,NA,NA
"2296",1997-10-24,NA,NA,NA,NA,NA
"2297",1997-10-25,NA,NA,NA,NA,NA
"2298",1997-10-27,NA,NA,NA,NA,NA
"2299",1997-10-28,NA,NA,NA,NA,NA
"2300",1997-10-29,NA,NA,NA,NA,NA
"2301",1997-10-30,NA,NA,NA,NA,NA
"2302",1997-10-31,NA,NA,NA,NA,NA
"2303",1997-11-01,NA,NA,NA,NA,NA
"2304",1997-11-03,NA,NA,NA,NA,NA
"2305",1997-11-04,NA,NA,NA,NA,NA
"2306",1997-11-05,NA,NA,NA,NA,NA
"2307",1997-11-06,NA,NA,NA,NA,NA
"2308",1997-11-07,NA,NA,NA,NA,NA
"2309",1997-11-08,NA,NA,NA,NA,NA
"2310",1997-11-10,NA,NA,NA,NA,NA
"2311",1997-11-11,NA,NA,NA,NA,NA
"2312",1997-11-12,NA,NA,NA,NA,NA
"2313",1997-11-13,NA,NA,NA,NA,NA
"2314",1997-11-14,NA,NA,NA,NA,NA
"2315",1997-11-15,NA,NA,NA,NA,NA
"2316",1997-11-17,NA,NA,NA,NA,NA
"2317",1997-11-18,NA,NA,NA,NA,NA
"2318",1997-11-19,NA,NA,NA,NA,NA
"2319",1997-11-20,NA,NA,NA,NA,NA
"2320",1997-11-21,NA,NA,NA,NA,NA
"2321",1997-11-22,NA,NA,NA,NA,NA
"2322",1997-11-24,NA,NA,NA,NA,NA
"2323",1997-11-25,NA,NA,NA,NA,NA
"2324",1997-11-26,NA,NA,NA,NA,NA
"2325",1997-11-27,NA,NA,NA,NA,NA
"2326",1997-11-28,NA,NA,NA,NA,NA
"2327",1997-11-29,NA,NA,NA,NA,NA
"2328",1997-12-01,NA,NA,NA,NA,NA
"2329",1997-12-02,NA,NA,NA,NA,NA
"2330",1997-12-03,NA,NA,NA,NA,NA
"2331",1997-12-04,NA,NA,NA,NA,NA
"2332",1997-12-05,NA,NA,NA,NA,NA
"2333",1997-12-06,NA,NA,NA,NA,NA
"2334",1997-12-08,NA,NA,NA,NA,NA
"2335",1997-12-09,NA,NA,NA,NA,NA
"2336",1997-12-10,NA,NA,NA,NA,NA
"2337",1997-12-11,NA,NA,NA,NA,NA
"2338",1997-12-12,NA,NA,NA,NA,NA
"2339",1997-12-13,NA,NA,NA,NA,NA
"2340",1997-12-15,NA,NA,NA,NA,NA
"2341",1997-12-16,NA,NA,NA,NA,NA
"2342",1997-12-17,NA,NA,NA,NA,NA
"2343",1997-12-19,NA,NA,NA,NA,NA
"2344",1997-12-20,NA,NA,NA,NA,NA
"2345",1997-12-22,NA,NA,NA,NA,NA
"2346",1997-12-23,NA,NA,NA,NA,NA
"2347",1997-12-24,NA,NA,NA,NA,NA
"2348",1997-12-26,NA,NA,NA,NA,NA
"2349",1997-12-27,NA,NA,NA,NA,NA
"2350",1998-01-03,NA,NA,NA,NA,NA
"2351",1998-01-05,NA,NA,NA,NA,NA
"2352",1998-01-06,NA,NA,NA,NA,NA
"2353",1998-01-07,NA,NA,NA,NA,NA
"2354",1998-01-08,NA,NA,NA,NA,NA
"2355",1998-01-09,NA,NA,NA,NA,NA
"2356",1998-01-10,NA,NA,NA,NA,NA
"2357",1998-01-12,NA,NA,NA,NA,NA
"2358",1998-01-13,NA,NA,NA,NA,NA
"2359",1998-01-14,NA,NA,NA,NA,NA
"2360",1998-01-15,NA,NA,NA,NA,NA
"2361",1998-01-16,NA,NA,NA,NA,NA
"2362",1998-01-17,NA,NA,NA,NA,NA
"2363",1998-01-19,NA,NA,NA,NA,NA
"2364",1998-01-20,NA,NA,NA,NA,NA
"2365",1998-01-21,NA,NA,NA,NA,NA
"2366",1998-01-22,NA,NA,NA,NA,NA
"2367",1998-01-23,NA,NA,NA,NA,NA
"2368",1998-01-24,NA,NA,NA,NA,NA
"2369",1998-01-26,NA,NA,NA,NA,NA
"2370",1998-01-30,NA,NA,NA,NA,NA
"2371",1998-01-31,NA,NA,NA,NA,NA
"2372",1998-02-02,NA,NA,NA,NA,NA
"2373",1998-02-03,NA,NA,NA,NA,NA
"2374",1998-02-04,NA,NA,NA,NA,NA
"2375",1998-02-05,NA,NA,NA,NA,NA
"2376",1998-02-06,NA,NA,NA,NA,NA
"2377",1998-02-07,NA,NA,NA,NA,NA
"2378",1998-02-09,NA,NA,NA,NA,NA
"2379",1998-02-10,NA,NA,NA,NA,NA
"2380",1998-02-11,NA,NA,NA,NA,NA
"2381",1998-02-12,NA,NA,NA,NA,NA
"2382",1998-02-13,NA,NA,NA,NA,NA
"2383",1998-02-14,NA,NA,NA,NA,NA
"2384",1998-02-16,NA,NA,NA,NA,NA
"2385",1998-02-17,NA,NA,NA,NA,NA
"2386",1998-02-18,NA,NA,NA,NA,NA
"2387",1998-02-19,NA,NA,NA,NA,NA
"2388",1998-02-20,NA,NA,NA,NA,NA
"2389",1998-02-21,NA,NA,NA,NA,NA
"2390",1998-02-23,NA,NA,NA,NA,NA
"2391",1998-02-24,NA,NA,NA,NA,NA
"2392",1998-02-25,NA,NA,NA,NA,NA
"2393",1998-02-26,NA,NA,NA,NA,NA
"2394",1998-02-27,NA,NA,NA,NA,NA
"2395",1998-02-28,NA,NA,NA,NA,NA
"2396",1998-03-02,NA,NA,NA,NA,NA
"2397",1998-03-03,NA,NA,NA,NA,NA
"2398",1998-03-04,NA,NA,NA,NA,NA
"2399",1998-03-05,NA,NA,NA,NA,NA
"2400",1998-03-06,NA,NA,NA,NA,NA
"2401",1998-03-07,NA,NA,NA,NA,NA
"2402",1998-03-09,NA,NA,NA,NA,NA
"2403",1998-03-10,NA,NA,NA,NA,NA
"2404",1998-03-11,NA,NA,NA,NA,NA
"2405",1998-03-12,NA,NA,NA,NA,NA
"2406",1998-03-13,NA,NA,NA,NA,NA
"2407",1998-03-14,NA,NA,NA,NA,NA
"2408",1998-03-16,NA,NA,NA,NA,NA
"2409",1998-03-17,NA,NA,NA,NA,NA
"2410",1998-03-18,NA,NA,NA,NA,NA
"2411",1998-03-19,NA,NA,NA,NA,NA
"2412",1998-03-20,NA,NA,NA,NA,NA
"2413",1998-03-21,NA,NA,NA,NA,NA
"2414",1998-03-23,NA,NA,NA,NA,NA
"2415",1998-03-24,NA,NA,NA,NA,NA
"2416",1998-03-25,NA,NA,NA,NA,NA
"2417",1998-03-26,NA,NA,NA,NA,NA
"2418",1998-03-27,NA,NA,NA,NA,NA
"2419",1998-03-28,NA,NA,NA,NA,NA
"2420",1998-03-30,NA,NA,NA,NA,NA
"2421",1998-03-31,NA,NA,NA,NA,NA
"2422",1998-04-01,NA,NA,NA,NA,NA
"2423",1998-04-02,NA,NA,NA,NA,NA
"2424",1998-04-03,NA,NA,NA,NA,NA
"2425",1998-04-04,NA,NA,NA,NA,NA
"2426",1998-04-06,NA,NA,NA,NA,NA
"2427",1998-04-07,NA,NA,NA,NA,NA
"2428",1998-04-08,NA,NA,NA,NA,NA
"2429",1998-04-09,NA,NA,NA,NA,NA
"2430",1998-04-10,NA,NA,NA,NA,NA
"2431",1998-04-11,NA,NA,NA,NA,NA
"2432",1998-04-13,NA,NA,NA,NA,NA
"2433",1998-04-14,NA,NA,NA,NA,NA
"2434",1998-04-15,NA,NA,NA,NA,NA
"2435",1998-04-16,NA,NA,NA,NA,NA
"2436",1998-04-17,NA,NA,NA,NA,NA
"2437",1998-04-18,NA,NA,NA,NA,NA
"2438",1998-04-20,NA,NA,NA,NA,NA
"2439",1998-04-21,NA,NA,NA,NA,NA
"2440",1998-04-22,NA,NA,NA,NA,NA
"2441",1998-04-23,NA,NA,NA,NA,NA
"2442",1998-04-24,NA,NA,NA,NA,NA
"2443",1998-04-25,NA,NA,NA,NA,NA
"2444",1998-04-27,NA,NA,NA,NA,NA
"2445",1998-04-28,NA,NA,NA,NA,NA
"2446",1998-04-29,NA,NA,NA,NA,NA
"2447",1998-04-30,NA,NA,NA,NA,NA
"2448",1998-05-02,NA,NA,NA,NA,NA
"2449",1998-05-04,NA,NA,NA,NA,NA
"2450",1998-05-06,NA,NA,NA,NA,NA
"2451",1998-05-07,NA,NA,NA,NA,NA
"2452",1998-05-08,NA,NA,NA,NA,NA
"2453",1998-05-09,NA,NA,NA,NA,NA
"2454",1998-05-11,NA,NA,NA,NA,NA
"2455",1998-05-12,NA,NA,NA,NA,NA
"2456",1998-05-13,NA,NA,NA,NA,NA
"2457",1998-05-14,NA,NA,NA,NA,NA
"2458",1998-05-15,NA,NA,NA,NA,NA
"2459",1998-05-16,NA,NA,NA,NA,NA
"2460",1998-05-18,NA,NA,NA,NA,NA
"2461",1998-05-19,NA,NA,NA,NA,NA
"2462",1998-05-20,NA,NA,NA,NA,NA
"2463",1998-05-21,NA,NA,NA,NA,NA
"2464",1998-05-22,NA,NA,NA,NA,NA
"2465",1998-05-23,NA,NA,NA,NA,NA
"2466",1998-05-25,NA,NA,NA,NA,NA
"2467",1998-05-26,NA,NA,NA,NA,NA
"2468",1998-05-27,NA,NA,NA,NA,NA
"2469",1998-05-28,NA,NA,NA,NA,NA
"2470",1998-05-29,NA,NA,NA,NA,NA
"2471",1998-05-30,NA,NA,NA,NA,NA
"2472",1998-06-01,NA,NA,NA,NA,NA
"2473",1998-06-02,NA,NA,NA,NA,NA
"2474",1998-06-03,NA,NA,NA,NA,NA
"2475",1998-06-05,NA,NA,NA,NA,NA
"2476",1998-06-08,NA,NA,NA,NA,NA
"2477",1998-06-09,NA,NA,NA,NA,NA
"2478",1998-06-10,NA,NA,NA,NA,NA
"2479",1998-06-11,NA,NA,NA,NA,NA
"2480",1998-06-12,NA,NA,NA,NA,NA
"2481",1998-06-13,NA,NA,NA,NA,NA
"2482",1998-06-15,NA,NA,NA,NA,NA
"2483",1998-06-16,NA,NA,NA,NA,NA
"2484",1998-06-17,NA,NA,NA,NA,NA
"2485",1998-06-18,NA,NA,NA,NA,NA
"2486",1998-06-19,NA,NA,NA,NA,NA
"2487",1998-06-20,NA,NA,NA,NA,NA
"2488",1998-06-22,NA,NA,NA,NA,NA
"2489",1998-06-23,NA,NA,NA,NA,NA
"2490",1998-06-24,NA,NA,NA,NA,NA
"2491",1998-06-25,NA,NA,NA,NA,NA
"2492",1998-06-26,NA,NA,NA,NA,NA
"2493",1998-06-27,NA,NA,NA,NA,NA
"2494",1998-06-29,NA,NA,NA,NA,NA
"2495",1998-06-30,NA,NA,NA,NA,NA
"2496",1998-07-01,NA,NA,NA,NA,NA
"2497",1998-07-02,NA,NA,NA,NA,NA
"2498",1998-07-03,NA,NA,NA,NA,NA
"2499",1998-07-04,NA,NA,NA,NA,NA
"2500",1998-07-06,NA,NA,NA,NA,NA
"2501",1998-07-07,NA,NA,NA,NA,NA
"2502",1998-07-08,NA,NA,NA,NA,NA
"2503",1998-07-09,NA,NA,NA,NA,NA
"2504",1998-07-10,NA,NA,NA,NA,NA
"2505",1998-07-11,NA,NA,NA,NA,NA
"2506",1998-07-13,NA,NA,NA,NA,NA
"2507",1998-07-14,NA,NA,NA,NA,NA
"2508",1998-07-15,NA,NA,NA,NA,NA
"2509",1998-07-16,NA,NA,NA,NA,NA
"2510",1998-07-18,NA,NA,NA,NA,NA
"2511",1998-07-20,NA,NA,NA,NA,NA
"2512",1998-07-21,NA,NA,NA,NA,NA
"2513",1998-07-22,NA,NA,NA,NA,NA
"2514",1998-07-23,NA,NA,NA,NA,NA
"2515",1998-07-24,NA,NA,NA,NA,NA
"2516",1998-07-25,NA,NA,NA,NA,NA
"2517",1998-07-27,NA,NA,NA,NA,NA
"2518",1998-07-28,NA,NA,NA,NA,NA
"2519",1998-07-29,NA,NA,NA,NA,NA
"2520",1998-07-30,NA,NA,NA,NA,NA
"2521",1998-07-31,NA,NA,NA,NA,NA
"2522",1998-08-01,NA,NA,NA,NA,NA
"2523",1998-08-03,NA,NA,NA,NA,NA
"2524",1998-08-04,NA,NA,NA,NA,NA
"2525",1998-08-05,NA,NA,NA,NA,NA
"2526",1998-08-06,NA,NA,NA,NA,NA
"2527",1998-08-07,NA,NA,NA,NA,NA
"2528",1998-08-08,NA,NA,NA,NA,NA
"2529",1998-08-10,NA,NA,NA,NA,NA
"2530",1998-08-11,NA,NA,NA,NA,NA
"2531",1998-08-12,NA,NA,NA,NA,NA
"2532",1998-08-13,NA,NA,NA,NA,NA
"2533",1998-08-14,NA,NA,NA,NA,NA
"2534",1998-08-17,NA,NA,NA,NA,NA
"2535",1998-08-18,NA,NA,NA,NA,NA
"2536",1998-08-19,NA,NA,NA,NA,NA
"2537",1998-08-20,NA,NA,NA,NA,NA
"2538",1998-08-21,NA,NA,NA,NA,NA
"2539",1998-08-22,NA,NA,NA,NA,NA
"2540",1998-08-24,NA,NA,NA,NA,NA
"2541",1998-08-25,NA,NA,NA,NA,NA
"2542",1998-08-26,NA,NA,NA,NA,NA
"2543",1998-08-27,NA,NA,NA,NA,NA
"2544",1998-08-28,NA,NA,NA,NA,NA
"2545",1998-08-29,NA,NA,NA,NA,NA
"2546",1998-08-31,NA,NA,NA,NA,NA
"2547",1998-09-01,NA,NA,NA,NA,NA
"2548",1998-09-02,NA,NA,NA,NA,NA
"2549",1998-09-03,NA,NA,NA,NA,NA
"2550",1998-09-04,NA,NA,NA,NA,NA
"2551",1998-09-05,NA,NA,NA,NA,NA
"2552",1998-09-07,NA,NA,NA,NA,NA
"2553",1998-09-08,NA,NA,NA,NA,NA
"2554",1998-09-09,NA,NA,NA,NA,NA
"2555",1998-09-10,NA,NA,NA,NA,NA
"2556",1998-09-11,NA,NA,NA,NA,NA
"2557",1998-09-12,NA,NA,NA,NA,NA
"2558",1998-09-14,NA,NA,NA,NA,NA
"2559",1998-09-15,NA,NA,NA,NA,NA
"2560",1998-09-16,NA,NA,NA,NA,NA
"2561",1998-09-17,NA,NA,NA,NA,NA
"2562",1998-09-18,NA,NA,NA,NA,NA
"2563",1998-09-19,NA,NA,NA,NA,NA
"2564",1998-09-21,NA,NA,NA,NA,NA
"2565",1998-09-22,NA,NA,NA,NA,NA
"2566",1998-09-23,NA,NA,NA,NA,NA
"2567",1998-09-24,NA,NA,NA,NA,NA
"2568",1998-09-25,NA,NA,NA,NA,NA
"2569",1998-09-26,NA,NA,NA,NA,NA
"2570",1998-09-28,NA,NA,NA,NA,NA
"2571",1998-09-29,NA,NA,NA,NA,NA
"2572",1998-09-30,NA,NA,NA,NA,NA
"2573",1998-10-01,NA,NA,NA,NA,NA
"2574",1998-10-02,NA,NA,NA,NA,NA
"2575",1998-10-07,NA,NA,NA,NA,NA
"2576",1998-10-08,NA,NA,NA,NA,NA
"2577",1998-10-09,NA,NA,NA,NA,NA
"2578",1998-10-10,NA,NA,NA,NA,NA
"2579",1998-10-12,NA,NA,NA,NA,NA
"2580",1998-10-13,NA,NA,NA,NA,NA
"2581",1998-10-14,NA,NA,NA,NA,NA
"2582",1998-10-15,NA,NA,NA,NA,NA
"2583",1998-10-16,NA,NA,NA,NA,NA
"2584",1998-10-17,NA,NA,NA,NA,NA
"2585",1998-10-19,NA,NA,NA,NA,NA
"2586",1998-10-20,NA,NA,NA,NA,NA
"2587",1998-10-21,NA,NA,NA,NA,NA
"2588",1998-10-22,NA,NA,NA,NA,NA
"2589",1998-10-23,NA,NA,NA,NA,NA
"2590",1998-10-24,NA,NA,NA,NA,NA
"2591",1998-10-26,NA,NA,NA,NA,NA
"2592",1998-10-27,NA,NA,NA,NA,NA
"2593",1998-10-28,NA,NA,NA,NA,NA
"2594",1998-10-29,NA,NA,NA,NA,NA
"2595",1998-10-30,NA,NA,NA,NA,NA
"2596",1998-10-31,NA,NA,NA,NA,NA
"2597",1998-11-02,NA,NA,NA,NA,NA
"2598",1998-11-03,NA,NA,NA,NA,NA
"2599",1998-11-04,NA,NA,NA,NA,NA
"2600",1998-11-05,NA,NA,NA,NA,NA
"2601",1998-11-06,NA,NA,NA,NA,NA
"2602",1998-11-07,NA,NA,NA,NA,NA
"2603",1998-11-09,NA,NA,NA,NA,NA
"2604",1998-11-10,NA,NA,NA,NA,NA
"2605",1998-11-11,NA,NA,NA,NA,NA
"2606",1998-11-12,NA,NA,NA,NA,NA
"2607",1998-11-13,NA,NA,NA,NA,NA
"2608",1998-11-14,NA,NA,NA,NA,NA
"2609",1998-11-16,NA,NA,NA,NA,NA
"2610",1998-11-17,NA,NA,NA,NA,NA
"2611",1998-11-18,NA,NA,NA,NA,NA
"2612",1998-11-19,NA,NA,NA,NA,NA
"2613",1998-11-20,NA,NA,NA,NA,NA
"2614",1998-11-21,NA,NA,NA,NA,NA
"2615",1998-11-23,NA,NA,NA,NA,NA
"2616",1998-11-24,NA,NA,NA,NA,NA
"2617",1998-11-25,NA,NA,NA,NA,NA
"2618",1998-11-26,NA,NA,NA,NA,NA
"2619",1998-11-27,NA,NA,NA,NA,NA
"2620",1998-11-28,NA,NA,NA,NA,NA
"2621",1998-11-30,NA,NA,NA,NA,NA
"2622",1998-12-01,NA,NA,NA,NA,NA
"2623",1998-12-02,NA,NA,NA,NA,NA
"2624",1998-12-03,NA,NA,NA,NA,NA
"2625",1998-12-04,NA,NA,NA,NA,NA
"2626",1998-12-05,NA,NA,NA,NA,NA
"2627",1998-12-07,NA,NA,NA,NA,NA
"2628",1998-12-08,NA,NA,NA,NA,NA
"2629",1998-12-09,NA,NA,NA,NA,NA
"2630",1998-12-10,NA,NA,NA,NA,NA
"2631",1998-12-11,NA,NA,NA,NA,NA
"2632",1998-12-14,NA,NA,NA,NA,NA
"2633",1998-12-15,NA,NA,NA,NA,NA
"2634",1998-12-16,NA,NA,NA,NA,NA
"2635",1998-12-17,NA,NA,NA,NA,NA
"2636",1998-12-18,NA,NA,NA,NA,NA
"2637",1998-12-21,NA,NA,NA,NA,NA
"2638",1998-12-22,NA,NA,NA,NA,NA
"2639",1998-12-23,NA,NA,NA,NA,NA
"2640",1998-12-24,NA,NA,NA,NA,NA
"2641",1998-12-28,NA,NA,NA,NA,NA
"2642",1999-01-04,NA,NA,NA,NA,NA
"2643",1999-01-05,NA,NA,NA,NA,NA
"2644",1999-01-06,NA,NA,NA,NA,NA
"2645",1999-01-07,NA,NA,NA,NA,NA
"2646",1999-01-08,NA,NA,NA,NA,NA
"2647",1999-01-11,NA,NA,NA,NA,NA
"2648",1999-01-12,NA,NA,NA,NA,NA
"2649",1999-01-13,NA,NA,NA,NA,NA
"2650",1999-01-14,NA,NA,NA,NA,NA
"2651",1999-01-15,NA,NA,NA,NA,NA
"2652",1999-01-18,NA,NA,NA,NA,NA
"2653",1999-01-19,NA,NA,NA,NA,NA
"2654",1999-01-20,NA,NA,NA,NA,NA
"2655",1999-01-21,NA,NA,NA,NA,NA
"2656",1999-01-22,NA,NA,NA,NA,NA
"2657",1999-01-25,NA,NA,NA,NA,NA
"2658",1999-01-26,NA,NA,NA,NA,NA
"2659",1999-01-27,NA,NA,NA,NA,NA
"2660",1999-01-28,NA,NA,NA,NA,NA
"2661",1999-01-29,NA,NA,NA,NA,NA
"2662",1999-02-01,NA,NA,NA,NA,NA
"2663",1999-02-02,NA,NA,NA,NA,NA
"2664",1999-02-03,NA,NA,NA,NA,NA
"2665",1999-02-04,NA,NA,NA,NA,NA
"2666",1999-02-05,NA,NA,NA,NA,NA
"2667",1999-02-08,NA,NA,NA,NA,NA
"2668",1999-02-09,NA,NA,NA,NA,NA
"2669",1999-02-10,NA,NA,NA,NA,NA
"2670",1999-02-11,NA,NA,NA,NA,NA
"2671",1999-02-12,NA,NA,NA,NA,NA
"2672",1999-02-18,NA,NA,NA,NA,NA
"2673",1999-02-19,NA,NA,NA,NA,NA
"2674",1999-02-22,NA,NA,NA,NA,NA
"2675",1999-02-23,NA,NA,NA,NA,NA
"2676",1999-02-24,NA,NA,NA,NA,NA
"2677",1999-02-25,NA,NA,NA,NA,NA
"2678",1999-02-26,NA,NA,NA,NA,NA
"2679",1999-03-02,NA,NA,NA,NA,NA
"2680",1999-03-03,NA,NA,NA,NA,NA
"2681",1999-03-04,NA,NA,NA,NA,NA
"2682",1999-03-05,NA,NA,NA,NA,NA
"2683",1999-03-08,NA,NA,NA,NA,NA
"2684",1999-03-09,NA,NA,NA,NA,NA
"2685",1999-03-10,NA,NA,NA,NA,NA
"2686",1999-03-11,NA,NA,NA,NA,NA
"2687",1999-03-12,NA,NA,NA,NA,NA
"2688",1999-03-15,NA,NA,NA,NA,NA
"2689",1999-03-16,NA,NA,NA,NA,NA
"2690",1999-03-17,NA,NA,NA,NA,NA
"2691",1999-03-18,NA,NA,NA,NA,NA
"2692",1999-03-19,NA,NA,NA,NA,NA
"2693",1999-03-22,NA,NA,NA,NA,NA
"2694",1999-03-23,NA,NA,NA,NA,NA
"2695",1999-03-24,NA,NA,NA,NA,NA
"2696",1999-03-25,NA,NA,NA,NA,NA
"2697",1999-03-26,NA,NA,NA,NA,NA
"2698",1999-03-29,NA,NA,NA,NA,NA
"2699",1999-03-30,NA,NA,NA,NA,NA
"2700",1999-03-31,NA,NA,NA,NA,NA
"2701",1999-04-01,NA,NA,NA,NA,NA
"2702",1999-04-02,NA,NA,NA,NA,NA
"2703",1999-04-06,NA,NA,NA,NA,NA
"2704",1999-04-07,NA,NA,NA,NA,NA
"2705",1999-04-08,NA,NA,NA,NA,NA
"2706",1999-04-09,NA,NA,NA,NA,NA
"2707",1999-04-12,NA,NA,NA,NA,NA
"2708",1999-04-13,NA,NA,NA,NA,NA
"2709",1999-04-14,NA,NA,NA,NA,NA
"2710",1999-04-15,NA,NA,NA,NA,NA
"2711",1999-04-16,NA,NA,NA,NA,NA
"2712",1999-04-19,NA,NA,NA,NA,NA
"2713",1999-04-20,NA,NA,NA,NA,NA
"2714",1999-04-21,NA,NA,NA,NA,NA
"2715",1999-04-22,NA,NA,NA,NA,NA
"2716",1999-04-23,NA,NA,NA,NA,NA
"2717",1999-04-26,NA,NA,NA,NA,NA
"2718",1999-04-27,NA,NA,NA,NA,NA
"2719",1999-04-28,NA,NA,NA,NA,NA
"2720",1999-04-29,NA,NA,NA,NA,NA
"2721",1999-04-30,NA,NA,NA,NA,NA
"2722",1999-05-03,NA,NA,NA,NA,NA
"2723",1999-05-04,NA,NA,NA,NA,NA
"2724",1999-05-06,NA,NA,NA,NA,NA
"2725",1999-05-07,NA,NA,NA,NA,NA
"2726",1999-05-10,NA,NA,NA,NA,NA
"2727",1999-05-11,NA,NA,NA,NA,NA
"2728",1999-05-12,NA,NA,NA,NA,NA
"2729",1999-05-13,NA,NA,NA,NA,NA
"2730",1999-05-14,NA,NA,NA,NA,NA
"2731",1999-05-17,NA,NA,NA,NA,NA
"2732",1999-05-18,NA,NA,NA,NA,NA
"2733",1999-05-19,NA,NA,NA,NA,NA
"2734",1999-05-20,NA,NA,NA,NA,NA
"2735",1999-05-21,NA,NA,NA,NA,NA
"2736",1999-05-24,NA,NA,NA,NA,NA
"2737",1999-05-25,NA,NA,NA,NA,NA
"2738",1999-05-26,NA,NA,NA,NA,NA
"2739",1999-05-27,NA,NA,NA,NA,NA
"2740",1999-05-28,NA,NA,NA,NA,NA
"2741",1999-05-31,NA,NA,NA,NA,NA
"2742",1999-06-01,NA,NA,NA,NA,NA
"2743",1999-06-02,NA,NA,NA,NA,NA
"2744",1999-06-03,NA,NA,NA,NA,NA
"2745",1999-06-04,NA,NA,NA,NA,NA
"2746",1999-06-07,NA,NA,NA,NA,NA
"2747",1999-06-08,NA,NA,NA,NA,NA
"2748",1999-06-09,NA,NA,NA,NA,NA
"2749",1999-06-10,NA,NA,NA,NA,NA
"2750",1999-06-11,NA,NA,NA,NA,NA
"2751",1999-06-14,NA,NA,NA,NA,NA
"2752",1999-06-15,NA,NA,NA,NA,NA
"2753",1999-06-16,NA,NA,NA,NA,NA
"2754",1999-06-17,NA,NA,NA,NA,NA
"2755",1999-06-18,NA,NA,NA,NA,NA
"2756",1999-06-21,NA,NA,NA,NA,NA
"2757",1999-06-22,NA,NA,NA,NA,NA
"2758",1999-06-23,NA,NA,NA,NA,NA
"2759",1999-06-24,NA,NA,NA,NA,NA
"2760",1999-06-25,NA,NA,NA,NA,NA
"2761",1999-06-28,NA,NA,NA,NA,NA
"2762",1999-06-29,NA,NA,NA,NA,NA
"2763",1999-06-30,NA,NA,NA,NA,NA
"2764",1999-07-01,NA,NA,NA,NA,NA
"2765",1999-07-02,NA,NA,NA,NA,NA
"2766",1999-07-05,NA,NA,NA,NA,NA
"2767",1999-07-06,NA,NA,NA,NA,NA
"2768",1999-07-07,NA,NA,NA,NA,NA
"2769",1999-07-08,NA,NA,NA,NA,NA
"2770",1999-07-09,NA,NA,NA,NA,NA
"2771",1999-07-12,NA,NA,NA,NA,NA
"2772",1999-07-13,NA,NA,NA,NA,NA
"2773",1999-07-14,NA,NA,NA,NA,NA
"2774",1999-07-15,NA,NA,NA,NA,NA
"2775",1999-07-16,NA,NA,NA,NA,NA
"2776",1999-07-19,NA,NA,NA,NA,NA
"2777",1999-07-20,NA,NA,NA,NA,NA
"2778",1999-07-21,NA,NA,NA,NA,NA
"2779",1999-07-22,NA,NA,NA,NA,NA
"2780",1999-07-23,NA,NA,NA,NA,NA
"2781",1999-07-26,NA,NA,NA,NA,NA
"2782",1999-07-27,NA,NA,NA,NA,NA
"2783",1999-07-28,NA,NA,NA,NA,NA
"2784",1999-07-29,NA,NA,NA,NA,NA
"2785",1999-07-30,NA,NA,NA,NA,NA
"2786",1999-08-02,NA,NA,NA,NA,NA
"2787",1999-08-03,NA,NA,NA,NA,NA
"2788",1999-08-04,NA,NA,NA,NA,NA
"2789",1999-08-05,NA,NA,NA,NA,NA
"2790",1999-08-06,NA,NA,NA,NA,NA
"2791",1999-08-09,NA,NA,NA,NA,NA
"2792",1999-08-10,NA,NA,NA,NA,NA
"2793",1999-08-11,NA,NA,NA,NA,NA
"2794",1999-08-12,NA,NA,NA,NA,NA
"2795",1999-08-13,NA,NA,NA,NA,NA
"2796",1999-08-16,NA,NA,NA,NA,NA
"2797",1999-08-17,NA,NA,NA,NA,NA
"2798",1999-08-18,NA,NA,NA,NA,NA
"2799",1999-08-19,NA,NA,NA,NA,NA
"2800",1999-08-20,NA,NA,NA,NA,NA
"2801",1999-08-23,NA,NA,NA,NA,NA
"2802",1999-08-24,NA,NA,NA,NA,NA
"2803",1999-08-25,NA,NA,NA,NA,NA
"2804",1999-08-26,NA,NA,NA,NA,NA
"2805",1999-08-27,NA,NA,NA,NA,NA
"2806",1999-08-30,NA,NA,NA,NA,NA
"2807",1999-08-31,NA,NA,NA,NA,NA
"2808",1999-09-01,NA,NA,NA,NA,NA
"2809",1999-09-02,NA,NA,NA,NA,NA
"2810",1999-09-03,NA,NA,NA,NA,NA
"2811",1999-09-06,NA,NA,NA,NA,NA
"2812",1999-09-07,NA,NA,NA,NA,NA
"2813",1999-09-08,NA,NA,NA,NA,NA
"2814",1999-09-09,NA,NA,NA,NA,NA
"2815",1999-09-10,NA,NA,NA,NA,NA
"2816",1999-09-13,NA,NA,NA,NA,NA
"2817",1999-09-14,NA,NA,NA,NA,NA
"2818",1999-09-15,NA,NA,NA,NA,NA
"2819",1999-09-16,NA,NA,NA,NA,NA
"2820",1999-09-17,NA,NA,NA,NA,NA
"2821",1999-09-20,NA,NA,NA,NA,NA
"2822",1999-09-21,NA,NA,NA,NA,NA
"2823",1999-09-22,NA,NA,NA,NA,NA
"2824",1999-09-27,NA,NA,NA,NA,NA
"2825",1999-09-28,NA,NA,NA,NA,NA
"2826",1999-09-29,NA,NA,NA,NA,NA
"2827",1999-09-30,NA,NA,NA,NA,NA
"2828",1999-10-01,NA,NA,NA,NA,NA
"2829",1999-10-04,NA,NA,NA,NA,NA
"2830",1999-10-05,NA,NA,NA,NA,NA
"2831",1999-10-06,NA,NA,NA,NA,NA
"2832",1999-10-07,NA,NA,NA,NA,NA
"2833",1999-10-08,NA,NA,NA,NA,NA
"2834",1999-10-11,NA,NA,NA,NA,NA
"2835",1999-10-12,NA,NA,NA,NA,NA
"2836",1999-10-13,NA,NA,NA,NA,NA
"2837",1999-10-14,NA,NA,NA,NA,NA
"2838",1999-10-15,NA,NA,NA,NA,NA
"2839",1999-10-18,NA,NA,NA,NA,NA
"2840",1999-10-19,NA,NA,NA,NA,NA
"2841",1999-10-20,NA,NA,NA,NA,NA
"2842",1999-10-21,NA,NA,NA,NA,NA
"2843",1999-10-22,NA,NA,NA,NA,NA
"2844",1999-10-25,NA,NA,NA,NA,NA
"2845",1999-10-26,NA,NA,NA,NA,NA
"2846",1999-10-27,NA,NA,NA,NA,NA
"2847",1999-10-28,NA,NA,NA,NA,NA
"2848",1999-10-29,NA,NA,NA,NA,NA
"2849",1999-11-01,NA,NA,NA,NA,NA
"2850",1999-11-02,NA,NA,NA,NA,NA
"2851",1999-11-03,NA,NA,NA,NA,NA
"2852",1999-11-04,NA,NA,NA,NA,NA
"2853",1999-11-05,NA,NA,NA,NA,NA
"2854",1999-11-08,NA,NA,NA,NA,NA
"2855",1999-11-09,NA,NA,NA,NA,NA
"2856",1999-11-10,NA,NA,NA,NA,NA
"2857",1999-11-11,NA,NA,NA,NA,NA
"2858",1999-11-12,NA,NA,NA,NA,NA
"2859",1999-11-15,NA,NA,NA,NA,NA
"2860",1999-11-16,NA,NA,NA,NA,NA
"2861",1999-11-17,NA,NA,NA,NA,NA
"2862",1999-11-18,NA,NA,NA,NA,NA
"2863",1999-11-19,NA,NA,NA,NA,NA
"2864",1999-11-22,NA,NA,NA,NA,NA
"2865",1999-11-23,NA,NA,NA,NA,NA
"2866",1999-11-24,NA,NA,NA,NA,NA
"2867",1999-11-25,NA,NA,NA,NA,NA
"2868",1999-11-26,NA,NA,NA,NA,NA
"2869",1999-11-29,NA,NA,NA,NA,NA
"2870",1999-11-30,NA,NA,NA,NA,NA
"2871",1999-12-01,NA,NA,NA,NA,NA
"2872",1999-12-02,NA,NA,NA,NA,NA
"2873",1999-12-03,NA,NA,NA,NA,NA
"2874",1999-12-06,NA,NA,NA,NA,NA
"2875",1999-12-07,NA,NA,NA,NA,NA
"2876",1999-12-08,NA,NA,NA,NA,NA
"2877",1999-12-09,NA,NA,NA,NA,NA
"2878",1999-12-10,NA,NA,NA,NA,NA
"2879",1999-12-13,NA,NA,NA,NA,NA
"2880",1999-12-14,NA,NA,NA,NA,NA
"2881",1999-12-15,NA,NA,NA,NA,NA
"2882",1999-12-16,NA,NA,NA,NA,NA
"2883",1999-12-17,NA,NA,NA,NA,NA
"2884",1999-12-20,NA,NA,NA,NA,NA
"2885",1999-12-21,NA,NA,NA,NA,NA
"2886",1999-12-22,NA,NA,NA,NA,NA
"2887",1999-12-23,NA,NA,NA,NA,NA
"2888",1999-12-24,NA,NA,NA,NA,NA
"2889",1999-12-27,NA,NA,NA,NA,NA
"2890",1999-12-28,NA,NA,NA,NA,NA
"2891",2000-01-04,NA,NA,NA,NA,NA
"2892",2000-01-05,NA,NA,NA,NA,NA
"2893",2000-01-06,NA,NA,NA,NA,NA
"2894",2000-01-07,NA,NA,NA,NA,NA
"2895",2000-01-10,NA,NA,NA,NA,NA
"2896",2000-01-11,NA,NA,NA,NA,NA
"2897",2000-01-12,NA,NA,NA,NA,NA
"2898",2000-01-13,NA,NA,NA,NA,NA
"2899",2000-01-14,NA,NA,NA,NA,NA
"2900",2000-01-17,NA,NA,NA,NA,NA
"2901",2000-01-18,NA,NA,NA,NA,NA
"2902",2000-01-19,NA,NA,NA,NA,NA
"2903",2000-01-20,NA,NA,NA,NA,NA
"2904",2000-01-21,NA,NA,NA,NA,NA
"2905",2000-01-24,NA,NA,NA,NA,NA
"2906",2000-01-25,NA,NA,NA,NA,NA
"2907",2000-01-26,NA,NA,NA,NA,NA
"2908",2000-01-27,NA,NA,NA,NA,NA
"2909",2000-01-28,NA,NA,NA,NA,NA
"2910",2000-01-31,NA,NA,NA,NA,NA
"2911",2000-02-01,NA,NA,NA,NA,NA
"2912",2000-02-02,NA,NA,NA,NA,NA
"2913",2000-02-03,NA,NA,NA,NA,NA
"2914",2000-02-07,NA,NA,NA,NA,NA
"2915",2000-02-08,NA,NA,NA,NA,NA
"2916",2000-02-09,NA,NA,NA,NA,NA
"2917",2000-02-10,NA,NA,NA,NA,NA
"2918",2000-02-11,NA,NA,NA,NA,NA
"2919",2000-02-14,NA,NA,NA,NA,NA
"2920",2000-02-15,NA,NA,NA,NA,NA
"2921",2000-02-16,NA,NA,NA,NA,NA
"2922",2000-02-17,NA,NA,NA,NA,NA
"2923",2000-02-18,NA,NA,NA,NA,NA
"2924",2000-02-21,NA,NA,NA,NA,NA
"2925",2000-02-22,NA,NA,NA,NA,NA
"2926",2000-02-23,NA,NA,NA,NA,NA
"2927",2000-02-24,NA,NA,NA,NA,NA
"2928",2000-02-25,NA,NA,NA,NA,NA
"2929",2000-02-28,NA,NA,NA,NA,NA
"2930",2000-02-29,NA,NA,NA,NA,NA
"2931",2000-03-02,NA,NA,NA,NA,NA
"2932",2000-03-03,NA,NA,NA,NA,NA
"2933",2000-03-06,NA,NA,NA,NA,NA
"2934",2000-03-07,NA,NA,NA,NA,NA
"2935",2000-03-08,NA,NA,NA,NA,NA
"2936",2000-03-09,NA,NA,NA,NA,NA
"2937",2000-03-10,NA,NA,NA,NA,NA
"2938",2000-03-13,NA,NA,NA,NA,NA
"2939",2000-03-14,NA,NA,NA,NA,NA
"2940",2000-03-15,NA,NA,NA,NA,NA
"2941",2000-03-16,NA,NA,NA,NA,NA
"2942",2000-03-17,NA,NA,NA,NA,NA
"2943",2000-03-20,NA,NA,NA,NA,NA
"2944",2000-03-21,NA,NA,NA,NA,NA
"2945",2000-03-22,NA,NA,NA,NA,NA
"2946",2000-03-23,NA,NA,NA,NA,NA
"2947",2000-03-24,NA,NA,NA,NA,NA
"2948",2000-03-27,NA,NA,NA,NA,NA
"2949",2000-03-28,NA,NA,NA,NA,NA
"2950",2000-03-29,NA,NA,NA,NA,NA
"2951",2000-03-30,NA,NA,NA,NA,NA
"2952",2000-03-31,NA,NA,NA,NA,NA
"2953",2000-04-03,NA,NA,NA,NA,NA
"2954",2000-04-04,NA,NA,NA,NA,NA
"2955",2000-04-06,NA,NA,NA,NA,NA
"2956",2000-04-07,NA,NA,NA,NA,NA
"2957",2000-04-10,NA,NA,NA,NA,NA
"2958",2000-04-11,NA,NA,NA,NA,NA
"2959",2000-04-12,NA,NA,NA,NA,NA
"2960",2000-04-14,NA,NA,NA,NA,NA
"2961",2000-04-17,NA,NA,NA,NA,NA
"2962",2000-04-18,NA,NA,NA,NA,NA
"2963",2000-04-19,NA,NA,NA,NA,NA
"2964",2000-04-20,NA,NA,NA,NA,NA
"2965",2000-04-21,NA,NA,NA,NA,NA
"2966",2000-04-24,NA,NA,NA,NA,NA
"2967",2000-04-25,NA,NA,NA,NA,NA
"2968",2000-04-26,NA,NA,NA,NA,NA
"2969",2000-04-27,NA,NA,NA,NA,NA
"2970",2000-04-28,NA,NA,NA,NA,NA
"2971",2000-05-02,NA,NA,NA,NA,NA
"2972",2000-05-03,NA,NA,NA,NA,NA
"2973",2000-05-04,NA,NA,NA,NA,NA
"2974",2000-05-08,NA,NA,NA,NA,NA
"2975",2000-05-09,NA,NA,NA,NA,NA
"2976",2000-05-10,NA,NA,NA,NA,NA
"2977",2000-05-12,NA,NA,NA,NA,NA
"2978",2000-05-15,NA,NA,NA,NA,NA
"2979",2000-05-16,NA,NA,NA,NA,NA
"2980",2000-05-17,NA,NA,NA,NA,NA
"2981",2000-05-18,NA,NA,NA,NA,NA
"2982",2000-05-19,NA,NA,NA,NA,NA
"2983",2000-05-22,NA,NA,NA,NA,NA
"2984",2000-05-23,NA,NA,NA,NA,NA
"2985",2000-05-24,NA,NA,NA,NA,NA
"2986",2000-05-25,NA,NA,NA,NA,NA
"2987",2000-05-26,NA,NA,NA,NA,NA
"2988",2000-05-29,NA,NA,NA,NA,NA
"2989",2000-05-30,NA,NA,NA,NA,NA
"2990",2000-05-31,NA,NA,NA,NA,NA
"2991",2000-06-01,NA,NA,NA,NA,NA
"2992",2000-06-02,NA,NA,NA,NA,NA
"2993",2000-06-05,NA,NA,NA,NA,NA
"2994",2000-06-07,NA,NA,NA,NA,NA
"2995",2000-06-08,NA,NA,NA,NA,NA
"2996",2000-06-09,NA,NA,NA,NA,NA
"2997",2000-06-12,NA,NA,NA,NA,NA
"2998",2000-06-13,NA,NA,NA,NA,NA
"2999",2000-06-14,NA,NA,NA,NA,NA
"3000",2000-06-15,NA,NA,NA,NA,NA
"3001",2000-06-16,NA,NA,NA,NA,NA
"3002",2000-06-19,NA,NA,NA,NA,NA
"3003",2000-06-20,NA,NA,NA,NA,NA
"3004",2000-06-21,NA,NA,NA,NA,NA
"3005",2000-06-22,NA,NA,NA,NA,NA
"3006",2000-06-23,NA,NA,NA,NA,NA
"3007",2000-06-26,NA,NA,NA,NA,NA
"3008",2000-06-27,NA,NA,NA,NA,NA
"3009",2000-06-28,NA,NA,NA,NA,NA
"3010",2000-06-29,NA,NA,NA,NA,NA
"3011",2000-06-30,NA,NA,NA,NA,NA
"3012",2000-07-03,NA,NA,NA,NA,NA
"3013",2000-07-04,NA,NA,NA,NA,NA
"3014",2000-07-05,NA,NA,NA,NA,NA
"3015",2000-07-06,NA,NA,NA,NA,NA
"3016",2000-07-07,NA,NA,NA,NA,NA
"3017",2000-07-10,NA,NA,NA,NA,NA
"3018",2000-07-11,NA,NA,NA,NA,NA
"3019",2000-07-12,NA,NA,NA,NA,NA
"3020",2000-07-13,NA,NA,NA,NA,NA
"3021",2000-07-14,NA,NA,NA,NA,NA
"3022",2000-07-18,NA,NA,NA,NA,NA
"3023",2000-07-19,NA,NA,NA,NA,NA
"3024",2000-07-20,NA,NA,NA,NA,NA
"3025",2000-07-21,NA,NA,NA,NA,NA
"3026",2000-07-24,NA,NA,NA,NA,NA
"3027",2000-07-25,NA,NA,NA,NA,NA
"3028",2000-07-26,NA,NA,NA,NA,NA
"3029",2000-07-27,NA,NA,NA,NA,NA
"3030",2000-07-28,NA,NA,NA,NA,NA
"3031",2000-07-31,NA,NA,NA,NA,NA
"3032",2000-08-01,NA,NA,NA,NA,NA
"3033",2000-08-02,NA,NA,NA,NA,NA
"3034",2000-08-03,NA,NA,NA,NA,NA
"3035",2000-08-04,NA,NA,NA,NA,NA
"3036",2000-08-07,NA,NA,NA,NA,NA
"3037",2000-08-08,NA,NA,NA,NA,NA
"3038",2000-08-09,NA,NA,NA,NA,NA
"3039",2000-08-10,NA,NA,NA,NA,NA
"3040",2000-08-11,NA,NA,NA,NA,NA
"3041",2000-08-14,NA,NA,NA,NA,NA
"3042",2000-08-16,NA,NA,NA,NA,NA
"3043",2000-08-17,NA,NA,NA,NA,NA
"3044",2000-08-18,NA,NA,NA,NA,NA
"3045",2000-08-21,NA,NA,NA,NA,NA
"3046",2000-08-22,NA,NA,NA,NA,NA
"3047",2000-08-23,NA,NA,NA,NA,NA
"3048",2000-08-24,NA,NA,NA,NA,NA
"3049",2000-08-25,NA,NA,NA,NA,NA
"3050",2000-08-28,NA,NA,NA,NA,NA
"3051",2000-08-29,NA,NA,NA,NA,NA
"3052",2000-08-30,NA,NA,NA,NA,NA
"3053",2000-08-31,NA,NA,NA,NA,NA
"3054",2000-09-01,NA,NA,NA,NA,NA
"3055",2000-09-04,NA,NA,NA,NA,NA
"3056",2000-09-05,NA,NA,NA,NA,NA
"3057",2000-09-06,NA,NA,NA,NA,NA
"3058",2000-09-07,NA,NA,NA,NA,NA
"3059",2000-09-08,NA,NA,NA,NA,NA
"3060",2000-09-14,NA,NA,NA,NA,NA
"3061",2000-09-15,NA,NA,NA,NA,NA
"3062",2000-09-18,NA,NA,NA,NA,NA
"3063",2000-09-19,NA,NA,NA,NA,NA
"3064",2000-09-20,NA,NA,NA,NA,NA
"3065",2000-09-21,NA,NA,NA,NA,NA
"3066",2000-09-22,NA,NA,NA,NA,NA
"3067",2000-09-25,NA,NA,NA,NA,NA
"3068",2000-09-26,NA,NA,NA,NA,NA
"3069",2000-09-27,NA,NA,NA,NA,NA
"3070",2000-09-28,NA,NA,NA,NA,NA
"3071",2000-09-29,NA,NA,NA,NA,NA
"3072",2000-10-02,NA,NA,NA,NA,NA
"3073",2000-10-04,NA,NA,NA,NA,NA
"3074",2000-10-05,NA,NA,NA,NA,NA
"3075",2000-10-06,NA,NA,NA,NA,NA
"3076",2000-10-09,NA,NA,NA,NA,NA
"3077",2000-10-10,NA,NA,NA,NA,NA
"3078",2000-10-11,NA,NA,NA,NA,NA
"3079",2000-10-12,NA,NA,NA,NA,NA
"3080",2000-10-13,NA,NA,NA,NA,NA
"3081",2000-10-16,NA,NA,NA,NA,NA
"3082",2000-10-17,NA,NA,NA,NA,NA
"3083",2000-10-18,NA,NA,NA,NA,NA
"3084",2000-10-19,NA,NA,NA,NA,NA
"3085",2000-10-20,NA,NA,NA,NA,NA
"3086",2000-10-23,NA,NA,NA,NA,NA
"3087",2000-10-24,NA,NA,NA,NA,NA
"3088",2000-10-25,NA,NA,NA,NA,NA
"3089",2000-10-26,NA,NA,NA,NA,NA
"3090",2000-10-27,NA,NA,NA,NA,NA
"3091",2000-10-30,NA,NA,NA,NA,NA
"3092",2000-10-31,NA,NA,NA,NA,NA
"3093",2000-11-01,NA,NA,NA,NA,NA
"3094",2000-11-02,NA,NA,NA,NA,NA
"3095",2000-11-03,NA,NA,NA,NA,NA
"3096",2000-11-06,NA,NA,NA,NA,NA
"3097",2000-11-07,NA,NA,NA,NA,NA
"3098",2000-11-08,NA,NA,NA,NA,NA
"3099",2000-11-09,NA,NA,NA,NA,NA
"3100",2000-11-10,NA,NA,NA,NA,NA
"3101",2000-11-13,NA,NA,NA,NA,NA
"3102",2000-11-14,NA,NA,NA,NA,NA
"3103",2000-11-15,NA,NA,NA,NA,NA
"3104",2000-11-16,NA,NA,NA,NA,NA
"3105",2000-11-17,NA,NA,NA,NA,NA
"3106",2000-11-20,NA,NA,NA,NA,NA
"3107",2000-11-21,NA,NA,NA,NA,NA
"3108",2000-11-22,NA,NA,NA,NA,NA
"3109",2000-11-23,NA,NA,NA,NA,NA
"3110",2000-11-24,NA,NA,NA,NA,NA
"3111",2000-11-27,NA,NA,NA,NA,NA
"3112",2000-11-28,NA,NA,NA,NA,NA
"3113",2000-11-29,NA,NA,NA,NA,NA
"3114",2000-11-30,NA,NA,NA,NA,NA
"3115",2000-12-01,NA,NA,NA,NA,NA
"3116",2000-12-04,NA,NA,NA,NA,NA
"3117",2000-12-05,NA,NA,NA,NA,NA
"3118",2000-12-06,NA,NA,NA,NA,NA
"3119",2000-12-07,NA,NA,NA,NA,NA
"3120",2000-12-08,NA,NA,NA,NA,NA
"3121",2000-12-11,NA,NA,NA,NA,NA
"3122",2000-12-12,NA,NA,NA,NA,NA
"3123",2000-12-13,NA,NA,NA,NA,NA
"3124",2000-12-14,NA,NA,NA,NA,NA
"3125",2000-12-15,NA,NA,NA,NA,NA
"3126",2000-12-18,NA,NA,NA,NA,NA
"3127",2000-12-19,NA,NA,NA,NA,NA
"3128",2000-12-20,NA,NA,NA,NA,NA
"3129",2000-12-21,NA,NA,NA,NA,NA
"3130",2000-12-22,NA,NA,NA,NA,NA
"3131",2000-12-26,NA,NA,NA,NA,NA
"3132",2001-01-02,NA,NA,NA,NA,NA
"3133",2001-01-03,NA,NA,NA,NA,NA
"3134",2001-01-04,NA,NA,NA,NA,NA
"3135",2001-01-05,NA,NA,NA,NA,NA
"3136",2001-01-08,NA,NA,NA,NA,NA
"3137",2001-01-09,NA,NA,NA,NA,NA
"3138",2001-01-10,NA,NA,NA,NA,NA
"3139",2001-01-11,NA,NA,NA,NA,NA
"3140",2001-01-12,NA,NA,NA,NA,NA
"3141",2001-01-15,NA,NA,NA,NA,NA
"3142",2001-01-16,NA,NA,NA,NA,NA
"3143",2001-01-17,NA,NA,NA,NA,NA
"3144",2001-01-18,NA,NA,NA,NA,NA
"3145",2001-01-19,NA,NA,NA,NA,NA
"3146",2001-01-22,NA,NA,NA,NA,NA
"3147",2001-01-26,NA,NA,NA,NA,NA
"3148",2001-01-29,NA,NA,NA,NA,NA
"3149",2001-01-30,NA,NA,NA,NA,NA
"3150",2001-01-31,NA,NA,NA,NA,NA
"3151",2001-02-01,NA,NA,NA,NA,NA
"3152",2001-02-02,NA,NA,NA,NA,NA
"3153",2001-02-05,NA,NA,NA,NA,NA
"3154",2001-02-06,NA,NA,NA,NA,NA
"3155",2001-02-07,NA,NA,NA,NA,NA
"3156",2001-02-08,NA,NA,NA,NA,NA
"3157",2001-02-09,NA,NA,NA,NA,NA
"3158",2001-02-12,NA,NA,NA,NA,NA
"3159",2001-02-13,NA,NA,NA,NA,NA
"3160",2001-02-14,NA,NA,NA,NA,NA
"3161",2001-02-15,NA,NA,NA,NA,NA
"3162",2001-02-16,NA,NA,NA,NA,NA
"3163",2001-02-19,NA,NA,NA,NA,NA
"3164",2001-02-20,NA,NA,NA,NA,NA
"3165",2001-02-21,NA,NA,NA,NA,NA
"3166",2001-02-22,NA,NA,NA,NA,NA
"3167",2001-02-23,NA,NA,NA,NA,NA
"3168",2001-02-26,NA,NA,NA,NA,NA
"3169",2001-02-27,NA,NA,NA,NA,NA
"3170",2001-02-28,NA,NA,NA,NA,NA
"3171",2001-03-02,NA,NA,NA,NA,NA
"3172",2001-03-05,NA,NA,NA,NA,NA
"3173",2001-03-06,NA,NA,NA,NA,NA
"3174",2001-03-07,NA,NA,NA,NA,NA
"3175",2001-03-08,NA,NA,NA,NA,NA
"3176",2001-03-09,NA,NA,NA,NA,NA
"3177",2001-03-12,NA,NA,NA,NA,NA
"3178",2001-03-13,NA,NA,NA,NA,NA
"3179",2001-03-14,NA,NA,NA,NA,NA
"3180",2001-03-15,NA,NA,NA,NA,NA
"3181",2001-03-16,NA,NA,NA,NA,NA
"3182",2001-03-19,NA,NA,NA,NA,NA
"3183",2001-03-20,NA,NA,NA,NA,NA
"3184",2001-03-21,NA,NA,NA,NA,NA
"3185",2001-03-22,NA,NA,NA,NA,NA
"3186",2001-03-23,NA,NA,NA,NA,NA
"3187",2001-03-26,NA,NA,NA,NA,NA
"3188",2001-03-27,NA,NA,NA,NA,NA
"3189",2001-03-28,NA,NA,NA,NA,NA
"3190",2001-03-29,NA,NA,NA,NA,NA
"3191",2001-03-30,NA,NA,NA,NA,NA
"3192",2001-04-02,NA,NA,NA,NA,NA
"3193",2001-04-03,NA,NA,NA,NA,NA
"3194",2001-04-04,NA,NA,NA,NA,NA
"3195",2001-04-06,NA,NA,NA,NA,NA
"3196",2001-04-09,NA,NA,NA,NA,NA
"3197",2001-04-10,NA,NA,NA,NA,NA
"3198",2001-04-11,NA,NA,NA,NA,NA
"3199",2001-04-12,NA,NA,NA,NA,NA
"3200",2001-04-13,NA,NA,NA,NA,NA
"3201",2001-04-16,NA,NA,NA,NA,NA
"3202",2001-04-17,NA,NA,NA,NA,NA
"3203",2001-04-18,NA,NA,NA,NA,NA
"3204",2001-04-19,NA,NA,NA,NA,NA
"3205",2001-04-20,NA,NA,NA,NA,NA
"3206",2001-04-23,NA,NA,NA,NA,NA
"3207",2001-04-24,NA,NA,NA,NA,NA
"3208",2001-04-25,NA,NA,NA,NA,NA
"3209",2001-04-26,NA,NA,NA,NA,NA
"3210",2001-04-27,NA,NA,NA,NA,NA
"3211",2001-04-30,NA,NA,NA,NA,NA
"3212",2001-05-02,NA,NA,NA,NA,NA
"3213",2001-05-03,NA,NA,NA,NA,NA
"3214",2001-05-04,NA,NA,NA,NA,NA
"3215",2001-05-07,NA,NA,NA,NA,NA
"3216",2001-05-08,NA,NA,NA,NA,NA
"3217",2001-05-09,NA,NA,NA,NA,NA
"3218",2001-05-10,NA,NA,NA,NA,NA
"3219",2001-05-11,NA,NA,NA,NA,NA
"3220",2001-05-14,NA,NA,NA,NA,NA
"3221",2001-05-15,NA,NA,NA,NA,NA
"3222",2001-05-16,NA,NA,NA,NA,NA
"3223",2001-05-17,NA,NA,NA,NA,NA
"3224",2001-05-18,NA,NA,NA,NA,NA
"3225",2001-05-21,NA,NA,NA,NA,NA
"3226",2001-05-22,NA,NA,NA,NA,NA
"3227",2001-05-23,NA,NA,NA,NA,NA
"3228",2001-05-24,NA,NA,NA,NA,NA
"3229",2001-05-25,NA,NA,NA,NA,NA
"3230",2001-05-28,NA,NA,NA,NA,NA
"3231",2001-05-29,NA,NA,NA,NA,NA
"3232",2001-05-30,NA,NA,NA,NA,NA
"3233",2001-05-31,NA,NA,NA,NA,NA
"3234",2001-06-01,NA,NA,NA,NA,NA
"3235",2001-06-04,NA,NA,NA,NA,NA
"3236",2001-06-05,NA,NA,NA,NA,NA
"3237",2001-06-07,NA,NA,NA,NA,NA
"3238",2001-06-08,NA,NA,NA,NA,NA
"3239",2001-06-11,NA,NA,NA,NA,NA
"3240",2001-06-12,NA,NA,NA,NA,NA
"3241",2001-06-13,NA,NA,NA,NA,NA
"3242",2001-06-14,NA,NA,NA,NA,NA
"3243",2001-06-15,NA,NA,NA,NA,NA
"3244",2001-06-18,NA,NA,NA,NA,NA
"3245",2001-06-19,NA,NA,NA,NA,NA
"3246",2001-06-20,NA,NA,NA,NA,NA
"3247",2001-06-21,NA,NA,NA,NA,NA
"3248",2001-06-22,NA,NA,NA,NA,NA
"3249",2001-06-25,NA,NA,NA,NA,NA
"3250",2001-06-26,NA,NA,NA,NA,NA
"3251",2001-06-27,NA,NA,NA,NA,NA
"3252",2001-06-28,NA,NA,NA,NA,NA
"3253",2001-06-29,NA,NA,NA,NA,NA
"3254",2001-07-02,NA,NA,NA,NA,NA
"3255",2001-07-03,NA,NA,NA,NA,NA
"3256",2001-07-04,NA,NA,NA,NA,NA
"3257",2001-07-05,NA,NA,NA,NA,NA
"3258",2001-07-06,NA,NA,NA,NA,NA
"3259",2001-07-09,NA,NA,NA,NA,NA
"3260",2001-07-10,NA,NA,NA,NA,NA
"3261",2001-07-11,NA,NA,NA,NA,NA
"3262",2001-07-12,NA,NA,NA,NA,NA
"3263",2001-07-13,NA,NA,NA,NA,NA
"3264",2001-07-16,NA,NA,NA,NA,NA
"3265",2001-07-18,NA,NA,NA,NA,NA
"3266",2001-07-19,NA,NA,NA,NA,NA
"3267",2001-07-20,NA,NA,NA,NA,NA
"3268",2001-07-23,NA,NA,NA,NA,NA
"3269",2001-07-24,NA,NA,NA,NA,NA
"3270",2001-07-25,NA,NA,NA,NA,NA
"3271",2001-07-26,NA,NA,NA,NA,NA
"3272",2001-07-27,NA,NA,NA,NA,NA
"3273",2001-07-30,NA,NA,NA,NA,NA
"3274",2001-07-31,NA,NA,NA,NA,NA
"3275",2001-08-01,NA,NA,NA,NA,NA
"3276",2001-08-02,NA,NA,NA,NA,NA
"3277",2001-08-03,NA,NA,NA,NA,NA
"3278",2001-08-06,NA,NA,NA,NA,NA
"3279",2001-08-07,NA,NA,NA,NA,NA
"3280",2001-08-08,NA,NA,NA,NA,NA
"3281",2001-08-09,NA,NA,NA,NA,NA
"3282",2001-08-10,NA,NA,NA,NA,NA
"3283",2001-08-13,NA,NA,NA,NA,NA
"3284",2001-08-14,NA,NA,NA,NA,NA
"3285",2001-08-16,NA,NA,NA,NA,NA
"3286",2001-08-17,NA,NA,NA,NA,NA
"3287",2001-08-20,NA,NA,NA,NA,NA
"3288",2001-08-21,NA,NA,NA,NA,NA
"3289",2001-08-22,NA,NA,NA,NA,NA
"3290",2001-08-23,NA,NA,NA,NA,NA
"3291",2001-08-24,NA,NA,NA,NA,NA
"3292",2001-08-27,NA,NA,NA,NA,NA
"3293",2001-08-28,NA,NA,NA,NA,NA
"3294",2001-08-29,NA,NA,NA,NA,NA
"3295",2001-08-30,NA,NA,NA,NA,NA
"3296",2001-08-31,NA,NA,NA,NA,NA
"3297",2001-09-03,NA,NA,NA,NA,NA
"3298",2001-09-04,NA,NA,NA,NA,NA
"3299",2001-09-05,NA,NA,NA,NA,NA
"3300",2001-09-06,NA,NA,NA,NA,NA
"3301",2001-09-07,NA,NA,NA,NA,NA
"3302",2001-09-10,NA,NA,NA,NA,NA
"3303",2001-09-11,NA,NA,NA,NA,NA
"3304",2001-09-12,NA,NA,NA,NA,NA
"3305",2001-09-13,NA,NA,NA,NA,NA
"3306",2001-09-14,NA,NA,NA,NA,NA
"3307",2001-09-17,NA,NA,NA,NA,NA
"3308",2001-09-18,NA,NA,NA,NA,NA
"3309",2001-09-19,NA,NA,NA,NA,NA
"3310",2001-09-20,NA,NA,NA,NA,NA
"3311",2001-09-21,NA,NA,NA,NA,NA
"3312",2001-09-24,NA,NA,NA,NA,NA
"3313",2001-09-25,NA,NA,NA,NA,NA
"3314",2001-09-26,NA,NA,NA,NA,NA
"3315",2001-09-27,NA,NA,NA,NA,NA
"3316",2001-09-28,NA,NA,NA,NA,NA
"3317",2001-10-04,NA,NA,NA,NA,NA
"3318",2001-10-05,NA,NA,NA,NA,NA
"3319",2001-10-08,NA,NA,NA,NA,NA
"3320",2001-10-09,NA,NA,NA,NA,NA
"3321",2001-10-10,NA,NA,NA,NA,NA
"3322",2001-10-11,NA,NA,NA,NA,NA
"3323",2001-10-12,NA,NA,NA,NA,NA
"3324",2001-10-15,NA,NA,NA,NA,NA
"3325",2001-10-16,NA,NA,NA,NA,NA
"3326",2001-10-17,NA,NA,NA,NA,NA
"3327",2001-10-18,NA,NA,NA,NA,NA
"3328",2001-10-19,NA,NA,NA,NA,NA
"3329",2001-10-22,NA,NA,NA,NA,NA
"3330",2001-10-23,NA,NA,NA,NA,NA
"3331",2001-10-24,NA,NA,NA,NA,NA
"3332",2001-10-25,NA,NA,NA,NA,NA
"3333",2001-10-26,NA,NA,NA,NA,NA
"3334",2001-10-29,NA,NA,NA,NA,NA
"3335",2001-10-30,NA,NA,NA,NA,NA
"3336",2001-10-31,NA,NA,NA,NA,NA
"3337",2001-11-01,NA,NA,NA,NA,NA
"3338",2001-11-02,NA,NA,NA,NA,NA
"3339",2001-11-05,NA,NA,NA,NA,NA
"3340",2001-11-06,NA,NA,NA,NA,NA
"3341",2001-11-07,NA,NA,NA,NA,NA
"3342",2001-11-08,NA,NA,NA,NA,NA
"3343",2001-11-09,NA,NA,NA,NA,NA
"3344",2001-11-12,NA,NA,NA,NA,NA
"3345",2001-11-13,NA,NA,NA,NA,NA
"3346",2001-11-14,NA,NA,NA,NA,NA
"3347",2001-11-15,NA,NA,NA,NA,NA
"3348",2001-11-16,NA,NA,NA,NA,NA
"3349",2001-11-19,NA,NA,NA,NA,NA
"3350",2001-11-20,NA,NA,NA,NA,NA
"3351",2001-11-21,NA,NA,NA,NA,NA
"3352",2001-11-22,NA,NA,NA,NA,NA
"3353",2001-11-23,NA,NA,NA,NA,NA
"3354",2001-11-26,NA,NA,NA,NA,NA
"3355",2001-11-27,NA,NA,NA,NA,NA
"3356",2001-11-28,NA,NA,NA,NA,NA
"3357",2001-11-29,NA,NA,NA,NA,NA
"3358",2001-11-30,NA,NA,NA,NA,NA
"3359",2001-12-03,NA,NA,NA,NA,NA
"3360",2001-12-04,NA,NA,NA,NA,NA
"3361",2001-12-05,NA,NA,NA,NA,NA
"3362",2001-12-06,NA,NA,NA,NA,NA
"3363",2001-12-07,NA,NA,NA,NA,NA
"3364",2001-12-10,NA,NA,NA,NA,NA
"3365",2001-12-11,NA,NA,NA,NA,NA
"3366",2001-12-12,NA,NA,NA,NA,NA
"3367",2001-12-13,NA,NA,NA,NA,NA
"3368",2001-12-14,NA,NA,NA,NA,NA
"3369",2001-12-17,NA,NA,NA,NA,NA
"3370",2001-12-18,NA,NA,NA,NA,NA
"3371",2001-12-19,NA,NA,NA,NA,NA
"3372",2001-12-20,NA,NA,NA,NA,NA
"3373",2001-12-21,NA,NA,NA,NA,NA
"3374",2001-12-24,NA,NA,NA,NA,NA
"3375",2001-12-26,NA,NA,NA,NA,NA
"3376",2001-12-27,NA,NA,NA,NA,NA
"3377",2001-12-28,NA,NA,NA,NA,NA
"3378",2002-01-02,NA,NA,NA,NA,NA
"3379",2002-01-03,NA,NA,NA,NA,NA
"3380",2002-01-04,NA,NA,NA,NA,NA
"3381",2002-01-07,NA,NA,NA,NA,NA
"3382",2002-01-08,NA,NA,NA,NA,NA
"3383",2002-01-09,NA,NA,NA,NA,NA
"3384",2002-01-10,NA,NA,NA,NA,NA
"3385",2002-01-11,NA,NA,NA,NA,NA
"3386",2002-01-14,NA,NA,NA,NA,NA
"3387",2002-01-15,NA,NA,NA,NA,NA
"3388",2002-01-16,NA,NA,NA,NA,NA
"3389",2002-01-17,NA,NA,NA,NA,NA
"3390",2002-01-18,NA,NA,NA,NA,NA
"3391",2002-01-21,NA,NA,NA,NA,NA
"3392",2002-01-22,NA,NA,NA,NA,NA
"3393",2002-01-23,NA,NA,NA,NA,NA
"3394",2002-01-24,NA,NA,NA,NA,NA
"3395",2002-01-25,NA,NA,NA,NA,NA
"3396",2002-01-28,NA,NA,NA,NA,NA
"3397",2002-01-29,NA,NA,NA,NA,NA
"3398",2002-01-30,NA,NA,NA,NA,NA
"3399",2002-01-31,NA,NA,NA,NA,NA
"3400",2002-02-01,NA,NA,NA,NA,NA
"3401",2002-02-04,NA,NA,NA,NA,NA
"3402",2002-02-05,NA,NA,NA,NA,NA
"3403",2002-02-06,NA,NA,NA,NA,NA
"3404",2002-02-07,NA,NA,NA,NA,NA
"3405",2002-02-08,NA,NA,NA,NA,NA
"3406",2002-02-14,NA,NA,NA,NA,NA
"3407",2002-02-15,NA,NA,NA,NA,NA
"3408",2002-02-18,NA,NA,NA,NA,NA
"3409",2002-02-19,NA,NA,NA,NA,NA
"3410",2002-02-20,NA,NA,NA,NA,NA
"3411",2002-02-21,NA,NA,NA,NA,NA
"3412",2002-02-22,NA,NA,NA,NA,NA
"3413",2002-02-25,NA,NA,NA,NA,NA
"3414",2002-02-26,NA,NA,NA,NA,NA
"3415",2002-02-27,NA,NA,NA,NA,NA
"3416",2002-02-28,NA,NA,NA,NA,NA
"3417",2002-03-04,NA,NA,NA,NA,NA
"3418",2002-03-05,NA,NA,NA,NA,NA
"3419",2002-03-06,NA,NA,NA,NA,NA
"3420",2002-03-07,NA,NA,NA,NA,NA
"3421",2002-03-08,NA,NA,NA,NA,NA
"3422",2002-03-11,NA,NA,NA,NA,NA
"3423",2002-03-12,NA,NA,NA,NA,NA
"3424",2002-03-13,NA,NA,NA,NA,NA
"3425",2002-03-14,NA,NA,NA,NA,NA
"3426",2002-03-15,NA,NA,NA,NA,NA
"3427",2002-03-18,NA,NA,NA,NA,NA
"3428",2002-03-19,NA,NA,NA,NA,NA
"3429",2002-03-20,NA,NA,NA,NA,NA
"3430",2002-03-21,NA,NA,NA,NA,NA
"3431",2002-03-22,NA,NA,NA,NA,NA
"3432",2002-03-25,NA,NA,NA,NA,NA
"3433",2002-03-26,NA,NA,NA,NA,NA
"3434",2002-03-27,NA,NA,NA,NA,NA
"3435",2002-03-28,NA,NA,NA,NA,NA
"3436",2002-03-29,NA,NA,NA,NA,NA
"3437",2002-04-01,NA,NA,NA,NA,NA
"3438",2002-04-02,NA,NA,NA,NA,NA
"3439",2002-04-03,NA,NA,NA,NA,NA
"3440",2002-04-04,NA,NA,NA,NA,NA
"3441",2002-04-08,NA,NA,NA,NA,NA
"3442",2002-04-09,NA,NA,NA,NA,NA
"3443",2002-04-10,NA,NA,NA,NA,NA
"3444",2002-04-11,NA,NA,NA,NA,NA
"3445",2002-04-12,NA,NA,NA,NA,NA
"3446",2002-04-15,NA,NA,NA,NA,NA
"3447",2002-04-16,NA,NA,NA,NA,NA
"3448",2002-04-17,NA,NA,NA,NA,NA
"3449",2002-04-18,NA,NA,NA,NA,NA
"3450",2002-04-19,NA,NA,NA,NA,NA
"3451",2002-04-22,NA,NA,NA,NA,NA
"3452",2002-04-23,NA,NA,NA,NA,NA
"3453",2002-04-24,NA,NA,NA,NA,NA
"3454",2002-04-25,NA,NA,NA,NA,NA
"3455",2002-04-26,NA,NA,NA,NA,NA
"3456",2002-04-29,NA,NA,NA,NA,NA
"3457",2002-04-30,NA,NA,NA,NA,NA
"3458",2002-05-02,NA,NA,NA,NA,NA
"3459",2002-05-03,NA,NA,NA,NA,NA
"3460",2002-05-06,NA,NA,NA,NA,NA
"3461",2002-05-07,NA,NA,NA,NA,NA
"3462",2002-05-08,NA,NA,NA,NA,NA
"3463",2002-05-09,NA,NA,NA,NA,NA
"3464",2002-05-10,NA,NA,NA,NA,NA
"3465",2002-05-13,NA,NA,NA,NA,NA
"3466",2002-05-14,NA,NA,NA,NA,NA
"3467",2002-05-15,NA,NA,NA,NA,NA
"3468",2002-05-16,NA,NA,NA,NA,NA
"3469",2002-05-17,NA,NA,NA,NA,NA
"3470",2002-05-20,NA,NA,NA,NA,NA
"3471",2002-05-21,NA,NA,NA,NA,NA
"3472",2002-05-22,NA,NA,NA,NA,NA
"3473",2002-05-23,NA,NA,NA,NA,NA
"3474",2002-05-24,NA,NA,NA,NA,NA
"3475",2002-05-27,NA,NA,NA,NA,NA
"3476",2002-05-28,NA,NA,NA,NA,NA
"3477",2002-05-29,NA,NA,NA,NA,NA
"3478",2002-05-30,NA,NA,NA,NA,NA
"3479",2002-05-31,NA,NA,NA,NA,NA
"3480",2002-06-03,NA,NA,NA,NA,NA
"3481",2002-06-04,NA,NA,NA,NA,NA
"3482",2002-06-05,NA,NA,NA,NA,NA
"3483",2002-06-07,NA,NA,NA,NA,NA
"3484",2002-06-10,NA,NA,NA,NA,NA
"3485",2002-06-11,NA,NA,NA,NA,NA
"3486",2002-06-12,NA,NA,NA,NA,NA
"3487",2002-06-14,NA,NA,NA,NA,NA
"3488",2002-06-17,NA,NA,NA,NA,NA
"3489",2002-06-18,NA,NA,NA,NA,NA
"3490",2002-06-19,NA,NA,NA,NA,NA
"3491",2002-06-20,NA,NA,NA,NA,NA
"3492",2002-06-21,NA,NA,NA,NA,NA
"3493",2002-06-24,NA,NA,NA,NA,NA
"3494",2002-06-25,NA,NA,NA,NA,NA
"3495",2002-06-26,NA,NA,NA,NA,NA
"3496",2002-06-27,NA,NA,NA,NA,NA
"3497",2002-06-28,NA,NA,NA,NA,NA
"3498",2002-07-02,NA,NA,NA,NA,NA
"3499",2002-07-03,NA,NA,NA,NA,NA
"3500",2002-07-04,NA,NA,NA,NA,NA
"3501",2002-07-05,NA,NA,NA,NA,NA
"3502",2002-07-08,NA,NA,NA,NA,NA
"3503",2002-07-09,NA,NA,NA,NA,NA
"3504",2002-07-10,NA,NA,NA,NA,NA
"3505",2002-07-11,NA,NA,NA,NA,NA
"3506",2002-07-12,NA,NA,NA,NA,NA
"3507",2002-07-15,NA,NA,NA,NA,NA
"3508",2002-07-16,NA,NA,NA,NA,NA
"3509",2002-07-18,NA,NA,NA,NA,NA
"3510",2002-07-19,NA,NA,NA,NA,NA
"3511",2002-07-22,NA,NA,NA,NA,NA
"3512",2002-07-23,NA,NA,NA,NA,NA
"3513",2002-07-24,NA,NA,NA,NA,NA
"3514",2002-07-25,NA,NA,NA,NA,NA
"3515",2002-07-26,NA,NA,NA,NA,NA
"3516",2002-07-29,NA,NA,NA,NA,NA
"3517",2002-07-30,NA,NA,NA,NA,NA
"3518",2002-07-31,NA,NA,NA,NA,NA
"3519",2002-08-01,NA,NA,NA,NA,NA
"3520",2002-08-02,NA,NA,NA,NA,NA
"3521",2002-08-05,NA,NA,NA,NA,NA
"3522",2002-08-06,NA,NA,NA,NA,NA
"3523",2002-08-07,NA,NA,NA,NA,NA
"3524",2002-08-08,NA,NA,NA,NA,NA
"3525",2002-08-09,NA,NA,NA,NA,NA
"3526",2002-08-12,NA,NA,NA,NA,NA
"3527",2002-08-13,NA,NA,NA,NA,NA
"3528",2002-08-14,NA,NA,NA,NA,NA
"3529",2002-08-16,NA,NA,NA,NA,NA
"3530",2002-08-19,NA,NA,NA,NA,NA
"3531",2002-08-20,NA,NA,NA,NA,NA
"3532",2002-08-21,NA,NA,NA,NA,NA
"3533",2002-08-22,NA,NA,NA,NA,NA
"3534",2002-08-23,NA,NA,NA,NA,NA
"3535",2002-08-26,NA,NA,NA,NA,NA
"3536",2002-08-27,NA,NA,NA,NA,NA
"3537",2002-08-28,NA,NA,NA,NA,NA
"3538",2002-08-29,NA,NA,NA,NA,NA
"3539",2002-08-30,NA,NA,NA,NA,NA
"3540",2002-09-02,NA,NA,NA,NA,NA
"3541",2002-09-03,NA,NA,NA,NA,NA
"3542",2002-09-04,NA,NA,NA,NA,NA
"3543",2002-09-05,NA,NA,NA,NA,NA
"3544",2002-09-06,NA,NA,NA,NA,NA
"3545",2002-09-09,NA,NA,NA,NA,NA
"3546",2002-09-10,NA,NA,NA,NA,NA
"3547",2002-09-11,NA,NA,NA,NA,NA
"3548",2002-09-12,NA,NA,NA,NA,NA
"3549",2002-09-13,NA,NA,NA,NA,NA
"3550",2002-09-16,NA,NA,NA,NA,NA
"3551",2002-09-17,NA,NA,NA,NA,NA
"3552",2002-09-18,NA,NA,NA,NA,NA
"3553",2002-09-19,NA,NA,NA,NA,NA
"3554",2002-09-23,NA,NA,NA,NA,NA
"3555",2002-09-24,NA,NA,NA,NA,NA
"3556",2002-09-25,NA,NA,NA,NA,NA
"3557",2002-09-26,NA,NA,NA,NA,NA
"3558",2002-09-27,NA,NA,NA,NA,NA
"3559",2002-09-30,NA,NA,NA,NA,NA
"3560",2002-10-01,NA,NA,NA,NA,NA
"3561",2002-10-02,NA,NA,NA,NA,NA
"3562",2002-10-04,NA,NA,NA,NA,NA
"3563",2002-10-07,NA,NA,NA,NA,NA
"3564",2002-10-08,NA,NA,NA,NA,NA
"3565",2002-10-09,NA,NA,NA,NA,NA
"3566",2002-10-10,NA,NA,NA,NA,NA
"3567",2002-10-11,NA,NA,NA,NA,NA
"3568",2002-10-14,NA,NA,NA,NA,NA
"3569",2002-10-15,NA,NA,NA,NA,NA
"3570",2002-10-16,NA,NA,NA,NA,NA
"3571",2002-10-17,NA,NA,NA,NA,NA
"3572",2002-10-18,NA,NA,NA,NA,NA
"3573",2002-10-21,NA,NA,NA,NA,NA
"3574",2002-10-22,NA,NA,NA,NA,NA
"3575",2002-10-23,NA,NA,NA,NA,NA
"3576",2002-10-24,NA,NA,NA,NA,NA
"3577",2002-10-25,NA,NA,NA,NA,NA
"3578",2002-10-28,NA,NA,NA,NA,NA
"3579",2002-10-29,NA,NA,NA,NA,NA
"3580",2002-10-30,NA,NA,NA,NA,NA
"3581",2002-10-31,NA,NA,NA,NA,NA
"3582",2002-11-01,NA,NA,NA,NA,NA
"3583",2002-11-04,NA,NA,NA,NA,NA
"3584",2002-11-05,NA,NA,NA,NA,NA
"3585",2002-11-06,NA,NA,NA,NA,NA
"3586",2002-11-07,NA,NA,NA,NA,NA
"3587",2002-11-08,NA,NA,NA,NA,NA
"3588",2002-11-11,NA,NA,NA,NA,NA
"3589",2002-11-12,NA,NA,NA,NA,NA
"3590",2002-11-13,NA,NA,NA,NA,NA
"3591",2002-11-14,NA,NA,NA,NA,NA
"3592",2002-11-15,NA,NA,NA,NA,NA
"3593",2002-11-18,NA,NA,NA,NA,NA
"3594",2002-11-19,NA,NA,NA,NA,NA
"3595",2002-11-20,NA,NA,NA,NA,NA
"3596",2002-11-21,NA,NA,NA,NA,NA
"3597",2002-11-22,NA,NA,NA,NA,NA
"3598",2002-11-25,NA,NA,NA,NA,NA
"3599",2002-11-26,NA,NA,NA,NA,NA
"3600",2002-11-27,NA,NA,NA,NA,NA
"3601",2002-11-28,NA,NA,NA,NA,NA
"3602",2002-11-29,NA,NA,NA,NA,NA
"3603",2002-12-02,NA,NA,NA,NA,NA
"3604",2002-12-03,NA,NA,NA,NA,NA
"3605",2002-12-04,NA,NA,NA,NA,NA
"3606",2002-12-05,NA,NA,NA,NA,NA
"3607",2002-12-06,NA,NA,NA,NA,NA
"3608",2002-12-09,NA,NA,NA,NA,NA
"3609",2002-12-10,NA,NA,NA,NA,NA
"3610",2002-12-11,NA,NA,NA,NA,NA
"3611",2002-12-12,NA,NA,NA,NA,NA
"3612",2002-12-13,NA,NA,NA,NA,NA
"3613",2002-12-16,NA,NA,NA,NA,NA
"3614",2002-12-17,NA,NA,NA,NA,NA
"3615",2002-12-18,NA,NA,NA,NA,NA
"3616",2002-12-20,NA,NA,NA,NA,NA
"3617",2002-12-23,NA,NA,NA,NA,NA
"3618",2002-12-24,NA,NA,NA,NA,NA
"3619",2002-12-26,NA,NA,NA,NA,NA
"3620",2002-12-27,NA,NA,NA,NA,NA
"3621",2002-12-30,NA,NA,NA,NA,NA
"3622",2003-01-02,NA,NA,NA,NA,NA
"3623",2003-01-03,NA,NA,NA,NA,NA
"3624",2003-01-06,NA,NA,NA,NA,NA
"3625",2003-01-07,NA,NA,NA,NA,NA
"3626",2003-01-08,NA,NA,NA,NA,NA
"3627",2003-01-09,NA,NA,NA,NA,NA
"3628",2003-01-10,NA,NA,NA,NA,NA
"3629",2003-01-13,NA,NA,NA,NA,NA
"3630",2003-01-14,NA,NA,NA,NA,NA
"3631",2003-01-15,NA,NA,NA,NA,NA
"3632",2003-01-16,NA,NA,NA,NA,NA
"3633",2003-01-17,NA,NA,NA,NA,NA
"3634",2003-01-20,NA,NA,NA,NA,NA
"3635",2003-01-21,NA,NA,NA,NA,NA
"3636",2003-01-22,NA,NA,NA,NA,NA
"3637",2003-01-23,NA,NA,NA,NA,NA
"3638",2003-01-24,NA,NA,NA,NA,NA
"3639",2003-01-27,NA,NA,NA,NA,NA
"3640",2003-01-28,NA,NA,NA,NA,NA
"3641",2003-01-29,NA,NA,NA,NA,NA
"3642",2003-01-30,NA,NA,NA,NA,NA
"3643",2003-02-03,NA,NA,NA,NA,NA
"3644",2003-02-04,NA,NA,NA,NA,NA
"3645",2003-02-05,NA,NA,NA,NA,NA
"3646",2003-02-06,NA,NA,NA,NA,NA
"3647",2003-02-07,NA,NA,NA,NA,NA
"3648",2003-02-10,NA,NA,NA,NA,NA
"3649",2003-02-11,NA,NA,NA,NA,NA
"3650",2003-02-12,NA,NA,NA,NA,NA
"3651",2003-02-13,NA,NA,NA,NA,NA
"3652",2003-02-14,NA,NA,NA,NA,NA
"3653",2003-02-17,NA,NA,NA,NA,NA
"3654",2003-02-18,NA,NA,NA,NA,NA
"3655",2003-02-19,NA,NA,NA,NA,NA
"3656",2003-02-20,NA,NA,NA,NA,NA
"3657",2003-02-21,NA,NA,NA,NA,NA
"3658",2003-02-24,NA,NA,NA,NA,NA
"3659",2003-02-25,NA,NA,NA,NA,NA
"3660",2003-02-26,NA,NA,NA,NA,NA
"3661",2003-02-27,NA,NA,NA,NA,NA
"3662",2003-02-28,NA,NA,NA,NA,NA
"3663",2003-03-03,NA,NA,NA,NA,NA
"3664",2003-03-04,NA,NA,NA,NA,NA
"3665",2003-03-05,NA,NA,NA,NA,NA
"3666",2003-03-06,NA,NA,NA,NA,NA
"3667",2003-03-07,NA,NA,NA,NA,NA
"3668",2003-03-10,NA,NA,NA,NA,NA
"3669",2003-03-11,NA,NA,NA,NA,NA
"3670",2003-03-12,NA,NA,NA,NA,NA
"3671",2003-03-13,NA,NA,NA,NA,NA
"3672",2003-03-14,NA,NA,NA,NA,NA
"3673",2003-03-17,NA,NA,NA,NA,NA
"3674",2003-03-18,NA,NA,NA,NA,NA
"3675",2003-03-19,NA,NA,NA,NA,NA
"3676",2003-03-20,NA,NA,NA,NA,NA
"3677",2003-03-21,NA,NA,NA,NA,NA
"3678",2003-03-24,NA,NA,NA,NA,NA
"3679",2003-03-25,NA,NA,NA,NA,NA
"3680",2003-03-26,NA,NA,NA,NA,NA
"3681",2003-03-27,NA,NA,NA,NA,NA
"3682",2003-03-28,NA,NA,NA,NA,NA
"3683",2003-03-31,NA,NA,NA,NA,NA
"3684",2003-04-01,NA,NA,NA,NA,NA
"3685",2003-04-02,NA,NA,NA,NA,NA
"3686",2003-04-03,NA,NA,NA,NA,NA
"3687",2003-04-04,NA,NA,NA,NA,NA
"3688",2003-04-07,NA,NA,NA,NA,NA
"3689",2003-04-08,NA,NA,NA,NA,NA
"3690",2003-04-09,NA,NA,NA,NA,NA
"3691",2003-04-10,NA,NA,NA,NA,NA
"3692",2003-04-11,NA,NA,NA,NA,NA
"3693",2003-04-14,NA,NA,NA,NA,NA
"3694",2003-04-15,NA,NA,NA,NA,NA
"3695",2003-04-16,NA,NA,NA,NA,NA
"3696",2003-04-17,NA,NA,NA,NA,NA
"3697",2003-04-18,NA,NA,NA,NA,NA
"3698",2003-04-21,NA,NA,NA,NA,NA
"3699",2003-04-22,NA,NA,NA,NA,NA
"3700",2003-04-23,NA,NA,NA,NA,NA
"3701",2003-04-24,NA,NA,NA,NA,NA
"3702",2003-04-25,NA,NA,NA,NA,NA
"3703",2003-04-28,NA,NA,NA,NA,NA
"3704",2003-04-29,NA,NA,NA,NA,NA
"3705",2003-04-30,NA,NA,NA,NA,NA
"3706",2003-05-02,NA,NA,NA,NA,NA
"3707",2003-05-06,NA,NA,NA,NA,NA
"3708",2003-05-07,NA,NA,NA,NA,NA
"3709",2003-05-09,NA,NA,NA,NA,NA
"3710",2003-05-12,NA,NA,NA,NA,NA
"3711",2003-05-13,NA,NA,NA,NA,NA
"3712",2003-05-14,NA,NA,NA,NA,NA
"3713",2003-05-15,NA,NA,NA,NA,NA
"3714",2003-05-16,NA,NA,NA,NA,NA
"3715",2003-05-19,NA,NA,NA,NA,NA
"3716",2003-05-20,NA,NA,NA,NA,NA
"3717",2003-05-21,NA,NA,NA,NA,NA
"3718",2003-05-22,NA,NA,NA,NA,NA
"3719",2003-05-23,NA,NA,NA,NA,NA
"3720",2003-05-26,NA,NA,NA,NA,NA
"3721",2003-05-27,NA,NA,NA,NA,NA
"3722",2003-05-28,NA,NA,NA,NA,NA
"3723",2003-05-29,NA,NA,NA,NA,NA
"3724",2003-05-30,NA,NA,NA,NA,NA
"3725",2003-06-02,NA,NA,NA,NA,NA
"3726",2003-06-03,NA,NA,NA,NA,NA
"3727",2003-06-04,NA,NA,NA,NA,NA
"3728",2003-06-05,NA,NA,NA,NA,NA
"3729",2003-06-09,NA,NA,NA,NA,NA
"3730",2003-06-10,NA,NA,NA,NA,NA
"3731",2003-06-11,NA,NA,NA,NA,NA
"3732",2003-06-12,NA,NA,NA,NA,NA
"3733",2003-06-13,NA,NA,NA,NA,NA
"3734",2003-06-16,NA,NA,NA,NA,NA
"3735",2003-06-17,NA,NA,NA,NA,NA
"3736",2003-06-18,NA,NA,NA,NA,NA
"3737",2003-06-19,NA,NA,NA,NA,NA
"3738",2003-06-20,NA,NA,NA,NA,NA
"3739",2003-06-23,NA,NA,NA,NA,NA
"3740",2003-06-24,NA,NA,NA,NA,NA
"3741",2003-06-25,NA,NA,NA,NA,NA
"3742",2003-06-26,NA,NA,NA,NA,NA
"3743",2003-06-27,NA,NA,NA,NA,NA
"3744",2003-06-30,NA,NA,NA,NA,NA
"3745",2003-07-01,NA,NA,NA,NA,NA
"3746",2003-07-02,NA,NA,NA,NA,NA
"3747",2003-07-03,NA,NA,NA,NA,NA
"3748",2003-07-04,NA,NA,NA,NA,NA
"3749",2003-07-07,NA,NA,NA,NA,NA
"3750",2003-07-08,NA,NA,NA,NA,NA
"3751",2003-07-09,NA,NA,NA,NA,NA
"3752",2003-07-10,NA,NA,NA,NA,NA
"3753",2003-07-11,NA,NA,NA,NA,NA
"3754",2003-07-14,NA,NA,NA,NA,NA
"3755",2003-07-15,NA,NA,NA,NA,NA
"3756",2003-07-16,NA,NA,NA,NA,NA
"3757",2003-07-18,NA,NA,NA,NA,NA
"3758",2003-07-21,NA,NA,NA,NA,NA
"3759",2003-07-22,NA,NA,NA,NA,NA
"3760",2003-07-23,NA,NA,NA,NA,NA
"3761",2003-07-24,NA,NA,NA,NA,NA
"3762",2003-07-25,NA,NA,NA,NA,NA
"3763",2003-07-28,NA,NA,NA,NA,NA
"3764",2003-07-29,NA,NA,NA,NA,NA
"3765",2003-07-30,NA,NA,NA,NA,NA
"3766",2003-07-31,NA,NA,NA,NA,NA
"3767",2003-08-01,NA,NA,NA,NA,NA
"3768",2003-08-04,NA,NA,NA,NA,NA
"3769",2003-08-05,NA,NA,NA,NA,NA
"3770",2003-08-06,NA,NA,NA,NA,NA
"3771",2003-08-07,NA,NA,NA,NA,NA
"3772",2003-08-08,NA,NA,NA,NA,NA
"3773",2003-08-11,NA,NA,NA,NA,NA
"3774",2003-08-12,NA,NA,NA,NA,NA
"3775",2003-08-13,NA,NA,NA,NA,NA
"3776",2003-08-14,NA,NA,NA,NA,NA
"3777",2003-08-18,NA,NA,NA,NA,NA
"3778",2003-08-19,NA,NA,NA,NA,NA
"3779",2003-08-20,NA,NA,NA,NA,NA
"3780",2003-08-21,NA,NA,NA,NA,NA
"3781",2003-08-22,NA,NA,NA,NA,NA
"3782",2003-08-25,NA,NA,NA,NA,NA
"3783",2003-08-26,NA,NA,NA,NA,NA
"3784",2003-08-27,NA,NA,NA,NA,NA
"3785",2003-08-28,NA,NA,NA,NA,NA
"3786",2003-08-29,NA,NA,NA,NA,NA
"3787",2003-09-01,NA,NA,NA,NA,NA
"3788",2003-09-02,NA,NA,NA,NA,NA
"3789",2003-09-03,NA,NA,NA,NA,NA
"3790",2003-09-04,NA,NA,NA,NA,NA
"3791",2003-09-05,NA,NA,NA,NA,NA
"3792",2003-09-08,NA,NA,NA,NA,NA
"3793",2003-09-09,NA,NA,NA,NA,NA
"3794",2003-09-15,NA,NA,NA,NA,NA
"3795",2003-09-16,NA,NA,NA,NA,NA
"3796",2003-09-17,NA,NA,NA,NA,NA
"3797",2003-09-18,NA,NA,NA,NA,NA
"3798",2003-09-19,NA,NA,NA,NA,NA
"3799",2003-09-22,NA,NA,NA,NA,NA
"3800",2003-09-23,NA,NA,NA,NA,NA
"3801",2003-09-24,NA,NA,NA,NA,NA
"3802",2003-09-25,NA,NA,NA,NA,NA
"3803",2003-09-26,NA,NA,NA,NA,NA
"3804",2003-09-29,NA,NA,NA,NA,NA
"3805",2003-09-30,NA,NA,NA,NA,NA
"3806",2003-10-01,NA,NA,NA,NA,NA
"3807",2003-10-02,NA,NA,NA,NA,NA
"3808",2003-10-06,NA,NA,NA,NA,NA
"3809",2003-10-07,NA,NA,NA,NA,NA
"3810",2003-10-08,NA,NA,NA,NA,NA
"3811",2003-10-09,NA,NA,NA,NA,NA
"3812",2003-10-10,NA,NA,NA,NA,NA
"3813",2003-10-13,NA,NA,NA,NA,NA
"3814",2003-10-14,NA,NA,NA,NA,NA
"3815",2003-10-15,NA,NA,NA,NA,NA
"3816",2003-10-16,NA,NA,NA,NA,NA
"3817",2003-10-17,NA,NA,NA,NA,NA
"3818",2003-10-20,NA,NA,NA,NA,NA
"3819",2003-10-21,NA,NA,NA,NA,NA
"3820",2003-10-22,NA,NA,NA,NA,NA
"3821",2003-10-23,NA,NA,NA,NA,NA
"3822",2003-10-24,NA,NA,NA,NA,NA
"3823",2003-10-27,NA,NA,NA,NA,NA
"3824",2003-10-28,NA,NA,NA,NA,NA
"3825",2003-10-29,NA,NA,NA,NA,NA
"3826",2003-10-30,NA,NA,NA,NA,NA
"3827",2003-10-31,NA,NA,NA,NA,NA
"3828",2003-11-03,NA,NA,NA,NA,NA
"3829",2003-11-04,NA,NA,NA,NA,NA
"3830",2003-11-05,NA,NA,NA,NA,NA
"3831",2003-11-06,NA,NA,NA,NA,NA
"3832",2003-11-07,NA,NA,NA,NA,NA
"3833",2003-11-10,NA,NA,NA,NA,NA
"3834",2003-11-11,NA,NA,NA,NA,NA
"3835",2003-11-12,NA,NA,NA,NA,NA
"3836",2003-11-13,NA,NA,NA,NA,NA
"3837",2003-11-14,NA,NA,NA,NA,NA
"3838",2003-11-17,NA,NA,NA,NA,NA
"3839",2003-11-18,NA,NA,NA,NA,NA
"3840",2003-11-19,NA,NA,NA,NA,NA
"3841",2003-11-20,NA,NA,NA,NA,NA
"3842",2003-11-21,NA,NA,NA,NA,NA
"3843",2003-11-24,NA,NA,NA,NA,NA
"3844",2003-11-25,NA,NA,NA,NA,NA
"3845",2003-11-26,NA,NA,NA,NA,NA
"3846",2003-11-27,NA,NA,NA,NA,NA
"3847",2003-11-28,NA,NA,NA,NA,NA
"3848",2003-12-01,NA,NA,NA,NA,NA
"3849",2003-12-02,NA,NA,NA,NA,NA
"3850",2003-12-03,NA,NA,NA,NA,NA
"3851",2003-12-04,NA,NA,NA,NA,NA
"3852",2003-12-05,NA,NA,NA,NA,NA
"3853",2003-12-08,NA,NA,NA,NA,NA
"3854",2003-12-09,NA,NA,NA,NA,NA
"3855",2003-12-10,NA,NA,NA,NA,NA
"3856",2003-12-11,NA,NA,NA,NA,NA
"3857",2003-12-12,NA,NA,NA,NA,NA
"3858",2003-12-15,NA,NA,NA,NA,NA
"3859",2003-12-16,NA,NA,NA,NA,NA
"3860",2003-12-17,NA,NA,NA,NA,NA
"3861",2003-12-18,NA,NA,NA,NA,NA
"3862",2003-12-19,NA,NA,NA,NA,NA
"3863",2003-12-22,NA,NA,NA,NA,NA
"3864",2003-12-23,NA,NA,NA,NA,NA
"3865",2003-12-24,NA,NA,NA,NA,NA
"3866",2003-12-26,NA,NA,NA,NA,NA
"3867",2003-12-29,NA,NA,NA,NA,NA
"3868",2003-12-30,NA,NA,NA,NA,NA
"3869",2004-01-02,NA,NA,NA,NA,NA
"3870",2004-01-05,NA,NA,NA,NA,NA
"3871",2004-01-06,NA,NA,NA,NA,NA
"3872",2004-01-07,NA,NA,NA,NA,NA
"3873",2004-01-08,NA,NA,NA,NA,NA
"3874",2004-01-09,NA,NA,NA,NA,NA
"3875",2004-01-12,NA,NA,NA,NA,NA
"3876",2004-01-13,NA,NA,NA,NA,NA
"3877",2004-01-14,NA,NA,NA,NA,NA
"3878",2004-01-15,NA,NA,NA,NA,NA
"3879",2004-01-16,NA,NA,NA,NA,NA
"3880",2004-01-19,NA,NA,NA,NA,NA
"3881",2004-01-20,NA,NA,NA,NA,NA
"3882",2004-01-26,NA,NA,NA,NA,NA
"3883",2004-01-27,NA,NA,NA,NA,NA
"3884",2004-01-28,NA,NA,NA,NA,NA
"3885",2004-01-29,NA,NA,NA,NA,NA
"3886",2004-01-30,NA,NA,NA,NA,NA
"3887",2004-02-02,NA,NA,NA,NA,NA
"3888",2004-02-03,NA,NA,NA,NA,NA
"3889",2004-02-04,NA,NA,NA,NA,NA
"3890",2004-02-05,NA,NA,NA,NA,NA
"3891",2004-02-06,NA,NA,NA,NA,NA
"3892",2004-02-09,NA,NA,NA,NA,NA
"3893",2004-02-10,NA,NA,NA,NA,NA
"3894",2004-02-11,NA,NA,NA,NA,NA
"3895",2004-02-12,NA,NA,NA,NA,NA
"3896",2004-02-13,NA,NA,NA,NA,NA
"3897",2004-02-16,NA,NA,NA,NA,NA
"3898",2004-02-17,NA,NA,NA,NA,NA
"3899",2004-02-18,NA,NA,NA,NA,NA
"3900",2004-02-19,NA,NA,NA,NA,NA
"3901",2004-02-20,NA,NA,NA,NA,NA
"3902",2004-02-23,NA,NA,NA,NA,NA
"3903",2004-02-24,NA,NA,NA,NA,NA
"3904",2004-02-25,NA,NA,NA,NA,NA
"3905",2004-02-26,NA,NA,NA,NA,NA
"3906",2004-02-27,NA,NA,NA,NA,NA
"3907",2004-03-02,NA,NA,NA,NA,NA
"3908",2004-03-03,NA,NA,NA,NA,NA
"3909",2004-03-04,NA,NA,NA,NA,NA
"3910",2004-03-05,NA,NA,NA,NA,NA
"3911",2004-03-08,NA,NA,NA,NA,NA
"3912",2004-03-09,NA,NA,NA,NA,NA
"3913",2004-03-10,NA,NA,NA,NA,NA
"3914",2004-03-11,NA,NA,NA,NA,NA
"3915",2004-03-12,NA,NA,NA,NA,NA
"3916",2004-03-15,NA,NA,NA,NA,NA
"3917",2004-03-16,NA,NA,NA,NA,NA
"3918",2004-03-17,NA,NA,NA,NA,NA
"3919",2004-03-18,NA,NA,NA,NA,NA
"3920",2004-03-19,NA,NA,NA,NA,NA
"3921",2004-03-22,NA,NA,NA,NA,NA
"3922",2004-03-23,NA,NA,NA,NA,NA
"3923",2004-03-24,NA,NA,NA,NA,NA
"3924",2004-03-25,NA,NA,NA,NA,NA
"3925",2004-03-26,NA,NA,NA,NA,NA
"3926",2004-03-29,NA,NA,NA,NA,NA
"3927",2004-03-30,NA,NA,NA,NA,NA
"3928",2004-03-31,NA,NA,NA,NA,NA
"3929",2004-04-01,NA,NA,NA,NA,NA
"3930",2004-04-02,NA,NA,NA,NA,NA
"3931",2004-04-06,NA,NA,NA,NA,NA
"3932",2004-04-07,NA,NA,NA,NA,NA
"3933",2004-04-08,NA,NA,NA,NA,NA
"3934",2004-04-09,NA,NA,NA,NA,NA
"3935",2004-04-12,NA,NA,NA,NA,NA
"3936",2004-04-13,NA,NA,NA,NA,NA
"3937",2004-04-14,NA,NA,NA,NA,NA
"3938",2004-04-16,NA,NA,NA,NA,NA
"3939",2004-04-19,NA,NA,NA,NA,NA
"3940",2004-04-20,NA,NA,NA,NA,NA
"3941",2004-04-21,NA,NA,NA,NA,NA
"3942",2004-04-22,NA,NA,NA,NA,NA
"3943",2004-04-23,NA,NA,NA,NA,NA
"3944",2004-04-26,NA,NA,NA,NA,NA
"3945",2004-04-27,NA,NA,NA,NA,NA
"3946",2004-04-28,NA,NA,NA,NA,NA
"3947",2004-04-29,NA,NA,NA,NA,NA
"3948",2004-04-30,NA,NA,NA,NA,NA
"3949",2004-05-03,NA,NA,NA,NA,NA
"3950",2004-05-04,NA,NA,NA,NA,NA
"3951",2004-05-06,NA,NA,NA,NA,NA
"3952",2004-05-07,NA,NA,NA,NA,NA
"3953",2004-05-10,NA,NA,NA,NA,NA
"3954",2004-05-11,NA,NA,NA,NA,NA
"3955",2004-05-12,NA,NA,NA,NA,NA
"3956",2004-05-13,NA,NA,NA,NA,NA
"3957",2004-05-14,NA,NA,NA,NA,NA
"3958",2004-05-17,NA,NA,NA,NA,NA
"3959",2004-05-18,NA,NA,NA,NA,NA
"3960",2004-05-19,NA,NA,NA,NA,NA
"3961",2004-05-20,NA,NA,NA,NA,NA
"3962",2004-05-21,NA,NA,NA,NA,NA
"3963",2004-05-24,NA,NA,NA,NA,NA
"3964",2004-05-25,NA,NA,NA,NA,NA
"3965",2004-05-27,NA,NA,NA,NA,NA
"3966",2004-05-28,NA,NA,NA,NA,NA
"3967",2004-05-31,NA,NA,NA,NA,NA
"3968",2004-06-01,NA,NA,NA,NA,NA
"3969",2004-06-02,NA,NA,NA,NA,NA
"3970",2004-06-03,NA,NA,NA,NA,NA
"3971",2004-06-04,NA,NA,NA,NA,NA
"3972",2004-06-07,NA,NA,NA,NA,NA
"3973",2004-06-08,NA,NA,NA,NA,NA
"3974",2004-06-09,NA,NA,NA,NA,NA
"3975",2004-06-10,NA,NA,NA,NA,NA
"3976",2004-06-11,NA,NA,NA,NA,NA
"3977",2004-06-14,NA,NA,NA,NA,NA
"3978",2004-06-15,NA,NA,NA,NA,NA
"3979",2004-06-16,NA,NA,NA,NA,NA
"3980",2004-06-17,NA,NA,NA,NA,NA
"3981",2004-06-18,NA,NA,NA,NA,NA
"3982",2004-06-21,NA,NA,NA,NA,NA
"3983",2004-06-22,NA,NA,NA,NA,NA
"3984",2004-06-23,NA,NA,NA,NA,NA
"3985",2004-06-24,NA,NA,NA,NA,NA
"3986",2004-06-25,NA,NA,NA,NA,NA
"3987",2004-06-28,NA,NA,NA,NA,NA
"3988",2004-06-29,NA,NA,NA,NA,NA
"3989",2004-06-30,NA,NA,NA,NA,NA
"3990",2004-07-01,NA,NA,NA,NA,NA
"3991",2004-07-02,NA,NA,NA,NA,NA
"3992",2004-07-05,NA,NA,NA,NA,NA
"3993",2004-07-06,NA,NA,NA,NA,NA
"3994",2004-07-07,NA,NA,NA,NA,NA
"3995",2004-07-08,NA,NA,NA,NA,NA
"3996",2004-07-09,NA,NA,NA,NA,NA
"3997",2004-07-12,NA,NA,NA,NA,NA
"3998",2004-07-13,NA,NA,NA,NA,NA
"3999",2004-07-14,NA,NA,NA,NA,NA
"4000",2004-07-15,NA,NA,NA,NA,NA
"4001",2004-07-16,NA,NA,NA,NA,NA
"4002",2004-07-19,NA,NA,NA,NA,NA
"4003",2004-07-20,NA,NA,NA,NA,NA
"4004",2004-07-21,NA,NA,NA,NA,NA
"4005",2004-07-22,NA,NA,NA,NA,NA
"4006",2004-07-23,NA,NA,NA,NA,NA
"4007",2004-07-26,NA,NA,NA,NA,NA
"4008",2004-07-27,NA,NA,NA,NA,NA
"4009",2004-07-28,NA,NA,NA,NA,NA
"4010",2004-07-29,NA,NA,NA,NA,NA
"4011",2004-07-30,NA,NA,NA,NA,NA
"4012",2004-08-02,NA,NA,NA,NA,NA
"4013",2004-08-03,NA,NA,NA,NA,NA
"4014",2004-08-04,NA,NA,NA,NA,NA
"4015",2004-08-05,NA,NA,NA,NA,NA
"4016",2004-08-06,NA,NA,NA,NA,NA
"4017",2004-08-09,NA,NA,NA,NA,NA
"4018",2004-08-10,NA,NA,NA,NA,NA
"4019",2004-08-11,NA,NA,NA,NA,NA
"4020",2004-08-12,NA,NA,NA,NA,NA
"4021",2004-08-13,NA,NA,NA,NA,NA
"4022",2004-08-16,NA,NA,NA,NA,NA
"4023",2004-08-17,NA,NA,NA,NA,NA
"4024",2004-08-18,NA,NA,NA,NA,NA
"4025",2004-08-19,NA,NA,NA,NA,NA
"4026",2004-08-20,NA,NA,NA,NA,NA
"4027",2004-08-23,NA,NA,NA,NA,NA
"4028",2004-08-24,NA,NA,NA,NA,NA
"4029",2004-08-25,NA,NA,NA,NA,NA
"4030",2004-08-26,NA,NA,NA,NA,NA
"4031",2004-08-27,NA,NA,NA,NA,NA
"4032",2004-08-30,NA,NA,NA,NA,NA
"4033",2004-08-31,NA,NA,NA,NA,NA
"4034",2004-09-01,NA,NA,NA,NA,NA
"4035",2004-09-02,NA,NA,NA,NA,NA
"4036",2004-09-03,NA,NA,NA,NA,NA
"4037",2004-09-06,NA,NA,NA,NA,NA
"4038",2004-09-07,NA,NA,NA,NA,NA
"4039",2004-09-08,NA,NA,NA,NA,NA
"4040",2004-09-09,NA,NA,NA,NA,NA
"4041",2004-09-10,NA,NA,NA,NA,NA
"4042",2004-09-13,NA,NA,NA,NA,NA
"4043",2004-09-14,NA,NA,NA,NA,NA
"4044",2004-09-15,NA,NA,NA,NA,NA
"4045",2004-09-16,NA,NA,NA,NA,NA
"4046",2004-09-17,NA,NA,NA,NA,NA
"4047",2004-09-20,NA,NA,NA,NA,NA
"4048",2004-09-21,NA,NA,NA,NA,NA
"4049",2004-09-22,NA,NA,NA,NA,NA
"4050",2004-09-23,NA,NA,NA,NA,NA
"4051",2004-09-24,NA,NA,NA,NA,NA
"4052",2004-09-30,NA,NA,NA,NA,NA
"4053",2004-10-01,NA,NA,NA,NA,NA
"4054",2004-10-04,NA,NA,NA,NA,NA
"4055",2004-10-05,NA,NA,NA,NA,NA
"4056",2004-10-06,NA,NA,NA,NA,NA
"4057",2004-10-07,NA,NA,NA,NA,NA
"4058",2004-10-08,NA,NA,NA,NA,NA
"4059",2004-10-11,NA,NA,NA,NA,NA
"4060",2004-10-12,NA,NA,NA,NA,NA
"4061",2004-10-13,NA,NA,NA,NA,NA
"4062",2004-10-14,NA,NA,NA,NA,NA
"4063",2004-10-15,NA,NA,NA,NA,NA
"4064",2004-10-18,NA,NA,NA,NA,NA
"4065",2004-10-19,NA,NA,NA,NA,NA
"4066",2004-10-20,NA,NA,NA,NA,NA
"4067",2004-10-21,NA,NA,NA,NA,NA
"4068",2004-10-22,NA,NA,NA,NA,NA
"4069",2004-10-25,NA,NA,NA,NA,NA
"4070",2004-10-26,NA,NA,NA,NA,NA
"4071",2004-10-27,NA,NA,NA,NA,NA
"4072",2004-10-28,NA,NA,NA,NA,NA
"4073",2004-10-29,NA,NA,NA,NA,NA
"4074",2004-11-01,NA,NA,NA,NA,NA
"4075",2004-11-02,NA,NA,NA,NA,NA
"4076",2004-11-03,NA,NA,NA,NA,NA
"4077",2004-11-04,NA,NA,NA,NA,NA
"4078",2004-11-05,NA,NA,NA,NA,NA
"4079",2004-11-08,NA,NA,NA,NA,NA
"4080",2004-11-09,NA,NA,NA,NA,NA
"4081",2004-11-10,NA,NA,NA,NA,NA
"4082",2004-11-11,NA,NA,NA,NA,NA
"4083",2004-11-12,NA,NA,NA,NA,NA
"4084",2004-11-15,NA,NA,NA,NA,NA
"4085",2004-11-16,NA,NA,NA,NA,NA
"4086",2004-11-17,NA,NA,NA,NA,NA
"4087",2004-11-18,NA,NA,NA,NA,NA
"4088",2004-11-19,NA,NA,NA,NA,NA
"4089",2004-11-22,NA,NA,NA,NA,NA
"4090",2004-11-23,NA,NA,NA,NA,NA
"4091",2004-11-24,NA,NA,NA,NA,NA
"4092",2004-11-25,NA,NA,NA,NA,NA
"4093",2004-11-26,NA,NA,NA,NA,NA
"4094",2004-11-29,NA,NA,NA,NA,NA
"4095",2004-11-30,NA,NA,NA,NA,NA
"4096",2004-12-01,NA,NA,NA,NA,NA
"4097",2004-12-02,NA,NA,NA,NA,NA
"4098",2004-12-03,NA,NA,NA,NA,NA
"4099",2004-12-06,NA,NA,NA,NA,NA
"4100",2004-12-07,NA,NA,NA,NA,NA
"4101",2004-12-08,NA,NA,NA,NA,NA
"4102",2004-12-09,NA,NA,NA,NA,NA
"4103",2004-12-10,NA,NA,NA,NA,NA
"4104",2004-12-13,NA,NA,NA,NA,NA
"4105",2004-12-14,NA,NA,NA,NA,NA
"4106",2004-12-15,NA,NA,NA,NA,NA
"4107",2004-12-16,NA,NA,NA,NA,NA
"4108",2004-12-17,NA,NA,NA,NA,NA
"4109",2004-12-20,NA,NA,NA,NA,NA
"4110",2004-12-21,NA,NA,NA,NA,NA
"4111",2004-12-22,NA,NA,NA,NA,NA
"4112",2004-12-23,NA,NA,NA,NA,NA
"4113",2004-12-24,NA,NA,NA,NA,NA
"4114",2004-12-27,NA,NA,NA,NA,NA
"4115",2004-12-28,NA,NA,NA,NA,NA
"4116",2004-12-29,NA,NA,NA,NA,NA
"4117",2004-12-30,NA,NA,NA,NA,NA
"4118",2005-01-03,NA,NA,NA,NA,NA
"4119",2005-01-04,NA,NA,NA,NA,NA
"4120",2005-01-05,NA,NA,NA,NA,NA
"4121",2005-01-06,NA,NA,NA,NA,NA
"4122",2005-01-07,NA,NA,NA,NA,NA
"4123",2005-01-10,NA,NA,NA,NA,NA
"4124",2005-01-11,NA,NA,NA,NA,NA
"4125",2005-01-12,NA,NA,NA,NA,NA
"4126",2005-01-13,NA,NA,NA,NA,NA
"4127",2005-01-14,NA,NA,NA,NA,NA
"4128",2005-01-17,NA,NA,NA,NA,NA
"4129",2005-01-18,NA,NA,NA,NA,NA
"4130",2005-01-19,NA,NA,NA,NA,NA
"4131",2005-01-20,NA,NA,NA,NA,NA
"4132",2005-01-21,NA,NA,NA,NA,NA
"4133",2005-01-24,NA,NA,NA,NA,NA
"4134",2005-01-25,NA,NA,NA,NA,NA
"4135",2005-01-26,NA,NA,NA,NA,NA
"4136",2005-01-27,NA,NA,NA,NA,NA
"4137",2005-01-28,NA,NA,NA,NA,NA
"4138",2005-01-31,NA,NA,NA,NA,NA
"4139",2005-02-01,NA,NA,NA,NA,NA
"4140",2005-02-02,NA,NA,NA,NA,NA
"4141",2005-02-03,NA,NA,NA,NA,NA
"4142",2005-02-04,NA,NA,NA,NA,NA
"4143",2005-02-07,NA,NA,NA,NA,NA
"4144",2005-02-11,NA,NA,NA,NA,NA
"4145",2005-02-14,NA,NA,NA,NA,NA
"4146",2005-02-15,NA,NA,NA,NA,NA
"4147",2005-02-16,NA,NA,NA,NA,NA
"4148",2005-02-17,NA,NA,NA,NA,NA
"4149",2005-02-18,NA,NA,NA,NA,NA
"4150",2005-02-21,NA,NA,NA,NA,NA
"4151",2005-02-22,NA,NA,NA,NA,NA
"4152",2005-02-23,NA,NA,NA,NA,NA
"4153",2005-02-24,NA,NA,NA,NA,NA
"4154",2005-02-25,NA,NA,NA,NA,NA
"4155",2005-02-28,NA,NA,NA,NA,NA
"4156",2005-03-02,NA,NA,NA,NA,NA
"4157",2005-03-03,NA,NA,NA,NA,NA
"4158",2005-03-04,NA,NA,NA,NA,NA
"4159",2005-03-07,NA,NA,NA,NA,NA
"4160",2005-03-08,NA,NA,NA,NA,NA
"4161",2005-03-09,NA,NA,NA,NA,NA
"4162",2005-03-10,NA,NA,NA,NA,NA
"4163",2005-03-11,NA,NA,NA,NA,NA
"4164",2005-03-14,NA,NA,NA,NA,NA
"4165",2005-03-15,NA,NA,NA,NA,NA
"4166",2005-03-16,NA,NA,NA,NA,NA
"4167",2005-03-17,NA,NA,NA,NA,NA
"4168",2005-03-18,NA,NA,NA,NA,NA
"4169",2005-03-21,NA,NA,NA,NA,NA
"4170",2005-03-22,NA,NA,NA,NA,NA
"4171",2005-03-23,NA,NA,NA,NA,NA
"4172",2005-03-24,NA,NA,NA,NA,NA
"4173",2005-03-25,NA,NA,NA,NA,NA
"4174",2005-03-28,NA,NA,NA,NA,NA
"4175",2005-03-29,NA,NA,NA,NA,NA
"4176",2005-03-30,NA,NA,NA,NA,NA
"4177",2005-03-31,NA,NA,NA,NA,NA
"4178",2005-04-01,NA,NA,NA,NA,NA
"4179",2005-04-04,NA,NA,NA,NA,NA
"4180",2005-04-06,NA,NA,NA,NA,NA
"4181",2005-04-07,NA,NA,NA,NA,NA
"4182",2005-04-08,NA,NA,NA,NA,NA
"4183",2005-04-11,NA,NA,NA,NA,NA
"4184",2005-04-12,NA,NA,NA,NA,NA
"4185",2005-04-13,NA,NA,NA,NA,NA
"4186",2005-04-14,NA,NA,NA,NA,NA
"4187",2005-04-15,NA,NA,NA,NA,NA
"4188",2005-04-18,NA,NA,NA,NA,NA
"4189",2005-04-19,NA,NA,NA,NA,NA
"4190",2005-04-20,NA,NA,NA,NA,NA
"4191",2005-04-21,NA,NA,NA,NA,NA
"4192",2005-04-22,NA,NA,NA,NA,NA
"4193",2005-04-25,NA,NA,NA,NA,NA
"4194",2005-04-26,NA,NA,NA,NA,NA
"4195",2005-04-27,NA,NA,NA,NA,NA
"4196",2005-04-28,NA,NA,NA,NA,NA
"4197",2005-04-29,NA,NA,NA,NA,NA
"4198",2005-05-02,NA,NA,NA,NA,NA
"4199",2005-05-03,NA,NA,NA,NA,NA
"4200",2005-05-04,NA,NA,NA,NA,NA
"4201",2005-05-06,NA,NA,NA,NA,NA
"4202",2005-05-09,NA,NA,NA,NA,NA
"4203",2005-05-10,NA,NA,NA,NA,NA
"4204",2005-05-11,NA,NA,NA,NA,NA
"4205",2005-05-12,NA,NA,NA,NA,NA
"4206",2005-05-13,NA,NA,NA,NA,NA
"4207",2005-05-16,NA,NA,NA,NA,NA
"4208",2005-05-17,NA,NA,NA,NA,NA
"4209",2005-05-18,NA,NA,NA,NA,NA
"4210",2005-05-19,NA,NA,NA,NA,NA
"4211",2005-05-20,NA,NA,NA,NA,NA
"4212",2005-05-23,NA,NA,NA,NA,NA
"4213",2005-05-24,NA,NA,NA,NA,NA
"4214",2005-05-25,NA,NA,NA,NA,NA
"4215",2005-05-26,NA,NA,NA,NA,NA
"4216",2005-05-27,NA,NA,NA,NA,NA
"4217",2005-05-30,NA,NA,NA,NA,NA
"4218",2005-05-31,NA,NA,NA,NA,NA
"4219",2005-06-01,NA,NA,NA,NA,NA
"4220",2005-06-02,NA,NA,NA,NA,NA
"4221",2005-06-03,NA,NA,NA,NA,NA
"4222",2005-06-07,NA,NA,NA,NA,NA
"4223",2005-06-08,NA,NA,NA,NA,NA
"4224",2005-06-09,NA,NA,NA,NA,NA
"4225",2005-06-10,NA,NA,NA,NA,NA
"4226",2005-06-13,NA,NA,NA,NA,NA
"4227",2005-06-14,NA,NA,NA,NA,NA
"4228",2005-06-15,NA,NA,NA,NA,NA
"4229",2005-06-16,NA,NA,NA,NA,NA
"4230",2005-06-17,NA,NA,NA,NA,NA
"4231",2005-06-20,NA,NA,NA,NA,NA
"4232",2005-06-21,NA,NA,NA,NA,NA
"4233",2005-06-22,NA,NA,NA,NA,NA
"4234",2005-06-23,NA,NA,NA,NA,NA
"4235",2005-06-24,NA,NA,NA,NA,NA
"4236",2005-06-27,NA,NA,NA,NA,NA
"4237",2005-06-28,NA,NA,NA,NA,NA
"4238",2005-06-29,NA,NA,NA,NA,NA
"4239",2005-06-30,NA,NA,NA,NA,NA
"4240",2005-07-01,NA,NA,NA,NA,NA
"4241",2005-07-04,NA,NA,NA,NA,NA
"4242",2005-07-05,NA,NA,NA,NA,NA
"4243",2005-07-06,NA,NA,NA,NA,NA
"4244",2005-07-07,NA,NA,NA,NA,NA
"4245",2005-07-08,NA,NA,NA,NA,NA
"4246",2005-07-11,NA,NA,NA,NA,NA
"4247",2005-07-12,NA,NA,NA,NA,NA
"4248",2005-07-13,NA,NA,NA,NA,NA
"4249",2005-07-14,NA,NA,NA,NA,NA
"4250",2005-07-15,NA,NA,NA,NA,NA
"4251",2005-07-18,NA,NA,NA,NA,NA
"4252",2005-07-19,NA,NA,NA,NA,NA
"4253",2005-07-20,NA,NA,NA,NA,NA
"4254",2005-07-21,NA,NA,NA,NA,NA
"4255",2005-07-22,NA,NA,NA,NA,NA
"4256",2005-07-25,NA,NA,NA,NA,NA
"4257",2005-07-26,NA,NA,NA,NA,NA
"4258",2005-07-27,NA,NA,NA,NA,NA
"4259",2005-07-28,NA,NA,NA,NA,NA
"4260",2005-07-29,NA,NA,NA,NA,NA
"4261",2005-08-01,NA,NA,NA,NA,NA
"4262",2005-08-02,NA,NA,NA,NA,NA
"4263",2005-08-03,NA,NA,NA,NA,NA
"4264",2005-08-04,NA,NA,NA,NA,NA
"4265",2005-08-05,NA,NA,NA,NA,NA
"4266",2005-08-08,NA,NA,NA,NA,NA
"4267",2005-08-09,NA,NA,NA,NA,NA
"4268",2005-08-10,NA,NA,NA,NA,NA
"4269",2005-08-11,NA,NA,NA,NA,NA
"4270",2005-08-12,NA,NA,NA,NA,NA
"4271",2005-08-16,NA,NA,NA,NA,NA
"4272",2005-08-17,NA,NA,NA,NA,NA
"4273",2005-08-18,NA,NA,NA,NA,NA
"4274",2005-08-19,NA,NA,NA,NA,NA
"4275",2005-08-22,NA,NA,NA,NA,NA
"4276",2005-08-23,NA,NA,NA,NA,NA
"4277",2005-08-24,NA,NA,NA,NA,NA
"4278",2005-08-25,NA,NA,NA,NA,NA
"4279",2005-08-26,NA,NA,NA,NA,NA
"4280",2005-08-29,NA,NA,NA,NA,NA
"4281",2005-08-30,NA,NA,NA,NA,NA
"4282",2005-08-31,NA,NA,NA,NA,NA
"4283",2005-09-01,NA,NA,NA,NA,NA
"4284",2005-09-02,NA,NA,NA,NA,NA
"4285",2005-09-05,NA,NA,NA,NA,NA
"4286",2005-09-06,NA,NA,NA,NA,NA
"4287",2005-09-07,NA,NA,NA,NA,NA
"4288",2005-09-08,NA,NA,NA,NA,NA
"4289",2005-09-09,NA,NA,NA,NA,NA
"4290",2005-09-12,NA,NA,NA,NA,NA
"4291",2005-09-13,NA,NA,NA,NA,NA
"4292",2005-09-14,NA,NA,NA,NA,NA
"4293",2005-09-15,NA,NA,NA,NA,NA
"4294",2005-09-16,NA,NA,NA,NA,NA
"4295",2005-09-20,NA,NA,NA,NA,NA
"4296",2005-09-21,NA,NA,NA,NA,NA
"4297",2005-09-22,NA,NA,NA,NA,NA
"4298",2005-09-23,NA,NA,NA,NA,NA
"4299",2005-09-26,NA,NA,NA,NA,NA
"4300",2005-09-27,NA,NA,NA,NA,NA
"4301",2005-09-28,NA,NA,NA,NA,NA
"4302",2005-09-29,NA,NA,NA,NA,NA
"4303",2005-09-30,NA,NA,NA,NA,NA
"4304",2005-10-04,NA,NA,NA,NA,NA
"4305",2005-10-05,NA,NA,NA,NA,NA
"4306",2005-10-06,NA,NA,NA,NA,NA
"4307",2005-10-07,NA,NA,NA,NA,NA
"4308",2005-10-10,NA,NA,NA,NA,NA
"4309",2005-10-11,NA,NA,NA,NA,NA
"4310",2005-10-12,NA,NA,NA,NA,NA
"4311",2005-10-13,NA,NA,NA,NA,NA
"4312",2005-10-14,NA,NA,NA,NA,NA
"4313",2005-10-17,NA,NA,NA,NA,NA
"4314",2005-10-18,NA,NA,NA,NA,NA
"4315",2005-10-19,NA,NA,NA,NA,NA
"4316",2005-10-20,NA,NA,NA,NA,NA
"4317",2005-10-21,NA,NA,NA,NA,NA
"4318",2005-10-24,NA,NA,NA,NA,NA
"4319",2005-10-25,NA,NA,NA,NA,NA
"4320",2005-10-26,NA,NA,NA,NA,NA
"4321",2005-10-27,NA,NA,NA,NA,NA
"4322",2005-10-28,NA,NA,NA,NA,NA
"4323",2005-10-31,NA,NA,NA,NA,NA
"4324",2005-11-01,NA,NA,NA,NA,NA
"4325",2005-11-02,NA,NA,NA,NA,NA
"4326",2005-11-03,NA,NA,NA,NA,NA
"4327",2005-11-04,NA,NA,NA,NA,NA
"4328",2005-11-07,NA,NA,NA,NA,NA
"4329",2005-11-08,NA,NA,NA,NA,NA
"4330",2005-11-09,NA,NA,NA,NA,NA
"4331",2005-11-10,NA,NA,NA,NA,NA
"4332",2005-11-11,NA,NA,NA,NA,NA
"4333",2005-11-14,NA,NA,NA,NA,NA
"4334",2005-11-15,NA,NA,NA,NA,NA
"4335",2005-11-16,NA,NA,NA,NA,NA
"4336",2005-11-17,NA,NA,NA,NA,NA
"4337",2005-11-18,NA,NA,NA,NA,NA
"4338",2005-11-21,NA,NA,NA,NA,NA
"4339",2005-11-22,NA,NA,NA,NA,NA
"4340",2005-11-23,NA,NA,NA,NA,NA
"4341",2005-11-24,NA,NA,NA,NA,NA
"4342",2005-11-25,NA,NA,NA,NA,NA
"4343",2005-11-28,NA,NA,NA,NA,NA
"4344",2005-11-29,NA,NA,NA,NA,NA
"4345",2005-11-30,NA,NA,NA,NA,NA
"4346",2005-12-01,NA,NA,NA,NA,NA
"4347",2005-12-02,NA,NA,NA,NA,NA
"4348",2005-12-05,NA,NA,NA,NA,NA
"4349",2005-12-06,NA,NA,NA,NA,NA
"4350",2005-12-07,NA,NA,NA,NA,NA
"4351",2005-12-08,NA,NA,NA,NA,NA
"4352",2005-12-09,NA,NA,NA,NA,NA
"4353",2005-12-12,NA,NA,NA,NA,NA
"4354",2005-12-13,NA,NA,NA,NA,NA
"4355",2005-12-14,NA,NA,NA,NA,NA
"4356",2005-12-15,NA,NA,NA,NA,NA
"4357",2005-12-16,NA,NA,NA,NA,NA
"4358",2005-12-19,NA,NA,NA,NA,NA
"4359",2005-12-20,NA,NA,NA,NA,NA
"4360",2005-12-21,NA,NA,NA,NA,NA
"4361",2005-12-22,NA,NA,NA,NA,NA
"4362",2005-12-23,NA,NA,NA,NA,NA
"4363",2005-12-26,NA,NA,NA,NA,NA
"4364",2005-12-27,NA,NA,NA,NA,NA
"4365",2005-12-28,NA,NA,NA,NA,NA
"4366",2005-12-29,NA,NA,NA,NA,NA
"4367",2006-01-02,NA,NA,NA,NA,NA
"4368",2006-01-03,NA,NA,NA,NA,NA
"4369",2006-01-04,NA,NA,NA,NA,NA
"4370",2006-01-05,NA,NA,NA,NA,NA
"4371",2006-01-06,NA,NA,NA,NA,NA
"4372",2006-01-09,NA,NA,NA,NA,NA
"4373",2006-01-10,NA,NA,NA,NA,NA
"4374",2006-01-11,NA,NA,NA,NA,NA
"4375",2006-01-12,NA,NA,NA,NA,NA
"4376",2006-01-13,NA,NA,NA,NA,NA
"4377",2006-01-16,NA,NA,NA,NA,NA
"4378",2006-01-17,NA,NA,NA,NA,NA
"4379",2006-01-18,NA,NA,NA,NA,NA
"4380",2006-01-19,NA,NA,NA,NA,NA
"4381",2006-01-20,NA,NA,NA,NA,NA
"4382",2006-01-23,NA,NA,NA,NA,NA
"4383",2006-01-24,NA,NA,NA,NA,NA
"4384",2006-01-25,NA,NA,NA,NA,NA
"4385",2006-01-26,NA,NA,NA,NA,NA
"4386",2006-01-27,NA,NA,NA,NA,NA
"4387",2006-01-31,NA,NA,NA,NA,NA
"4388",2006-02-01,NA,NA,NA,NA,NA
"4389",2006-02-02,NA,NA,NA,NA,NA
"4390",2006-02-03,NA,NA,NA,NA,NA
"4391",2006-02-06,NA,NA,NA,NA,NA
"4392",2006-02-07,NA,NA,NA,NA,NA
"4393",2006-02-08,NA,NA,NA,NA,NA
"4394",2006-02-09,NA,NA,NA,NA,NA
"4395",2006-02-10,NA,NA,NA,NA,NA
"4396",2006-02-13,NA,NA,NA,NA,NA
"4397",2006-02-14,NA,NA,NA,NA,NA
"4398",2006-02-15,NA,NA,NA,NA,NA
"4399",2006-02-16,NA,NA,NA,NA,NA
"4400",2006-02-17,NA,NA,NA,NA,NA
"4401",2006-02-20,NA,NA,NA,NA,NA
"4402",2006-02-21,NA,NA,NA,NA,NA
"4403",2006-02-22,NA,NA,NA,NA,NA
"4404",2006-02-23,NA,NA,NA,NA,NA
"4405",2006-02-24,NA,NA,NA,NA,NA
"4406",2006-02-27,NA,NA,NA,NA,NA
"4407",2006-02-28,NA,NA,NA,NA,NA
"4408",2006-03-02,NA,NA,NA,NA,NA
"4409",2006-03-03,NA,NA,NA,NA,NA
"4410",2006-03-06,NA,NA,NA,NA,NA
"4411",2006-03-07,NA,NA,NA,NA,NA
"4412",2006-03-08,NA,NA,NA,NA,NA
"4413",2006-03-09,NA,NA,NA,NA,NA
"4414",2006-03-10,NA,NA,NA,NA,NA
"4415",2006-03-13,NA,NA,NA,NA,NA
"4416",2006-03-14,NA,NA,NA,NA,NA
"4417",2006-03-15,NA,NA,NA,NA,NA
"4418",2006-03-16,NA,NA,NA,NA,NA
"4419",2006-03-17,NA,NA,NA,NA,NA
"4420",2006-03-20,NA,NA,NA,NA,NA
"4421",2006-03-21,NA,NA,NA,NA,NA
"4422",2006-03-22,NA,NA,NA,NA,NA
"4423",2006-03-23,NA,NA,NA,NA,NA
"4424",2006-03-24,NA,NA,NA,NA,NA
"4425",2006-03-27,NA,NA,NA,NA,NA
"4426",2006-03-28,NA,NA,NA,NA,NA
"4427",2006-03-29,NA,NA,NA,NA,NA
"4428",2006-03-30,NA,NA,NA,NA,NA
"4429",2006-03-31,NA,NA,NA,NA,NA
"4430",2006-04-03,NA,NA,NA,NA,NA
"4431",2006-04-04,NA,NA,NA,NA,NA
"4432",2006-04-05,NA,NA,NA,NA,NA
"4433",2006-04-06,NA,NA,NA,NA,NA
"4434",2006-04-07,NA,NA,NA,NA,NA
"4435",2006-04-10,NA,NA,NA,NA,NA
"4436",2006-04-11,NA,NA,NA,NA,NA
"4437",2006-04-12,NA,NA,NA,NA,NA
"4438",2006-04-13,NA,NA,NA,NA,NA
"4439",2006-04-14,NA,NA,NA,NA,NA
"4440",2006-04-17,NA,NA,NA,NA,NA
"4441",2006-04-18,NA,NA,NA,NA,NA
"4442",2006-04-19,NA,NA,NA,NA,NA
"4443",2006-04-20,NA,NA,NA,NA,NA
"4444",2006-04-21,NA,NA,NA,NA,NA
"4445",2006-04-24,NA,NA,NA,NA,NA
"4446",2006-04-25,NA,NA,NA,NA,NA
"4447",2006-04-26,NA,NA,NA,NA,NA
"4448",2006-04-27,NA,NA,NA,NA,NA
"4449",2006-04-28,NA,NA,NA,NA,NA
"4450",2006-05-02,NA,NA,NA,NA,NA
"4451",2006-05-03,NA,NA,NA,NA,NA
"4452",2006-05-04,NA,NA,NA,NA,NA
"4453",2006-05-08,NA,NA,NA,NA,NA
"4454",2006-05-09,NA,NA,NA,NA,NA
"4455",2006-05-10,NA,NA,NA,NA,NA
"4456",2006-05-11,NA,NA,NA,NA,NA
"4457",2006-05-12,NA,NA,NA,NA,NA
"4458",2006-05-15,NA,NA,NA,NA,NA
"4459",2006-05-16,NA,NA,NA,NA,NA
"4460",2006-05-17,NA,NA,NA,NA,NA
"4461",2006-05-18,NA,NA,NA,NA,NA
"4462",2006-05-19,NA,NA,NA,NA,NA
"4463",2006-05-22,NA,NA,NA,NA,NA
"4464",2006-05-23,NA,NA,NA,NA,NA
"4465",2006-05-24,NA,NA,NA,NA,NA
"4466",2006-05-25,NA,NA,NA,NA,NA
"4467",2006-05-26,NA,NA,NA,NA,NA
"4468",2006-05-29,NA,NA,NA,NA,NA
"4469",2006-05-30,NA,NA,NA,NA,NA
"4470",2006-06-01,NA,NA,NA,NA,NA
"4471",2006-06-02,NA,NA,NA,NA,NA
"4472",2006-06-05,NA,NA,NA,NA,NA
"4473",2006-06-07,NA,NA,NA,NA,NA
"4474",2006-06-08,NA,NA,NA,NA,NA
"4475",2006-06-09,NA,NA,NA,NA,NA
"4476",2006-06-12,NA,NA,NA,NA,NA
"4477",2006-06-13,NA,NA,NA,NA,NA
"4478",2006-06-14,NA,NA,NA,NA,NA
"4479",2006-06-15,NA,NA,NA,NA,NA
"4480",2006-06-16,NA,NA,NA,NA,NA
"4481",2006-06-19,NA,NA,NA,NA,NA
"4482",2006-06-20,NA,NA,NA,NA,NA
"4483",2006-06-21,NA,NA,NA,NA,NA
"4484",2006-06-22,NA,NA,NA,NA,NA
"4485",2006-06-23,NA,NA,NA,NA,NA
"4486",2006-06-26,NA,NA,NA,NA,NA
"4487",2006-06-27,NA,NA,NA,NA,NA
"4488",2006-06-28,NA,NA,NA,NA,NA
"4489",2006-06-29,NA,NA,NA,NA,NA
"4490",2006-06-30,NA,NA,NA,NA,NA
"4491",2006-07-03,NA,NA,NA,NA,NA
"4492",2006-07-04,NA,NA,NA,NA,NA
"4493",2006-07-05,NA,NA,NA,NA,NA
"4494",2006-07-06,NA,NA,NA,NA,NA
"4495",2006-07-07,NA,NA,NA,NA,NA
"4496",2006-07-10,NA,NA,NA,NA,NA
"4497",2006-07-11,NA,NA,NA,NA,NA
"4498",2006-07-12,NA,NA,NA,NA,NA
"4499",2006-07-13,NA,NA,NA,NA,NA
"4500",2006-07-14,NA,NA,NA,NA,NA
"4501",2006-07-18,NA,NA,NA,NA,NA
"4502",2006-07-19,NA,NA,NA,NA,NA
"4503",2006-07-20,NA,NA,NA,NA,NA
"4504",2006-07-21,NA,NA,NA,NA,NA
"4505",2006-07-24,NA,NA,NA,NA,NA
"4506",2006-07-25,NA,NA,NA,NA,NA
"4507",2006-07-26,NA,NA,NA,NA,NA
"4508",2006-07-27,NA,NA,NA,NA,NA
"4509",2006-07-28,NA,NA,NA,NA,NA
"4510",2006-07-31,NA,NA,NA,NA,NA
"4511",2006-08-01,NA,NA,NA,NA,NA
"4512",2006-08-02,NA,NA,NA,NA,NA
"4513",2006-08-03,NA,NA,NA,NA,NA
"4514",2006-08-04,NA,NA,NA,NA,NA
"4515",2006-08-07,NA,NA,NA,NA,NA
"4516",2006-08-08,NA,NA,NA,NA,NA
"4517",2006-08-09,NA,NA,NA,NA,NA
"4518",2006-08-10,NA,NA,NA,NA,NA
"4519",2006-08-11,NA,NA,NA,NA,NA
"4520",2006-08-14,NA,NA,NA,NA,NA
"4521",2006-08-16,NA,NA,NA,NA,NA
"4522",2006-08-17,NA,NA,NA,NA,NA
"4523",2006-08-18,NA,NA,NA,NA,NA
"4524",2006-08-21,NA,NA,NA,NA,NA
"4525",2006-08-22,NA,NA,NA,NA,NA
"4526",2006-08-23,NA,NA,NA,NA,NA
"4527",2006-08-24,NA,NA,NA,NA,NA
"4528",2006-08-25,NA,NA,NA,NA,NA
"4529",2006-08-28,NA,NA,NA,NA,NA
"4530",2006-08-29,NA,NA,NA,NA,NA
"4531",2006-08-30,NA,NA,NA,NA,NA
"4532",2006-08-31,NA,NA,NA,NA,NA
"4533",2006-09-01,NA,NA,NA,NA,NA
"4534",2006-09-04,NA,NA,NA,NA,NA
"4535",2006-09-05,NA,NA,NA,NA,NA
"4536",2006-09-06,NA,NA,NA,NA,NA
"4537",2006-09-07,NA,NA,NA,NA,NA
"4538",2006-09-08,NA,NA,NA,NA,NA
"4539",2006-09-11,NA,NA,NA,NA,NA
"4540",2006-09-12,NA,NA,NA,NA,NA
"4541",2006-09-13,NA,NA,NA,NA,NA
"4542",2006-09-14,NA,NA,NA,NA,NA
"4543",2006-09-15,NA,NA,NA,NA,NA
"4544",2006-09-18,NA,NA,NA,NA,NA
"4545",2006-09-19,NA,NA,NA,NA,NA
"4546",2006-09-20,NA,NA,NA,NA,NA
"4547",2006-09-21,NA,NA,NA,NA,NA
"4548",2006-09-22,NA,NA,NA,NA,NA
"4549",2006-09-25,NA,NA,NA,NA,NA
"4550",2006-09-26,NA,NA,NA,NA,NA
"4551",2006-09-27,NA,NA,NA,NA,NA
"4552",2006-09-28,NA,NA,NA,NA,NA
"4553",2006-09-29,NA,NA,NA,NA,NA
"4554",2006-10-02,NA,NA,NA,NA,NA
"4555",2006-10-04,NA,NA,NA,NA,NA
"4556",2006-10-09,NA,NA,NA,NA,NA
"4557",2006-10-10,NA,NA,NA,NA,NA
"4558",2006-10-11,NA,NA,NA,NA,NA
"4559",2006-10-12,NA,NA,NA,NA,NA
"4560",2006-10-13,NA,NA,NA,NA,NA
"4561",2006-10-16,NA,NA,NA,NA,NA
"4562",2006-10-17,NA,NA,NA,NA,NA
"4563",2006-10-18,NA,NA,NA,NA,NA
"4564",2006-10-19,NA,NA,NA,NA,NA
"4565",2006-10-20,NA,NA,NA,NA,NA
"4566",2006-10-23,NA,NA,NA,NA,NA
"4567",2006-10-24,NA,NA,NA,NA,NA
"4568",2006-10-25,NA,NA,NA,NA,NA
"4569",2006-10-26,NA,NA,NA,NA,NA
"4570",2006-10-27,NA,NA,NA,NA,NA
"4571",2006-10-30,NA,NA,NA,NA,NA
"4572",2006-10-31,NA,NA,NA,NA,NA
"4573",2006-11-01,NA,NA,NA,NA,NA
"4574",2006-11-02,NA,NA,NA,NA,NA
"4575",2006-11-03,NA,NA,NA,NA,NA
"4576",2006-11-06,NA,NA,NA,NA,NA
"4577",2006-11-07,NA,NA,NA,NA,NA
"4578",2006-11-08,NA,NA,NA,NA,NA
"4579",2006-11-09,NA,NA,NA,NA,NA
"4580",2006-11-10,NA,NA,NA,NA,NA
"4581",2006-11-13,NA,NA,NA,NA,NA
"4582",2006-11-14,NA,NA,NA,NA,NA
"4583",2006-11-15,NA,NA,NA,NA,NA
"4584",2006-11-16,NA,NA,NA,NA,NA
"4585",2006-11-17,NA,NA,NA,NA,NA
"4586",2006-11-20,NA,NA,NA,NA,NA
"4587",2006-11-21,NA,NA,NA,NA,NA
"4588",2006-11-22,NA,NA,NA,NA,NA
"4589",2006-11-23,NA,NA,NA,NA,NA
"4590",2006-11-24,NA,NA,NA,NA,NA
"4591",2006-11-27,NA,NA,NA,NA,NA
"4592",2006-11-28,NA,NA,NA,NA,NA
"4593",2006-11-29,NA,NA,NA,NA,NA
"4594",2006-11-30,NA,NA,NA,NA,NA
"4595",2006-12-01,NA,NA,NA,NA,NA
"4596",2006-12-04,NA,NA,NA,NA,NA
"4597",2006-12-05,NA,NA,NA,NA,NA
"4598",2006-12-06,NA,NA,NA,NA,NA
"4599",2006-12-07,NA,NA,NA,NA,NA
"4600",2006-12-08,NA,NA,NA,NA,NA
"4601",2006-12-11,NA,NA,NA,NA,NA
"4602",2006-12-12,NA,NA,NA,NA,NA
"4603",2006-12-13,NA,NA,NA,NA,NA
"4604",2006-12-14,NA,NA,NA,NA,NA
"4605",2006-12-15,NA,NA,NA,NA,NA
"4606",2006-12-18,NA,NA,NA,NA,NA
"4607",2006-12-19,NA,NA,NA,NA,NA
"4608",2006-12-20,NA,NA,NA,NA,NA
"4609",2006-12-21,NA,NA,NA,NA,NA
"4610",2006-12-22,NA,NA,NA,NA,NA
"4611",2006-12-26,NA,NA,NA,NA,NA
"4612",2006-12-27,NA,NA,NA,NA,NA
"4613",2006-12-28,NA,NA,NA,NA,NA
"4614",2007-01-02,NA,NA,NA,NA,NA
"4615",2007-01-03,NA,NA,NA,NA,NA
"4616",2007-01-04,NA,NA,NA,NA,NA
"4617",2007-01-05,NA,NA,NA,NA,NA
"4618",2007-01-08,NA,NA,NA,NA,NA
"4619",2007-01-09,NA,NA,NA,NA,NA
"4620",2007-01-10,NA,NA,NA,NA,NA
"4621",2007-01-11,NA,NA,NA,NA,NA
"4622",2007-01-12,NA,NA,NA,NA,NA
"4623",2007-01-15,NA,NA,NA,NA,NA
"4624",2007-01-16,NA,NA,NA,NA,NA
"4625",2007-01-17,NA,NA,NA,NA,NA
"4626",2007-01-18,NA,NA,NA,NA,NA
"4627",2007-01-19,NA,NA,NA,NA,NA
"4628",2007-01-22,NA,NA,NA,NA,NA
"4629",2007-01-23,NA,NA,NA,NA,NA
"4630",2007-01-24,NA,NA,NA,NA,NA
"4631",2007-01-25,NA,NA,NA,NA,NA
"4632",2007-01-26,NA,NA,NA,NA,NA
"4633",2007-01-29,NA,NA,NA,NA,NA
"4634",2007-01-30,NA,NA,NA,NA,NA
"4635",2007-01-31,NA,NA,NA,NA,NA
"4636",2007-02-01,NA,NA,NA,NA,NA
"4637",2007-02-02,NA,NA,NA,NA,NA
"4638",2007-02-05,NA,NA,NA,NA,NA
"4639",2007-02-06,NA,NA,NA,NA,NA
"4640",2007-02-07,NA,NA,NA,NA,NA
"4641",2007-02-08,NA,NA,NA,NA,NA
"4642",2007-02-09,NA,NA,NA,NA,NA
"4643",2007-02-12,NA,NA,NA,NA,NA
"4644",2007-02-13,NA,NA,NA,NA,NA
"4645",2007-02-14,NA,NA,NA,NA,NA
"4646",2007-02-15,NA,NA,NA,NA,NA
"4647",2007-02-16,NA,NA,NA,NA,NA
"4648",2007-02-20,NA,NA,NA,NA,NA
"4649",2007-02-21,NA,NA,NA,NA,NA
"4650",2007-02-22,NA,NA,NA,NA,NA
"4651",2007-02-23,NA,NA,NA,NA,NA
"4652",2007-02-26,NA,NA,NA,NA,NA
"4653",2007-02-27,NA,NA,NA,NA,NA
"4654",2007-02-28,NA,NA,NA,NA,NA
"4655",2007-03-02,NA,NA,NA,NA,NA
"4656",2007-03-05,NA,NA,NA,NA,NA
"4657",2007-03-06,NA,NA,NA,NA,NA
"4658",2007-03-07,NA,NA,NA,NA,NA
"4659",2007-03-08,NA,NA,NA,NA,NA
"4660",2007-03-09,NA,NA,NA,NA,NA
"4661",2007-03-12,NA,NA,NA,NA,NA
"4662",2007-03-13,NA,NA,NA,NA,NA
"4663",2007-03-14,NA,NA,NA,NA,NA
"4664",2007-03-15,NA,NA,NA,NA,NA
"4665",2007-03-16,NA,NA,NA,NA,NA
"4666",2007-03-19,NA,NA,NA,NA,NA
"4667",2007-03-20,NA,NA,NA,NA,NA
"4668",2007-03-21,NA,NA,NA,NA,NA
"4669",2007-03-22,NA,NA,NA,NA,NA
"4670",2007-03-23,NA,NA,NA,NA,NA
"4671",2007-03-26,NA,NA,NA,NA,NA
"4672",2007-03-27,NA,NA,NA,NA,NA
"4673",2007-03-28,NA,NA,NA,NA,NA
"4674",2007-03-29,NA,NA,NA,NA,NA
"4675",2007-03-30,NA,NA,NA,NA,NA
"4676",2007-04-02,NA,NA,NA,NA,NA
"4677",2007-04-03,NA,NA,NA,NA,NA
"4678",2007-04-04,NA,NA,NA,NA,NA
"4679",2007-04-05,NA,NA,NA,NA,NA
"4680",2007-04-06,NA,NA,NA,NA,NA
"4681",2007-04-09,NA,NA,NA,NA,NA
"4682",2007-04-10,NA,NA,NA,NA,NA
"4683",2007-04-11,NA,NA,NA,NA,NA
"4684",2007-04-12,NA,NA,NA,NA,NA
"4685",2007-04-13,NA,NA,NA,NA,NA
"4686",2007-04-16,NA,NA,NA,NA,NA
"4687",2007-04-17,NA,NA,NA,NA,NA
"4688",2007-04-18,NA,NA,NA,NA,NA
"4689",2007-04-19,NA,NA,NA,NA,NA
"4690",2007-04-20,NA,NA,NA,NA,NA
"4691",2007-04-23,NA,NA,NA,NA,NA
"4692",2007-04-24,NA,NA,NA,NA,NA
"4693",2007-04-25,NA,NA,NA,NA,NA
"4694",2007-04-26,NA,NA,NA,NA,NA
"4695",2007-04-27,NA,NA,NA,NA,NA
"4696",2007-04-30,NA,NA,NA,NA,NA
"4697",2007-05-02,NA,NA,NA,NA,NA
"4698",2007-05-03,NA,NA,NA,NA,NA
"4699",2007-05-04,NA,NA,NA,NA,NA
"4700",2007-05-07,NA,NA,NA,NA,NA
"4701",2007-05-08,NA,NA,NA,NA,NA
"4702",2007-05-09,NA,NA,NA,NA,NA
"4703",2007-05-10,NA,NA,NA,NA,NA
"4704",2007-05-11,NA,NA,NA,NA,NA
"4705",2007-05-14,NA,NA,NA,NA,NA
"4706",2007-05-15,NA,NA,NA,NA,NA
"4707",2007-05-16,NA,NA,NA,NA,NA
"4708",2007-05-17,NA,NA,NA,NA,NA
"4709",2007-05-18,NA,NA,NA,NA,NA
"4710",2007-05-21,NA,NA,NA,NA,NA
"4711",2007-05-22,NA,NA,NA,NA,NA
"4712",2007-05-23,NA,NA,NA,NA,NA
"4713",2007-05-25,NA,NA,NA,NA,NA
"4714",2007-05-28,NA,NA,NA,NA,NA
"4715",2007-05-29,NA,NA,NA,NA,NA
"4716",2007-05-30,NA,NA,NA,NA,NA
"4717",2007-05-31,NA,NA,NA,NA,NA
"4718",2007-06-01,NA,NA,NA,NA,NA
"4719",2007-06-04,NA,NA,NA,NA,NA
"4720",2007-06-05,NA,NA,NA,NA,NA
"4721",2007-06-07,NA,NA,NA,NA,NA
"4722",2007-06-08,NA,NA,NA,NA,NA
"4723",2007-06-11,NA,NA,NA,NA,NA
"4724",2007-06-12,NA,NA,NA,NA,NA
"4725",2007-06-13,NA,NA,NA,NA,NA
"4726",2007-06-14,NA,NA,NA,NA,NA
"4727",2007-06-15,NA,NA,NA,NA,NA
"4728",2007-06-18,NA,NA,NA,NA,NA
"4729",2007-06-19,NA,NA,NA,NA,NA
"4730",2007-06-20,NA,NA,NA,NA,NA
"4731",2007-06-21,NA,NA,NA,NA,NA
"4732",2007-06-22,NA,NA,NA,NA,NA
"4733",2007-06-25,NA,NA,NA,NA,NA
"4734",2007-06-26,NA,NA,NA,NA,NA
"4735",2007-06-27,NA,NA,NA,NA,NA
"4736",2007-06-28,NA,NA,NA,NA,NA
"4737",2007-06-29,NA,NA,NA,NA,NA
"4738",2007-07-02,NA,NA,NA,NA,NA
"4739",2007-07-03,NA,NA,NA,NA,NA
"4740",2007-07-04,NA,NA,NA,NA,NA
"4741",2007-07-05,NA,NA,NA,NA,NA
"4742",2007-07-06,NA,NA,NA,NA,NA
"4743",2007-07-09,NA,NA,NA,NA,NA
"4744",2007-07-10,NA,NA,NA,NA,NA
"4745",2007-07-11,NA,NA,NA,NA,NA
"4746",2007-07-12,NA,NA,NA,NA,NA
"4747",2007-07-13,NA,NA,NA,NA,NA
"4748",2007-07-16,NA,NA,NA,NA,NA
"4749",2007-07-18,NA,NA,NA,NA,NA
"4750",2007-07-19,NA,NA,NA,NA,NA
"4751",2007-07-20,NA,NA,NA,NA,NA
"4752",2007-07-23,NA,NA,NA,NA,NA
"4753",2007-07-24,NA,NA,NA,NA,NA
"4754",2007-07-25,NA,NA,NA,NA,NA
"4755",2007-07-26,NA,NA,NA,NA,NA
"4756",2007-07-27,NA,NA,NA,NA,NA
"4757",2007-07-30,NA,NA,NA,NA,NA
"4758",2007-07-31,NA,NA,NA,NA,NA
"4759",2007-08-01,NA,NA,NA,NA,NA
"4760",2007-08-02,NA,NA,NA,NA,NA
"4761",2007-08-03,NA,NA,NA,NA,NA
"4762",2007-08-06,NA,NA,NA,NA,NA
"4763",2007-08-07,NA,NA,NA,NA,NA
"4764",2007-08-08,NA,NA,NA,NA,NA
"4765",2007-08-09,NA,NA,NA,NA,NA
"4766",2007-08-10,NA,NA,NA,NA,NA
"4767",2007-08-13,NA,NA,NA,NA,NA
"4768",2007-08-14,NA,NA,NA,NA,NA
"4769",2007-08-16,NA,NA,NA,NA,NA
"4770",2007-08-17,NA,NA,NA,NA,NA
"4771",2007-08-20,NA,NA,NA,NA,NA
"4772",2007-08-21,NA,NA,NA,NA,NA
"4773",2007-08-22,NA,NA,NA,NA,NA
"4774",2007-08-23,NA,NA,NA,NA,NA
"4775",2007-08-24,NA,NA,NA,NA,NA
"4776",2007-08-27,NA,NA,NA,NA,NA
"4777",2007-08-28,NA,NA,NA,NA,NA
"4778",2007-08-29,NA,NA,NA,NA,NA
"4779",2007-08-30,NA,NA,NA,NA,NA
"4780",2007-08-31,NA,NA,NA,NA,NA
"4781",2007-09-03,NA,NA,NA,NA,NA
"4782",2007-09-04,NA,NA,NA,NA,NA
"4783",2007-09-05,NA,NA,NA,NA,NA
"4784",2007-09-06,NA,NA,NA,NA,NA
"4785",2007-09-07,NA,NA,NA,NA,NA
"4786",2007-09-10,NA,NA,NA,NA,NA
"4787",2007-09-11,NA,NA,NA,NA,NA
"4788",2007-09-12,NA,NA,NA,NA,NA
"4789",2007-09-13,NA,NA,NA,NA,NA
"4790",2007-09-14,NA,NA,NA,NA,NA
"4791",2007-09-17,NA,NA,NA,NA,NA
"4792",2007-09-18,NA,NA,NA,NA,NA
"4793",2007-09-19,NA,NA,NA,NA,NA
"4794",2007-09-20,NA,NA,NA,NA,NA
"4795",2007-09-21,NA,NA,NA,NA,NA
"4796",2007-09-27,NA,NA,NA,NA,NA
"4797",2007-09-28,NA,NA,NA,NA,NA
"4798",2007-10-01,NA,NA,NA,NA,NA
"4799",2007-10-02,NA,NA,NA,NA,NA
"4800",2007-10-04,NA,NA,NA,NA,NA
"4801",2007-10-05,NA,NA,NA,NA,NA
"4802",2007-10-08,NA,NA,NA,NA,NA
"4803",2007-10-09,NA,NA,NA,NA,NA
"4804",2007-10-10,NA,NA,NA,NA,NA
"4805",2007-10-11,NA,NA,NA,NA,NA
"4806",2007-10-12,NA,NA,NA,NA,NA
"4807",2007-10-15,NA,NA,NA,NA,NA
"4808",2007-10-16,NA,NA,NA,NA,NA
"4809",2007-10-17,NA,NA,NA,NA,NA
"4810",2007-10-18,NA,NA,NA,NA,NA
"4811",2007-10-19,NA,NA,NA,NA,NA
"4812",2007-10-22,NA,NA,NA,NA,NA
"4813",2007-10-23,NA,NA,NA,NA,NA
"4814",2007-10-24,NA,NA,NA,NA,NA
"4815",2007-10-25,NA,NA,NA,NA,NA
"4816",2007-10-26,NA,NA,NA,NA,NA
"4817",2007-10-29,NA,NA,NA,NA,NA
"4818",2007-10-30,NA,NA,NA,NA,NA
"4819",2007-10-31,NA,NA,NA,NA,NA
"4820",2007-11-01,NA,NA,NA,NA,NA
"4821",2007-11-02,NA,NA,NA,NA,NA
"4822",2007-11-05,NA,NA,NA,NA,NA
"4823",2007-11-06,NA,NA,NA,NA,NA
"4824",2007-11-07,NA,NA,NA,NA,NA
"4825",2007-11-08,NA,NA,NA,NA,NA
"4826",2007-11-09,NA,NA,NA,NA,NA
"4827",2007-11-12,NA,NA,NA,NA,NA
"4828",2007-11-13,NA,NA,NA,NA,NA
"4829",2007-11-14,NA,NA,NA,NA,NA
"4830",2007-11-15,NA,NA,NA,NA,NA
"4831",2007-11-16,NA,NA,NA,NA,NA
"4832",2007-11-19,NA,NA,NA,NA,NA
"4833",2007-11-20,NA,NA,NA,NA,NA
"4834",2007-11-21,NA,NA,NA,NA,NA
"4835",2007-11-22,NA,NA,NA,NA,NA
"4836",2007-11-23,NA,NA,NA,NA,NA
"4837",2007-11-26,NA,NA,NA,NA,NA
"4838",2007-11-27,NA,NA,NA,NA,NA
"4839",2007-11-28,NA,NA,NA,NA,NA
"4840",2007-11-29,NA,NA,NA,NA,NA
"4841",2007-11-30,NA,NA,NA,NA,NA
"4842",2007-12-03,NA,NA,NA,NA,NA
"4843",2007-12-04,NA,NA,NA,NA,NA
"4844",2007-12-05,NA,NA,NA,NA,NA
"4845",2007-12-06,NA,NA,NA,NA,NA
"4846",2007-12-07,NA,NA,NA,NA,NA
"4847",2007-12-10,NA,NA,NA,NA,NA
"4848",2007-12-11,NA,NA,NA,NA,NA
"4849",2007-12-12,NA,NA,NA,NA,NA
"4850",2007-12-13,NA,NA,NA,NA,NA
"4851",2007-12-14,NA,NA,NA,NA,NA
"4852",2007-12-17,NA,NA,NA,NA,NA
"4853",2007-12-18,NA,NA,NA,NA,NA
"4854",2007-12-20,NA,NA,NA,NA,NA
"4855",2007-12-21,NA,NA,NA,NA,NA
"4856",2007-12-24,NA,NA,NA,NA,NA
"4857",2007-12-26,NA,NA,NA,NA,NA
"4858",2007-12-27,NA,NA,NA,NA,NA
"4859",2007-12-28,NA,NA,NA,NA,NA
"4860",2008-01-02,NA,NA,NA,NA,NA
"4861",2008-01-03,NA,NA,NA,NA,NA
"4862",2008-01-04,NA,NA,NA,NA,NA
"4863",2008-01-07,NA,NA,NA,NA,NA
"4864",2008-01-08,NA,NA,NA,NA,NA
"4865",2008-01-09,NA,NA,NA,NA,NA
"4866",2008-01-10,NA,NA,NA,NA,NA
"4867",2008-01-11,NA,NA,NA,NA,NA
"4868",2008-01-14,NA,NA,NA,NA,NA
"4869",2008-01-15,NA,NA,NA,NA,NA
"4870",2008-01-16,NA,NA,NA,NA,NA
"4871",2008-01-17,NA,NA,NA,NA,NA
"4872",2008-01-18,NA,NA,NA,NA,NA
"4873",2008-01-21,NA,NA,NA,NA,NA
"4874",2008-01-22,NA,NA,NA,NA,NA
"4875",2008-01-23,NA,NA,NA,NA,NA
"4876",2008-01-24,NA,NA,NA,NA,NA
"4877",2008-01-25,NA,NA,NA,NA,NA
"4878",2008-01-28,NA,NA,NA,NA,NA
"4879",2008-01-29,NA,NA,NA,NA,NA
"4880",2008-01-30,NA,NA,NA,NA,NA
"4881",2008-01-31,NA,NA,NA,NA,NA
"4882",2008-02-01,NA,NA,NA,NA,NA
"4883",2008-02-04,NA,NA,NA,NA,NA
"4884",2008-02-05,NA,NA,NA,NA,NA
"4885",2008-02-11,NA,NA,NA,NA,NA
"4886",2008-02-12,NA,NA,NA,NA,NA
"4887",2008-02-13,NA,NA,NA,NA,NA
"4888",2008-02-14,NA,NA,NA,NA,NA
"4889",2008-02-15,NA,NA,NA,NA,NA
"4890",2008-02-18,NA,NA,NA,NA,NA
"4891",2008-02-19,NA,NA,NA,NA,NA
"4892",2008-02-20,NA,NA,NA,NA,NA
"4893",2008-02-21,NA,NA,NA,NA,NA
"4894",2008-02-22,NA,NA,NA,NA,NA
"4895",2008-02-25,NA,NA,NA,NA,NA
"4896",2008-02-26,NA,NA,NA,NA,NA
"4897",2008-02-27,NA,NA,NA,NA,NA
"4898",2008-02-28,NA,NA,NA,NA,NA
"4899",2008-02-29,NA,NA,NA,NA,NA
"4900",2008-03-03,NA,NA,NA,NA,NA
"4901",2008-03-04,NA,NA,NA,NA,NA
"4902",2008-03-05,NA,NA,NA,NA,NA
"4903",2008-03-06,NA,NA,NA,NA,NA
"4904",2008-03-07,NA,NA,NA,NA,NA
"4905",2008-03-10,NA,NA,NA,NA,NA
"4906",2008-03-11,NA,NA,NA,NA,NA
"4907",2008-03-12,NA,NA,NA,NA,NA
"4908",2008-03-13,NA,NA,NA,NA,NA
"4909",2008-03-14,NA,NA,NA,NA,NA
"4910",2008-03-17,NA,NA,NA,NA,NA
"4911",2008-03-18,NA,NA,NA,NA,NA
"4912",2008-03-19,NA,NA,NA,NA,NA
"4913",2008-03-20,NA,NA,NA,NA,NA
"4914",2008-03-21,NA,NA,NA,NA,NA
"4915",2008-03-24,NA,NA,NA,NA,NA
"4916",2008-03-25,NA,NA,NA,NA,NA
"4917",2008-03-26,NA,NA,NA,NA,NA
"4918",2008-03-27,NA,NA,NA,NA,NA
"4919",2008-03-28,NA,NA,NA,NA,NA
"4920",2008-03-31,NA,NA,NA,NA,NA
"4921",2008-04-01,NA,NA,NA,NA,NA
"4922",2008-04-02,NA,NA,NA,NA,NA
"4923",2008-04-03,NA,NA,NA,NA,NA
"4924",2008-04-04,NA,NA,NA,NA,NA
"4925",2008-04-07,NA,NA,NA,NA,NA
"4926",2008-04-08,NA,NA,NA,NA,NA
"4927",2008-04-10,NA,NA,NA,NA,NA
"4928",2008-04-11,NA,NA,NA,NA,NA
"4929",2008-04-14,NA,NA,NA,NA,NA
"4930",2008-04-15,NA,NA,NA,NA,NA
"4931",2008-04-16,NA,NA,NA,NA,NA
"4932",2008-04-17,NA,NA,NA,NA,NA
"4933",2008-04-18,NA,NA,NA,NA,NA
"4934",2008-04-21,NA,NA,NA,NA,NA
"4935",2008-04-22,NA,NA,NA,NA,NA
"4936",2008-04-23,NA,NA,NA,NA,NA
"4937",2008-04-24,NA,NA,NA,NA,NA
"4938",2008-04-25,NA,NA,NA,NA,NA
"4939",2008-04-28,NA,NA,NA,NA,NA
"4940",2008-04-29,NA,NA,NA,NA,NA
"4941",2008-04-30,NA,NA,NA,NA,NA
"4942",2008-05-02,NA,NA,NA,NA,NA
"4943",2008-05-06,NA,NA,NA,NA,NA
"4944",2008-05-07,NA,NA,NA,NA,NA
"4945",2008-05-08,NA,NA,NA,NA,NA
"4946",2008-05-09,NA,NA,NA,NA,NA
"4947",2008-05-13,NA,NA,NA,NA,NA
"4948",2008-05-14,NA,NA,NA,NA,NA
"4949",2008-05-15,NA,NA,NA,NA,NA
"4950",2008-05-16,NA,NA,NA,NA,NA
"4951",2008-05-19,NA,NA,NA,NA,NA
"4952",2008-05-20,NA,NA,NA,NA,NA
"4953",2008-05-21,NA,NA,NA,NA,NA
"4954",2008-05-22,NA,NA,NA,NA,NA
"4955",2008-05-23,NA,NA,NA,NA,NA
"4956",2008-05-26,NA,NA,NA,NA,NA
"4957",2008-05-27,NA,NA,NA,NA,NA
"4958",2008-05-28,NA,NA,NA,NA,NA
"4959",2008-05-29,NA,NA,NA,NA,NA
"4960",2008-05-30,NA,NA,NA,NA,NA
"4961",2008-06-02,NA,NA,NA,NA,NA
"4962",2008-06-03,NA,NA,NA,NA,NA
"4963",2008-06-04,NA,NA,NA,NA,NA
"4964",2008-06-05,NA,NA,NA,NA,NA
"4965",2008-06-09,NA,NA,NA,NA,NA
"4966",2008-06-10,NA,NA,NA,NA,NA
"4967",2008-06-11,NA,NA,NA,NA,NA
"4968",2008-06-12,NA,NA,NA,NA,NA
"4969",2008-06-13,NA,NA,NA,NA,NA
"4970",2008-06-16,NA,NA,NA,NA,NA
"4971",2008-06-17,NA,NA,NA,NA,NA
"4972",2008-06-18,NA,NA,NA,NA,NA
"4973",2008-06-19,NA,NA,NA,NA,NA
"4974",2008-06-20,NA,NA,NA,NA,NA
"4975",2008-06-23,NA,NA,NA,NA,NA
"4976",2008-06-24,NA,NA,NA,NA,NA
"4977",2008-06-25,NA,NA,NA,NA,NA
"4978",2008-06-26,NA,NA,NA,NA,NA
"4979",2008-06-27,NA,NA,NA,NA,NA
"4980",2008-06-30,NA,NA,NA,NA,NA
"4981",2008-07-01,NA,NA,NA,NA,NA
"4982",2008-07-02,NA,NA,NA,NA,NA
"4983",2008-07-03,NA,NA,NA,NA,NA
"4984",2008-07-04,NA,NA,NA,NA,NA
"4985",2008-07-07,NA,NA,NA,NA,NA
"4986",2008-07-08,NA,NA,NA,NA,NA
"4987",2008-07-09,NA,NA,NA,NA,NA
"4988",2008-07-10,NA,NA,NA,NA,NA
"4989",2008-07-11,NA,NA,NA,NA,NA
"4990",2008-07-14,NA,NA,NA,NA,NA
"4991",2008-07-15,NA,NA,NA,NA,NA
"4992",2008-07-16,NA,NA,NA,NA,NA
"4993",2008-07-17,NA,NA,NA,NA,NA
"4994",2008-07-18,NA,NA,NA,NA,NA
"4995",2008-07-21,NA,NA,NA,NA,NA
"4996",2008-07-22,NA,NA,NA,NA,NA
"4997",2008-07-23,NA,NA,NA,NA,NA
"4998",2008-07-24,NA,NA,NA,NA,NA
"4999",2008-07-25,NA,NA,NA,NA,NA
"5000",2008-07-28,NA,NA,NA,NA,NA
"5001",2008-07-29,NA,NA,NA,NA,NA
"5002",2008-07-30,NA,NA,NA,NA,NA
"5003",2008-07-31,NA,NA,NA,NA,NA
"5004",2008-08-01,NA,NA,NA,NA,NA
"5005",2008-08-04,NA,NA,NA,NA,NA
"5006",2008-08-05,NA,NA,NA,NA,NA
"5007",2008-08-06,NA,NA,NA,NA,NA
"5008",2008-08-07,NA,NA,NA,NA,NA
"5009",2008-08-08,NA,NA,NA,NA,NA
"5010",2008-08-11,NA,NA,NA,NA,NA
"5011",2008-08-12,NA,NA,NA,NA,NA
"5012",2008-08-13,NA,NA,NA,NA,NA
"5013",2008-08-14,NA,NA,NA,NA,NA
"5014",2008-08-18,NA,NA,NA,NA,NA
"5015",2008-08-19,NA,NA,NA,NA,NA
"5016",2008-08-20,NA,NA,NA,NA,NA
"5017",2008-08-21,NA,NA,NA,NA,NA
"5018",2008-08-22,NA,NA,NA,NA,NA
"5019",2008-08-25,NA,NA,NA,NA,NA
"5020",2008-08-26,NA,NA,NA,NA,NA
"5021",2008-08-27,NA,NA,NA,NA,NA
"5022",2008-08-28,NA,NA,NA,NA,NA
"5023",2008-08-29,NA,NA,NA,NA,NA
"5024",2008-09-01,NA,NA,NA,NA,NA
"5025",2008-09-02,NA,NA,NA,NA,NA
"5026",2008-09-03,NA,NA,NA,NA,NA
"5027",2008-09-04,NA,NA,NA,NA,NA
"5028",2008-09-05,NA,NA,NA,NA,NA
"5029",2008-09-08,NA,NA,NA,NA,NA
"5030",2008-09-09,NA,NA,NA,NA,NA
"5031",2008-09-10,NA,NA,NA,NA,NA
"5032",2008-09-11,NA,NA,NA,NA,NA
"5033",2008-09-12,NA,NA,NA,NA,NA
"5034",2008-09-16,NA,NA,NA,NA,NA
"5035",2008-09-17,NA,NA,NA,NA,NA
"5036",2008-09-18,NA,NA,NA,NA,NA
"5037",2008-09-19,NA,NA,NA,NA,NA
"5038",2008-09-22,NA,NA,NA,NA,NA
"5039",2008-09-23,NA,NA,NA,NA,NA
"5040",2008-09-24,NA,NA,NA,NA,NA
"5041",2008-09-25,NA,NA,NA,NA,NA
"5042",2008-09-26,NA,NA,NA,NA,NA
"5043",2008-09-29,NA,NA,NA,NA,NA
"5044",2008-09-30,NA,NA,NA,NA,NA
"5045",2008-10-01,NA,NA,NA,NA,NA
"5046",2008-10-02,NA,NA,NA,NA,NA
"5047",2008-10-06,NA,NA,NA,NA,NA
"5048",2008-10-07,NA,NA,NA,NA,NA
"5049",2008-10-08,NA,NA,NA,NA,NA
"5050",2008-10-09,NA,NA,NA,NA,NA
"5051",2008-10-10,NA,NA,NA,NA,NA
"5052",2008-10-13,NA,NA,NA,NA,NA
"5053",2008-10-14,NA,NA,NA,NA,NA
"5054",2008-10-15,NA,NA,NA,NA,NA
"5055",2008-10-16,NA,NA,NA,NA,NA
"5056",2008-10-17,NA,NA,NA,NA,NA
"5057",2008-10-20,NA,NA,NA,NA,NA
"5058",2008-10-21,NA,NA,NA,NA,NA
"5059",2008-10-22,NA,NA,NA,NA,NA
"5060",2008-10-23,NA,NA,NA,NA,NA
"5061",2008-10-24,NA,NA,NA,NA,NA
"5062",2008-10-27,NA,NA,NA,NA,NA
"5063",2008-10-28,NA,NA,NA,NA,NA
"5064",2008-10-29,NA,NA,NA,NA,NA
"5065",2008-10-30,NA,NA,NA,NA,NA
"5066",2008-10-31,NA,NA,NA,NA,NA
"5067",2008-11-03,NA,NA,NA,NA,NA
"5068",2008-11-04,NA,NA,NA,NA,NA
"5069",2008-11-05,NA,NA,NA,NA,NA
"5070",2008-11-06,NA,NA,NA,NA,NA
"5071",2008-11-07,NA,NA,NA,NA,NA
"5072",2008-11-10,NA,NA,NA,NA,NA
"5073",2008-11-11,NA,NA,NA,NA,NA
"5074",2008-11-12,NA,NA,NA,NA,NA
"5075",2008-11-13,NA,NA,NA,NA,NA
"5076",2008-11-14,NA,NA,NA,NA,NA
"5077",2008-11-17,NA,NA,NA,NA,NA
"5078",2008-11-18,NA,NA,NA,NA,NA
"5079",2008-11-19,NA,NA,NA,NA,NA
"5080",2008-11-20,NA,NA,NA,NA,NA
"5081",2008-11-21,NA,NA,NA,NA,NA
"5082",2008-11-24,NA,NA,NA,NA,NA
"5083",2008-11-25,NA,NA,NA,NA,NA
"5084",2008-11-26,NA,NA,NA,NA,NA
"5085",2008-11-27,NA,NA,NA,NA,NA
"5086",2008-11-28,NA,NA,NA,NA,NA
"5087",2008-12-01,NA,NA,NA,NA,NA
"5088",2008-12-02,NA,NA,NA,NA,NA
"5089",2008-12-03,NA,NA,NA,NA,NA
"5090",2008-12-04,NA,NA,NA,NA,NA
"5091",2008-12-05,NA,NA,NA,NA,NA
"5092",2008-12-08,NA,NA,NA,NA,NA
"5093",2008-12-09,NA,NA,NA,NA,NA
"5094",2008-12-10,NA,NA,NA,NA,NA
"5095",2008-12-11,NA,NA,NA,NA,NA
"5096",2008-12-12,NA,NA,NA,NA,NA
"5097",2008-12-15,NA,NA,NA,NA,NA
"5098",2008-12-16,NA,NA,NA,NA,NA
"5099",2008-12-17,NA,NA,NA,NA,NA
"5100",2008-12-18,NA,NA,NA,NA,NA
"5101",2008-12-19,NA,NA,NA,NA,NA
"5102",2008-12-22,NA,NA,NA,NA,NA
"5103",2008-12-23,NA,NA,NA,NA,NA
"5104",2008-12-24,NA,NA,NA,NA,NA
"5105",2008-12-26,NA,NA,NA,NA,NA
"5106",2008-12-29,NA,NA,NA,NA,NA
"5107",2008-12-30,NA,NA,NA,NA,NA
"5108",2009-01-02,NA,NA,NA,NA,NA
"5109",2009-01-05,NA,NA,NA,NA,NA
"5110",2009-01-06,NA,NA,NA,NA,NA
"5111",2009-01-07,NA,NA,NA,NA,NA
"5112",2009-01-08,NA,NA,NA,NA,NA
"5113",2009-01-09,NA,NA,NA,NA,NA
"5114",2009-01-12,NA,NA,NA,NA,NA
"5115",2009-01-13,NA,NA,NA,NA,NA
"5116",2009-01-14,NA,NA,NA,NA,NA
"5117",2009-01-15,NA,NA,NA,NA,NA
"5118",2009-01-16,NA,NA,NA,NA,NA
"5119",2009-01-19,NA,NA,NA,NA,NA
"5120",2009-01-20,NA,NA,NA,NA,NA
"5121",2009-01-21,NA,NA,NA,NA,NA
"5122",2009-01-22,NA,NA,NA,NA,NA
"5123",2009-01-23,NA,NA,NA,NA,NA
"5124",2009-01-28,NA,NA,NA,NA,NA
"5125",2009-01-29,NA,NA,NA,NA,NA
"5126",2009-01-30,NA,NA,NA,NA,NA
"5127",2009-02-02,NA,NA,NA,NA,NA
"5128",2009-02-03,NA,NA,NA,NA,NA
"5129",2009-02-04,NA,NA,NA,NA,NA
"5130",2009-02-05,NA,NA,NA,NA,NA
"5131",2009-02-06,NA,NA,NA,NA,NA
"5132",2009-02-09,NA,NA,NA,NA,NA
"5133",2009-02-10,NA,NA,NA,NA,NA
"5134",2009-02-11,NA,NA,NA,NA,NA
"5135",2009-02-12,NA,NA,NA,NA,NA
"5136",2009-02-13,NA,NA,NA,NA,NA
"5137",2009-02-16,NA,NA,NA,NA,NA
"5138",2009-02-17,NA,NA,NA,NA,NA
"5139",2009-02-18,NA,NA,NA,NA,NA
"5140",2009-02-19,NA,NA,NA,NA,NA
"5141",2009-02-20,NA,NA,NA,NA,NA
"5142",2009-02-23,NA,NA,NA,NA,NA
"5143",2009-02-24,NA,NA,NA,NA,NA
"5144",2009-02-25,NA,NA,NA,NA,NA
"5145",2009-02-26,NA,NA,NA,NA,NA
"5146",2009-02-27,NA,NA,NA,NA,NA
"5147",2009-03-02,NA,NA,NA,NA,NA
"5148",2009-03-03,NA,NA,NA,NA,NA
"5149",2009-03-04,NA,NA,NA,NA,NA
"5150",2009-03-05,NA,NA,NA,NA,NA
"5151",2009-03-06,NA,NA,NA,NA,NA
"5152",2009-03-09,NA,NA,NA,NA,NA
"5153",2009-03-10,NA,NA,NA,NA,NA
"5154",2009-03-11,NA,NA,NA,NA,NA
"5155",2009-03-12,NA,NA,NA,NA,NA
"5156",2009-03-13,NA,NA,NA,NA,NA
"5157",2009-03-16,NA,NA,NA,NA,NA
"5158",2009-03-17,NA,NA,NA,NA,NA
"5159",2009-03-18,NA,NA,NA,NA,NA
"5160",2009-03-19,NA,NA,NA,NA,NA
"5161",2009-03-20,NA,NA,NA,NA,NA
"5162",2009-03-23,NA,NA,NA,NA,NA
"5163",2009-03-24,NA,NA,NA,NA,NA
"5164",2009-03-25,NA,NA,NA,NA,NA
"5165",2009-03-26,NA,NA,NA,NA,NA
"5166",2009-03-27,NA,NA,NA,NA,NA
"5167",2009-03-30,NA,NA,NA,NA,NA
"5168",2009-03-31,NA,NA,NA,NA,NA
"5169",2009-04-01,NA,NA,NA,NA,NA
"5170",2009-04-02,NA,NA,NA,NA,NA
"5171",2009-04-03,NA,NA,NA,NA,NA
"5172",2009-04-06,NA,NA,NA,NA,NA
"5173",2009-04-07,NA,NA,NA,NA,NA
"5174",2009-04-08,NA,NA,NA,NA,NA
"5175",2009-04-09,NA,NA,NA,NA,NA
"5176",2009-04-10,NA,NA,NA,NA,NA
"5177",2009-04-13,NA,NA,NA,NA,NA
"5178",2009-04-14,NA,NA,NA,NA,NA
"5179",2009-04-15,NA,NA,NA,NA,NA
"5180",2009-04-16,NA,NA,NA,NA,NA
"5181",2009-04-17,NA,NA,NA,NA,NA
"5182",2009-04-20,NA,NA,NA,NA,NA
"5183",2009-04-21,NA,NA,NA,NA,NA
"5184",2009-04-22,NA,NA,NA,NA,NA
"5185",2009-04-23,NA,NA,NA,NA,NA
"5186",2009-04-24,NA,NA,NA,NA,NA
"5187",2009-04-27,NA,NA,NA,NA,NA
"5188",2009-04-28,NA,NA,NA,NA,NA
"5189",2009-04-29,NA,NA,NA,NA,NA
"5190",2009-04-30,NA,NA,NA,NA,NA
"5191",2009-05-04,NA,NA,NA,NA,NA
"5192",2009-05-06,NA,NA,NA,NA,NA
"5193",2009-05-07,NA,NA,NA,NA,NA
"5194",2009-05-08,NA,NA,NA,NA,NA
"5195",2009-05-11,NA,NA,NA,NA,NA
"5196",2009-05-12,NA,NA,NA,NA,NA
"5197",2009-05-13,NA,NA,NA,NA,NA
"5198",2009-05-14,NA,NA,NA,NA,NA
"5199",2009-05-15,NA,NA,NA,NA,NA
"5200",2009-05-18,NA,NA,NA,NA,NA
"5201",2009-05-19,NA,NA,NA,NA,NA
"5202",2009-05-20,NA,NA,NA,NA,NA
"5203",2009-05-21,NA,NA,NA,NA,NA
"5204",2009-05-22,NA,NA,NA,NA,NA
"5205",2009-05-25,NA,NA,NA,NA,NA
"5206",2009-05-26,NA,NA,NA,NA,NA
"5207",2009-05-27,NA,NA,NA,NA,NA
"5208",2009-05-28,NA,NA,NA,NA,NA
"5209",2009-05-29,NA,NA,NA,NA,NA
"5210",2009-06-01,NA,NA,NA,NA,NA
"5211",2009-06-02,NA,NA,NA,NA,NA
"5212",2009-06-03,NA,NA,NA,NA,NA
"5213",2009-06-04,NA,NA,NA,NA,NA
"5214",2009-06-05,NA,NA,NA,NA,NA
"5215",2009-06-08,NA,NA,NA,NA,NA
"5216",2009-06-09,NA,NA,NA,NA,NA
"5217",2009-06-10,NA,NA,NA,NA,NA
"5218",2009-06-11,NA,NA,NA,NA,NA
"5219",2009-06-12,NA,NA,NA,NA,NA
"5220",2009-06-15,NA,NA,NA,NA,NA
"5221",2009-06-16,NA,NA,NA,NA,NA
"5222",2009-06-17,NA,NA,NA,NA,NA
"5223",2009-06-18,NA,NA,NA,NA,NA
"5224",2009-06-19,NA,NA,NA,NA,NA
"5225",2009-06-22,NA,NA,NA,NA,NA
"5226",2009-06-23,NA,NA,NA,NA,NA
"5227",2009-06-24,NA,NA,NA,NA,NA
"5228",2009-06-25,NA,NA,NA,NA,NA
"5229",2009-06-26,NA,NA,NA,NA,NA
"5230",2009-06-29,NA,NA,NA,NA,NA
"5231",2009-06-30,NA,NA,NA,NA,NA
"5232",2009-07-01,NA,NA,NA,NA,NA
"5233",2009-07-02,NA,NA,NA,NA,NA
"5234",2009-07-03,NA,NA,NA,NA,NA
"5235",2009-07-06,NA,NA,NA,NA,NA
"5236",2009-07-07,NA,NA,NA,NA,NA
"5237",2009-07-08,NA,NA,NA,NA,NA
"5238",2009-07-09,NA,NA,NA,NA,NA
"5239",2009-07-10,NA,NA,NA,NA,NA
"5240",2009-07-13,NA,NA,NA,NA,NA
"5241",2009-07-14,NA,NA,NA,NA,NA
"5242",2009-07-15,NA,NA,NA,NA,NA
"5243",2009-07-16,NA,NA,NA,NA,NA
"5244",2009-07-17,NA,NA,NA,NA,NA
"5245",2009-07-20,NA,NA,NA,NA,NA
"5246",2009-07-21,NA,NA,NA,NA,NA
"5247",2009-07-22,NA,NA,NA,NA,NA
"5248",2009-07-23,NA,NA,NA,NA,NA
"5249",2009-07-24,NA,NA,NA,NA,NA
"5250",2009-07-27,NA,NA,NA,NA,NA
"5251",2009-07-28,NA,NA,NA,NA,NA
"5252",2009-07-29,NA,NA,NA,NA,NA
"5253",2009-07-30,NA,NA,NA,NA,NA
"5254",2009-07-31,NA,NA,NA,NA,NA
"5255",2009-08-03,NA,NA,NA,NA,NA
"5256",2009-08-04,NA,NA,NA,NA,NA
"5257",2009-08-05,NA,NA,NA,NA,NA
"5258",2009-08-06,NA,NA,NA,NA,NA
"5259",2009-08-07,NA,NA,NA,NA,NA
"5260",2009-08-10,NA,NA,NA,NA,NA
"5261",2009-08-11,NA,NA,NA,NA,NA
"5262",2009-08-12,NA,NA,NA,NA,NA
"5263",2009-08-13,NA,NA,NA,NA,NA
"5264",2009-08-14,NA,NA,NA,NA,NA
"5265",2009-08-17,NA,NA,NA,NA,NA
"5266",2009-08-18,NA,NA,NA,NA,NA
"5267",2009-08-19,NA,NA,NA,NA,NA
"5268",2009-08-20,NA,NA,NA,NA,NA
"5269",2009-08-21,NA,NA,NA,NA,NA
"5270",2009-08-24,NA,NA,NA,NA,NA
"5271",2009-08-25,NA,NA,NA,NA,NA
"5272",2009-08-26,NA,NA,NA,NA,NA
"5273",2009-08-27,NA,NA,NA,NA,NA
"5274",2009-08-28,NA,NA,NA,NA,NA
"5275",2009-08-31,NA,NA,NA,NA,NA
"5276",2009-09-01,NA,NA,NA,NA,NA
"5277",2009-09-02,NA,NA,NA,NA,NA
"5278",2009-09-03,NA,NA,NA,NA,NA
"5279",2009-09-04,NA,NA,NA,NA,NA
"5280",2009-09-07,NA,NA,NA,NA,NA
"5281",2009-09-08,NA,NA,NA,NA,NA
"5282",2009-09-09,NA,NA,NA,NA,NA
"5283",2009-09-10,NA,NA,NA,NA,NA
"5284",2009-09-11,NA,NA,NA,NA,NA
"5285",2009-09-14,NA,NA,NA,NA,NA
"5286",2009-09-15,NA,NA,NA,NA,NA
"5287",2009-09-16,NA,NA,NA,NA,NA
"5288",2009-09-17,NA,NA,NA,NA,NA
"5289",2009-09-18,NA,NA,NA,NA,NA
"5290",2009-09-21,NA,NA,NA,NA,NA
"5291",2009-09-22,NA,NA,NA,NA,NA
"5292",2009-09-23,NA,NA,NA,NA,NA
"5293",2009-09-24,NA,NA,NA,NA,NA
"5294",2009-09-25,NA,NA,NA,NA,NA
"5295",2009-09-28,NA,NA,NA,NA,NA
"5296",2009-09-29,NA,NA,NA,NA,NA
"5297",2009-09-30,NA,NA,NA,NA,NA
"5298",2009-10-01,NA,NA,NA,NA,NA
"5299",2009-10-05,NA,NA,NA,NA,NA
"5300",2009-10-06,NA,NA,NA,NA,NA
"5301",2009-10-07,NA,NA,NA,NA,NA
"5302",2009-10-08,NA,NA,NA,NA,NA
"5303",2009-10-09,NA,NA,NA,NA,NA
"5304",2009-10-12,NA,NA,NA,NA,NA
"5305",2009-10-13,NA,NA,NA,NA,NA
"5306",2009-10-14,NA,NA,NA,NA,NA
"5307",2009-10-15,NA,NA,NA,NA,NA
"5308",2009-10-16,NA,NA,NA,NA,NA
"5309",2009-10-19,NA,NA,NA,NA,NA
"5310",2009-10-20,NA,NA,NA,NA,NA
"5311",2009-10-21,NA,NA,NA,NA,NA
"5312",2009-10-22,NA,NA,NA,NA,NA
"5313",2009-10-23,NA,NA,NA,NA,NA
"5314",2009-10-26,NA,NA,NA,NA,NA
"5315",2009-10-27,NA,NA,NA,NA,NA
"5316",2009-10-28,NA,NA,NA,NA,NA
"5317",2009-10-29,NA,NA,NA,NA,NA
"5318",2009-10-30,NA,NA,NA,NA,NA
"5319",2009-11-02,NA,NA,NA,NA,NA
"5320",2009-11-03,NA,NA,NA,NA,NA
"5321",2009-11-04,NA,NA,NA,NA,NA
"5322",2009-11-05,NA,NA,NA,NA,NA
"5323",2009-11-06,NA,NA,NA,NA,NA
"5324",2009-11-09,NA,NA,NA,NA,NA
"5325",2009-11-10,NA,NA,NA,NA,NA
"5326",2009-11-11,NA,NA,NA,NA,NA
"5327",2009-11-12,NA,NA,NA,NA,NA
"5328",2009-11-13,NA,NA,NA,NA,NA
"5329",2009-11-16,NA,NA,NA,NA,NA
"5330",2009-11-17,NA,NA,NA,NA,NA
"5331",2009-11-18,NA,NA,NA,NA,NA
"5332",2009-11-19,NA,NA,NA,NA,NA
"5333",2009-11-20,NA,NA,NA,NA,NA
"5334",2009-11-23,NA,NA,NA,NA,NA
"5335",2009-11-24,NA,NA,NA,NA,NA
"5336",2009-11-25,NA,NA,NA,NA,NA
"5337",2009-11-26,NA,NA,NA,NA,NA
"5338",2009-11-27,NA,NA,NA,NA,NA
"5339",2009-11-30,NA,NA,NA,NA,NA
"5340",2009-12-01,NA,NA,NA,NA,NA
"5341",2009-12-02,NA,NA,NA,NA,NA
"5342",2009-12-03,NA,NA,NA,NA,NA
"5343",2009-12-04,NA,NA,NA,NA,NA
"5344",2009-12-07,NA,NA,NA,NA,NA
"5345",2009-12-08,NA,NA,NA,NA,NA
"5346",2009-12-09,NA,NA,NA,NA,NA
"5347",2009-12-10,NA,NA,NA,NA,NA
"5348",2009-12-11,NA,NA,NA,NA,NA
"5349",2009-12-14,NA,NA,NA,NA,NA
"5350",2009-12-15,NA,NA,NA,NA,NA
"5351",2009-12-16,NA,NA,NA,NA,NA
"5352",2009-12-17,NA,NA,NA,NA,NA
"5353",2009-12-18,NA,NA,NA,NA,NA
"5354",2009-12-21,NA,NA,NA,NA,NA
"5355",2009-12-22,NA,NA,NA,NA,NA
"5356",2009-12-23,NA,NA,NA,NA,NA
"5357",2009-12-24,NA,NA,NA,NA,NA
"5358",2009-12-28,NA,NA,NA,NA,NA
"5359",2009-12-29,NA,NA,NA,NA,NA
"5360",2009-12-30,NA,NA,NA,NA,NA
"5361",2010-01-04,NA,NA,NA,NA,NA
"5362",2010-01-05,NA,NA,NA,NA,NA
"5363",2010-01-06,NA,NA,NA,NA,NA
"5364",2010-01-07,NA,NA,NA,NA,NA
"5365",2010-01-08,NA,NA,NA,NA,NA
"5366",2010-01-11,NA,NA,NA,NA,NA
"5367",2010-01-12,NA,NA,NA,NA,NA
"5368",2010-01-13,NA,NA,NA,NA,NA
"5369",2010-01-14,NA,NA,NA,NA,NA
"5370",2010-01-15,NA,NA,NA,NA,NA
"5371",2010-01-18,NA,NA,NA,NA,NA
"5372",2010-01-19,NA,NA,NA,NA,NA
"5373",2010-01-20,NA,NA,NA,NA,NA
"5374",2010-01-21,NA,NA,NA,NA,NA
"5375",2010-01-22,NA,NA,NA,NA,NA
"5376",2010-01-25,NA,NA,NA,NA,NA
"5377",2010-01-26,NA,NA,NA,NA,NA
"5378",2010-01-27,NA,NA,NA,NA,NA
"5379",2010-01-28,NA,NA,NA,NA,NA
"5380",2010-01-29,NA,NA,NA,NA,NA
"5381",2010-02-01,NA,NA,NA,NA,NA
"5382",2010-02-02,NA,NA,NA,NA,NA
"5383",2010-02-03,NA,NA,NA,NA,NA
"5384",2010-02-04,NA,NA,NA,NA,NA
"5385",2010-02-05,NA,NA,NA,NA,NA
"5386",2010-02-08,NA,NA,NA,NA,NA
"5387",2010-02-09,NA,NA,NA,NA,NA
"5388",2010-02-10,NA,NA,NA,NA,NA
"5389",2010-02-11,NA,NA,NA,NA,NA
"5390",2010-02-12,NA,NA,NA,NA,NA
"5391",2010-02-16,NA,NA,NA,NA,NA
"5392",2010-02-17,NA,NA,NA,NA,NA
"5393",2010-02-18,NA,NA,NA,NA,NA
"5394",2010-02-19,NA,NA,NA,NA,NA
"5395",2010-02-22,NA,NA,NA,NA,NA
"5396",2010-02-23,NA,NA,NA,NA,NA
"5397",2010-02-24,NA,NA,NA,NA,NA
"5398",2010-02-25,NA,NA,NA,NA,NA
"5399",2010-02-26,NA,NA,NA,NA,NA
"5400",2010-03-02,NA,NA,NA,NA,NA
"5401",2010-03-03,NA,NA,NA,NA,NA
"5402",2010-03-04,NA,NA,NA,NA,NA
"5403",2010-03-05,NA,NA,NA,NA,NA
"5404",2010-03-08,NA,NA,NA,NA,NA
"5405",2010-03-09,NA,NA,NA,NA,NA
"5406",2010-03-10,NA,NA,NA,NA,NA
"5407",2010-03-11,NA,NA,NA,NA,NA
"5408",2010-03-12,NA,NA,NA,NA,NA
"5409",2010-03-15,NA,NA,NA,NA,NA
"5410",2010-03-16,NA,NA,NA,NA,NA
"5411",2010-03-17,NA,NA,NA,NA,NA
"5412",2010-03-18,NA,NA,NA,NA,NA
"5413",2010-03-19,NA,NA,NA,NA,NA
"5414",2010-03-22,NA,NA,NA,NA,NA
"5415",2010-03-23,NA,NA,NA,NA,NA
"5416",2010-03-24,NA,NA,NA,NA,NA
"5417",2010-03-25,NA,NA,NA,NA,NA
"5418",2010-03-26,NA,NA,NA,NA,NA
"5419",2010-03-29,NA,NA,NA,NA,NA
"5420",2010-03-30,NA,NA,NA,NA,NA
"5421",2010-03-31,NA,NA,NA,NA,NA
"5422",2010-04-01,NA,NA,NA,NA,NA
"5423",2010-04-02,NA,NA,NA,NA,NA
"5424",2010-04-05,NA,NA,NA,NA,NA
"5425",2010-04-06,NA,NA,NA,NA,NA
"5426",2010-04-07,NA,NA,NA,NA,NA
"5427",2010-04-08,NA,NA,NA,NA,NA
"5428",2010-04-09,NA,NA,NA,NA,NA
"5429",2010-04-12,NA,NA,NA,NA,NA
"5430",2010-04-13,NA,NA,NA,NA,NA
"5431",2010-04-14,NA,NA,NA,NA,NA
"5432",2010-04-15,NA,NA,NA,NA,NA
"5433",2010-04-16,NA,NA,NA,NA,NA
"5434",2010-04-19,NA,NA,NA,NA,NA
"5435",2010-04-20,NA,NA,NA,NA,NA
"5436",2010-04-21,NA,NA,NA,NA,NA
"5437",2010-04-22,NA,NA,NA,NA,NA
"5438",2010-04-23,NA,NA,NA,NA,NA
"5439",2010-04-26,NA,NA,NA,NA,NA
"5440",2010-04-27,NA,NA,NA,NA,NA
"5441",2010-04-28,NA,NA,NA,NA,NA
"5442",2010-04-29,NA,NA,NA,NA,NA
"5443",2010-04-30,NA,NA,NA,NA,NA
"5444",2010-05-03,NA,NA,NA,NA,NA
"5445",2010-05-04,NA,NA,NA,NA,NA
"5446",2010-05-06,NA,NA,NA,NA,NA
"5447",2010-05-07,NA,NA,NA,NA,NA
"5448",2010-05-10,NA,NA,NA,NA,NA
"5449",2010-05-11,NA,NA,NA,NA,NA
"5450",2010-05-12,NA,NA,NA,NA,NA
"5451",2010-05-13,NA,NA,NA,NA,NA
"5452",2010-05-14,NA,NA,NA,NA,NA
"5453",2010-05-17,NA,NA,NA,NA,NA
"5454",2010-05-18,NA,NA,NA,NA,NA
"5455",2010-05-19,NA,NA,NA,NA,NA
"5456",2010-05-20,NA,NA,NA,NA,NA
"5457",2010-05-24,NA,NA,NA,NA,NA
"5458",2010-05-25,NA,NA,NA,NA,NA
"5459",2010-05-26,NA,NA,NA,NA,NA
"5460",2010-05-27,NA,NA,NA,NA,NA
"5461",2010-05-28,NA,NA,NA,NA,NA
"5462",2010-05-31,NA,NA,NA,NA,NA
"5463",2010-06-01,NA,NA,NA,NA,NA
"5464",2010-06-03,NA,NA,NA,NA,NA
"5465",2010-06-04,NA,NA,NA,NA,NA
"5466",2010-06-07,NA,NA,NA,NA,NA
"5467",2010-06-08,NA,NA,NA,NA,NA
"5468",2010-06-09,NA,NA,NA,NA,NA
"5469",2010-06-10,NA,NA,NA,NA,NA
"5470",2010-06-11,NA,NA,NA,NA,NA
"5471",2010-06-14,NA,NA,NA,NA,NA
"5472",2010-06-15,NA,NA,NA,NA,NA
"5473",2010-06-16,NA,NA,NA,NA,NA
"5474",2010-06-17,NA,NA,NA,NA,NA
"5475",2010-06-18,NA,NA,NA,NA,NA
"5476",2010-06-21,NA,NA,NA,NA,NA
"5477",2010-06-22,NA,NA,NA,NA,NA
"5478",2010-06-23,NA,NA,NA,NA,NA
"5479",2010-06-24,NA,NA,NA,NA,NA
"5480",2010-06-25,NA,NA,NA,NA,NA
"5481",2010-06-28,NA,NA,NA,NA,NA
"5482",2010-06-29,NA,NA,NA,NA,NA
"5483",2010-06-30,NA,NA,NA,NA,NA
"5484",2010-07-01,NA,NA,NA,NA,NA
"5485",2010-07-02,NA,NA,NA,NA,NA
"5486",2010-07-05,NA,NA,NA,NA,NA
"5487",2010-07-06,NA,NA,NA,NA,NA
"5488",2010-07-07,NA,NA,NA,NA,NA
"5489",2010-07-08,NA,NA,NA,NA,NA
"5490",2010-07-09,NA,NA,NA,NA,NA
"5491",2010-07-12,NA,NA,NA,NA,NA
"5492",2010-07-13,NA,NA,NA,NA,NA
"5493",2010-07-14,NA,NA,NA,NA,NA
"5494",2010-07-15,NA,NA,NA,NA,NA
"5495",2010-07-16,NA,NA,NA,NA,NA
"5496",2010-07-19,NA,NA,NA,NA,NA
"5497",2010-07-20,NA,NA,NA,NA,NA
"5498",2010-07-21,NA,NA,NA,NA,NA
"5499",2010-07-22,NA,NA,NA,NA,NA
"5500",2010-07-23,NA,NA,NA,NA,NA
"5501",2010-07-26,NA,NA,NA,NA,NA
"5502",2010-07-27,NA,NA,NA,NA,NA
"5503",2010-07-28,NA,NA,NA,NA,NA
"5504",2010-07-29,NA,NA,NA,NA,NA
"5505",2010-07-30,NA,NA,NA,NA,NA
"5506",2010-08-02,NA,NA,NA,NA,NA
"5507",2010-08-03,NA,NA,NA,NA,NA
"5508",2010-08-04,NA,NA,NA,NA,NA
"5509",2010-08-05,NA,NA,NA,NA,NA
"5510",2010-08-06,NA,NA,NA,NA,NA
"5511",2010-08-09,NA,NA,NA,NA,NA
"5512",2010-08-10,NA,NA,NA,NA,NA
"5513",2010-08-11,NA,NA,NA,NA,NA
"5514",2010-08-12,NA,NA,NA,NA,NA
"5515",2010-08-13,NA,NA,NA,NA,NA
"5516",2010-08-16,NA,NA,NA,NA,NA
"5517",2010-08-17,NA,NA,NA,NA,NA
"5518",2010-08-18,NA,NA,NA,NA,NA
"5519",2010-08-19,NA,NA,NA,NA,NA
"5520",2010-08-20,NA,NA,NA,NA,NA
"5521",2010-08-23,NA,NA,NA,NA,NA
"5522",2010-08-24,NA,NA,NA,NA,NA
"5523",2010-08-25,NA,NA,NA,NA,NA
"5524",2010-08-26,NA,NA,NA,NA,NA
"5525",2010-08-27,NA,NA,NA,NA,NA
"5526",2010-08-30,NA,NA,NA,NA,NA
"5527",2010-08-31,NA,NA,NA,NA,NA
"5528",2010-09-01,NA,NA,NA,NA,NA
"5529",2010-09-02,NA,NA,NA,NA,NA
"5530",2010-09-03,NA,NA,NA,NA,NA
"5531",2010-09-06,NA,NA,NA,NA,NA
"5532",2010-09-07,NA,NA,NA,NA,NA
"5533",2010-09-08,NA,NA,NA,NA,NA
"5534",2010-09-09,NA,NA,NA,NA,NA
"5535",2010-09-10,NA,NA,NA,NA,NA
"5536",2010-09-13,NA,NA,NA,NA,NA
"5537",2010-09-14,NA,NA,NA,NA,NA
"5538",2010-09-15,NA,NA,NA,NA,NA
"5539",2010-09-16,NA,NA,NA,NA,NA
"5540",2010-09-17,NA,NA,NA,NA,NA
"5541",2010-09-20,NA,NA,NA,NA,NA
"5542",2010-09-24,NA,NA,NA,NA,NA
"5543",2010-09-27,NA,NA,NA,NA,NA
"5544",2010-09-28,NA,NA,NA,NA,NA
"5545",2010-09-29,NA,NA,NA,NA,NA
"5546",2010-09-30,NA,NA,NA,NA,NA
"5547",2010-10-01,NA,NA,NA,NA,NA
"5548",2010-10-04,NA,NA,NA,NA,NA
"5549",2010-10-05,NA,NA,NA,NA,NA
"5550",2010-10-06,NA,NA,NA,NA,NA
"5551",2010-10-07,NA,NA,NA,NA,NA
"5552",2010-10-08,NA,NA,NA,NA,NA
"5553",2010-10-11,NA,NA,NA,NA,NA
"5554",2010-10-12,NA,NA,NA,NA,NA
"5555",2010-10-13,NA,NA,NA,NA,NA
"5556",2010-10-14,NA,NA,NA,NA,NA
"5557",2010-10-15,NA,NA,NA,NA,NA
"5558",2010-10-18,NA,NA,NA,NA,NA
"5559",2010-10-19,NA,NA,NA,NA,NA
"5560",2010-10-20,NA,NA,NA,NA,NA
"5561",2010-10-21,NA,NA,NA,NA,NA
"5562",2010-10-22,NA,NA,NA,NA,NA
"5563",2010-10-25,NA,NA,NA,NA,NA
"5564",2010-10-26,NA,NA,NA,NA,NA
"5565",2010-10-27,NA,NA,NA,NA,NA
"5566",2010-10-28,NA,NA,NA,NA,NA
"5567",2010-10-29,NA,NA,NA,NA,NA
"5568",2010-11-01,NA,NA,NA,NA,NA
"5569",2010-11-02,NA,NA,NA,NA,NA
"5570",2010-11-03,NA,NA,NA,NA,NA
"5571",2010-11-04,NA,NA,NA,NA,NA
"5572",2010-11-05,NA,NA,NA,NA,NA
"5573",2010-11-08,NA,NA,NA,NA,NA
"5574",2010-11-09,NA,NA,NA,NA,NA
"5575",2010-11-10,NA,NA,NA,NA,NA
"5576",2010-11-11,NA,NA,NA,NA,NA
"5577",2010-11-12,NA,NA,NA,NA,NA
"5578",2010-11-15,NA,NA,NA,NA,NA
"5579",2010-11-16,NA,NA,NA,NA,NA
"5580",2010-11-17,NA,NA,NA,NA,NA
"5581",2010-11-18,NA,NA,NA,NA,NA
"5582",2010-11-19,NA,NA,NA,NA,NA
"5583",2010-11-22,NA,NA,NA,NA,NA
"5584",2010-11-23,NA,NA,NA,NA,NA
"5585",2010-11-24,NA,NA,NA,NA,NA
"5586",2010-11-25,NA,NA,NA,NA,NA
"5587",2010-11-26,NA,NA,NA,NA,NA
"5588",2010-11-29,NA,NA,NA,NA,NA
"5589",2010-11-30,NA,NA,NA,NA,NA
"5590",2010-12-01,NA,NA,NA,NA,NA
"5591",2010-12-02,NA,NA,NA,NA,NA
"5592",2010-12-03,NA,NA,NA,NA,NA
"5593",2010-12-06,NA,NA,NA,NA,NA
"5594",2010-12-07,NA,NA,NA,NA,NA
"5595",2010-12-08,NA,NA,NA,NA,NA
"5596",2010-12-09,NA,NA,NA,NA,NA
"5597",2010-12-10,NA,NA,NA,NA,NA
"5598",2010-12-13,NA,NA,NA,NA,NA
"5599",2010-12-14,NA,NA,NA,NA,NA
"5600",2010-12-15,NA,NA,NA,NA,NA
"5601",2010-12-16,NA,NA,NA,NA,NA
"5602",2010-12-17,NA,NA,NA,NA,NA
"5603",2010-12-20,NA,NA,NA,NA,NA
"5604",2010-12-21,NA,NA,NA,NA,NA
"5605",2010-12-22,NA,NA,NA,NA,NA
"5606",2010-12-23,NA,NA,NA,NA,NA
"5607",2010-12-24,NA,NA,NA,NA,NA
"5608",2010-12-27,NA,NA,NA,NA,NA
"5609",2010-12-28,NA,NA,NA,NA,NA
"5610",2010-12-29,NA,NA,NA,NA,NA
"5611",2010-12-30,NA,NA,NA,NA,NA
"5612",2011-01-03,NA,NA,NA,NA,NA
"5613",2011-01-04,NA,NA,NA,NA,NA
"5614",2011-01-05,NA,NA,NA,NA,NA
"5615",2011-01-06,NA,NA,NA,NA,NA
"5616",2011-01-07,NA,NA,NA,NA,NA
"5617",2011-01-10,NA,NA,NA,NA,NA
"5618",2011-01-11,NA,NA,NA,NA,NA
"5619",2011-01-12,NA,NA,NA,NA,NA
"5620",2011-01-13,NA,NA,NA,NA,NA
"5621",2011-01-14,NA,NA,NA,NA,NA
"5622",2011-01-17,NA,NA,NA,NA,NA
"5623",2011-01-18,NA,NA,NA,NA,NA
"5624",2011-01-19,NA,NA,NA,NA,NA
"5625",2011-01-20,NA,NA,NA,NA,NA
"5626",2011-01-21,NA,NA,NA,NA,NA
"5627",2011-01-24,NA,NA,NA,NA,NA
"5628",2011-01-25,NA,NA,NA,NA,NA
"5629",2011-01-26,NA,NA,NA,NA,NA
"5630",2011-01-27,NA,NA,NA,NA,NA
"5631",2011-01-28,NA,NA,NA,NA,NA
"5632",2011-01-31,NA,NA,NA,NA,NA
"5633",2011-02-01,NA,NA,NA,NA,NA
"5634",2011-02-07,NA,NA,NA,NA,NA
"5635",2011-02-08,NA,NA,NA,NA,NA
"5636",2011-02-09,NA,NA,NA,NA,NA
"5637",2011-02-10,NA,NA,NA,NA,NA
"5638",2011-02-11,NA,NA,NA,NA,NA
"5639",2011-02-14,NA,NA,NA,NA,NA
"5640",2011-02-15,NA,NA,NA,NA,NA
"5641",2011-02-16,NA,NA,NA,NA,NA
"5642",2011-02-17,NA,NA,NA,NA,NA
"5643",2011-02-18,NA,NA,NA,NA,NA
"5644",2011-02-21,NA,NA,NA,NA,NA
"5645",2011-02-22,NA,NA,NA,NA,NA
"5646",2011-02-23,NA,NA,NA,NA,NA
"5647",2011-02-24,NA,NA,NA,NA,NA
"5648",2011-02-25,NA,NA,NA,NA,NA
"5649",2011-02-28,NA,NA,NA,NA,NA
"5650",2011-03-02,NA,NA,NA,NA,NA
"5651",2011-03-03,NA,NA,NA,NA,NA
"5652",2011-03-04,NA,NA,NA,NA,NA
"5653",2011-03-07,NA,NA,NA,NA,NA
"5654",2011-03-08,NA,NA,NA,NA,NA
"5655",2011-03-09,NA,NA,NA,NA,NA
"5656",2011-03-10,NA,NA,NA,NA,NA
"5657",2011-03-11,NA,NA,NA,NA,NA
"5658",2011-03-14,NA,NA,NA,NA,NA
"5659",2011-03-15,NA,NA,NA,NA,NA
"5660",2011-03-16,NA,NA,NA,NA,NA
"5661",2011-03-17,NA,NA,NA,NA,NA
"5662",2011-03-18,NA,NA,NA,NA,NA
"5663",2011-03-21,NA,NA,NA,NA,NA
"5664",2011-03-22,NA,NA,NA,NA,NA
"5665",2011-03-23,NA,NA,NA,NA,NA
"5666",2011-03-24,NA,NA,NA,NA,NA
"5667",2011-03-25,NA,NA,NA,NA,NA
"5668",2011-03-28,NA,NA,NA,NA,NA
"5669",2011-03-29,NA,NA,NA,NA,NA
"5670",2011-03-30,NA,NA,NA,NA,NA
"5671",2011-03-31,NA,NA,NA,NA,NA
"5672",2011-04-01,NA,NA,NA,NA,NA
"5673",2011-04-04,NA,NA,NA,NA,NA
"5674",2011-04-05,NA,NA,NA,NA,NA
"5675",2011-04-06,NA,NA,NA,NA,NA
"5676",2011-04-07,NA,NA,NA,NA,NA
"5677",2011-04-08,NA,NA,NA,NA,NA
"5678",2011-04-11,NA,NA,NA,NA,NA
"5679",2011-04-12,NA,NA,NA,NA,NA
"5680",2011-04-13,NA,NA,NA,NA,NA
"5681",2011-04-14,NA,NA,NA,NA,NA
"5682",2011-04-15,NA,NA,NA,NA,NA
"5683",2011-04-18,NA,NA,NA,NA,NA
"5684",2011-04-19,NA,NA,NA,NA,NA
"5685",2011-04-20,NA,NA,NA,NA,NA
"5686",2011-04-21,NA,NA,NA,NA,NA
"5687",2011-04-22,NA,NA,NA,NA,NA
"5688",2011-04-25,NA,NA,NA,NA,NA
"5689",2011-04-26,NA,NA,NA,NA,NA
"5690",2011-04-27,NA,NA,NA,NA,NA
"5691",2011-04-28,NA,NA,NA,NA,NA
"5692",2011-04-29,NA,NA,NA,NA,NA
"5693",2011-05-02,NA,NA,NA,NA,NA
"5694",2011-05-03,NA,NA,NA,NA,NA
"5695",2011-05-04,NA,NA,NA,NA,NA
"5696",2011-05-06,NA,NA,NA,NA,NA
"5697",2011-05-09,NA,NA,NA,NA,NA
"5698",2011-05-11,NA,NA,NA,NA,NA
"5699",2011-05-12,NA,NA,NA,NA,NA
"5700",2011-05-13,NA,NA,NA,NA,NA
"5701",2011-05-16,NA,NA,NA,NA,NA
"5702",2011-05-17,NA,NA,NA,NA,NA
"5703",2011-05-18,NA,NA,NA,NA,NA
"5704",2011-05-19,NA,NA,NA,NA,NA
"5705",2011-05-20,NA,NA,NA,NA,NA
"5706",2011-05-23,NA,NA,NA,NA,NA
"5707",2011-05-24,NA,NA,NA,NA,NA
"5708",2011-05-25,NA,NA,NA,NA,NA
"5709",2011-05-26,NA,NA,NA,NA,NA
"5710",2011-05-27,NA,NA,NA,NA,NA
"5711",2011-05-30,NA,NA,NA,NA,NA
"5712",2011-05-31,NA,NA,NA,NA,NA
"5713",2011-06-01,NA,NA,NA,NA,NA
"5714",2011-06-02,NA,NA,NA,NA,NA
"5715",2011-06-03,NA,NA,NA,NA,NA
"5716",2011-06-07,NA,NA,NA,NA,NA
"5717",2011-06-08,NA,NA,NA,NA,NA
"5718",2011-06-09,NA,NA,NA,NA,NA
"5719",2011-06-10,NA,NA,NA,NA,NA
"5720",2011-06-13,NA,NA,NA,NA,NA
"5721",2011-06-14,NA,NA,NA,NA,NA
"5722",2011-06-15,NA,NA,NA,NA,NA
"5723",2011-06-16,NA,NA,NA,NA,NA
"5724",2011-06-17,NA,NA,NA,NA,NA
"5725",2011-06-20,NA,NA,NA,NA,NA
"5726",2011-06-21,NA,NA,NA,NA,NA
"5727",2011-06-22,NA,NA,NA,NA,NA
"5728",2011-06-23,NA,NA,NA,NA,NA
"5729",2011-06-24,NA,NA,NA,NA,NA
"5730",2011-06-27,NA,NA,NA,NA,NA
"5731",2011-06-28,NA,NA,NA,NA,NA
"5732",2011-06-29,NA,NA,NA,NA,NA
"5733",2011-06-30,NA,NA,NA,NA,NA
"5734",2011-07-01,NA,NA,NA,NA,NA
"5735",2011-07-04,NA,NA,NA,NA,NA
"5736",2011-07-05,NA,NA,NA,NA,NA
"5737",2011-07-06,NA,NA,NA,NA,NA
"5738",2011-07-07,NA,NA,NA,NA,NA
"5739",2011-07-08,NA,NA,NA,NA,NA
"5740",2011-07-11,NA,NA,NA,NA,NA
"5741",2011-07-12,NA,NA,NA,NA,NA
"5742",2011-07-13,NA,NA,NA,NA,NA
"5743",2011-07-14,NA,NA,NA,NA,NA
"5744",2011-07-15,NA,NA,NA,NA,NA
"5745",2011-07-18,NA,NA,NA,NA,NA
"5746",2011-07-19,NA,NA,NA,NA,NA
"5747",2011-07-20,NA,NA,NA,NA,NA
"5748",2011-07-21,NA,NA,NA,NA,NA
"5749",2011-07-22,NA,NA,NA,NA,NA
"5750",2011-07-25,NA,NA,NA,NA,NA
"5751",2011-07-26,NA,NA,NA,NA,NA
"5752",2011-07-27,NA,NA,NA,NA,NA
"5753",2011-07-28,NA,NA,NA,NA,NA
"5754",2011-07-29,NA,NA,NA,NA,NA
"5755",2011-08-01,NA,NA,NA,NA,NA
"5756",2011-08-02,NA,NA,NA,NA,NA
"5757",2011-08-03,NA,NA,NA,NA,NA
"5758",2011-08-04,NA,NA,NA,NA,NA
"5759",2011-08-05,NA,NA,NA,NA,NA
"5760",2011-08-08,NA,NA,NA,NA,NA
"5761",2011-08-09,NA,NA,NA,NA,NA
"5762",2011-08-10,NA,NA,NA,NA,NA
"5763",2011-08-11,NA,NA,NA,NA,NA
"5764",2011-08-12,NA,NA,NA,NA,NA
"5765",2011-08-16,NA,NA,NA,NA,NA
"5766",2011-08-17,NA,NA,NA,NA,NA
"5767",2011-08-18,NA,NA,NA,NA,NA
"5768",2011-08-19,NA,NA,NA,NA,NA
"5769",2011-08-22,NA,NA,NA,NA,NA
"5770",2011-08-23,NA,NA,NA,NA,NA
"5771",2011-08-24,NA,NA,NA,NA,NA
"5772",2011-08-25,NA,NA,NA,NA,NA
"5773",2011-08-26,NA,NA,NA,NA,NA
"5774",2011-08-29,NA,NA,NA,NA,NA
"5775",2011-08-30,NA,NA,NA,NA,NA
"5776",2011-08-31,NA,NA,NA,NA,NA
"5777",2011-09-01,NA,NA,NA,NA,NA
"5778",2011-09-02,NA,NA,NA,NA,NA
"5779",2011-09-05,NA,NA,NA,NA,NA
"5780",2011-09-06,NA,NA,NA,NA,NA
"5781",2011-09-07,NA,NA,NA,NA,NA
"5782",2011-09-08,NA,NA,NA,NA,NA
"5783",2011-09-09,NA,NA,NA,NA,NA
"5784",2011-09-14,NA,NA,NA,NA,NA
"5785",2011-09-15,NA,NA,NA,NA,NA
"5786",2011-09-16,NA,NA,NA,NA,NA
"5787",2011-09-19,NA,NA,NA,NA,NA
"5788",2011-09-20,NA,NA,NA,NA,NA
"5789",2011-09-21,NA,NA,NA,NA,NA
"5790",2011-09-22,NA,NA,NA,NA,NA
"5791",2011-09-23,NA,NA,NA,NA,NA
"5792",2011-09-26,NA,NA,NA,NA,NA
"5793",2011-09-27,NA,NA,NA,NA,NA
"5794",2011-09-28,NA,NA,NA,NA,NA
"5795",2011-09-29,NA,NA,NA,NA,NA
"5796",2011-09-30,NA,NA,NA,NA,NA
"5797",2011-10-04,NA,NA,NA,NA,NA
"5798",2011-10-05,NA,NA,NA,NA,NA
"5799",2011-10-06,NA,NA,NA,NA,NA
"5800",2011-10-07,NA,NA,NA,NA,NA
"5801",2011-10-10,NA,NA,NA,NA,NA
"5802",2011-10-11,NA,NA,NA,NA,NA
"5803",2011-10-12,NA,NA,NA,NA,NA
"5804",2011-10-13,NA,NA,NA,NA,NA
"5805",2011-10-14,NA,NA,NA,NA,NA
"5806",2011-10-17,NA,NA,NA,NA,NA
"5807",2011-10-18,NA,NA,NA,NA,NA
"5808",2011-10-19,NA,NA,NA,NA,NA
"5809",2011-10-20,NA,NA,NA,NA,NA
"5810",2011-10-21,NA,NA,NA,NA,NA
"5811",2011-10-24,NA,NA,NA,NA,NA
"5812",2011-10-25,NA,NA,NA,NA,NA
"5813",2011-10-26,NA,NA,NA,NA,NA
"5814",2011-10-27,NA,NA,NA,NA,NA
"5815",2011-10-28,NA,NA,NA,NA,NA
"5816",2011-10-31,NA,NA,NA,NA,NA
"5817",2011-11-01,NA,NA,NA,NA,NA
"5818",2011-11-02,NA,NA,NA,NA,NA
"5819",2011-11-03,NA,NA,NA,NA,NA
"5820",2011-11-04,NA,NA,NA,NA,NA
"5821",2011-11-07,NA,NA,NA,NA,NA
"5822",2011-11-08,NA,NA,NA,NA,NA
"5823",2011-11-09,NA,NA,NA,NA,NA
"5824",2011-11-10,NA,NA,NA,NA,NA
"5825",2011-11-11,NA,NA,NA,NA,NA
"5826",2011-11-14,NA,NA,NA,NA,NA
"5827",2011-11-15,NA,NA,NA,NA,NA
"5828",2011-11-16,NA,NA,NA,NA,NA
"5829",2011-11-17,NA,NA,NA,NA,NA
"5830",2011-11-18,NA,NA,NA,NA,NA
"5831",2011-11-21,NA,NA,NA,NA,NA
"5832",2011-11-22,NA,NA,NA,NA,NA
"5833",2011-11-23,NA,NA,NA,NA,NA
"5834",2011-11-24,NA,NA,NA,NA,NA
"5835",2011-11-25,NA,NA,NA,NA,NA
"5836",2011-11-28,NA,NA,NA,NA,NA
"5837",2011-11-29,NA,NA,NA,NA,NA
"5838",2011-11-30,NA,NA,NA,NA,NA
"5839",2011-12-01,NA,NA,NA,NA,NA
"5840",2011-12-02,NA,NA,NA,NA,NA
"5841",2011-12-05,NA,NA,NA,NA,NA
"5842",2011-12-06,NA,NA,NA,NA,NA
"5843",2011-12-07,NA,NA,NA,NA,NA
"5844",2011-12-08,NA,NA,NA,NA,NA
"5845",2011-12-09,NA,NA,NA,NA,NA
"5846",2011-12-12,NA,NA,NA,NA,NA
"5847",2011-12-13,NA,NA,NA,NA,NA
"5848",2011-12-14,NA,NA,NA,NA,NA
"5849",2011-12-15,NA,NA,NA,NA,NA
"5850",2011-12-16,NA,NA,NA,NA,NA
"5851",2011-12-19,NA,NA,NA,NA,NA
"5852",2011-12-20,NA,NA,NA,NA,NA
"5853",2011-12-21,NA,NA,NA,NA,NA
"5854",2011-12-22,NA,NA,NA,NA,NA
"5855",2011-12-23,NA,NA,NA,NA,NA
"5856",2011-12-26,NA,NA,NA,NA,NA
"5857",2011-12-27,NA,NA,NA,NA,NA
"5858",2011-12-28,NA,NA,NA,NA,NA
"5859",2011-12-29,NA,NA,NA,NA,NA
"5860",2012-01-02,NA,NA,NA,NA,NA
"5861",2012-01-03,NA,NA,NA,NA,NA
"5862",2012-01-04,NA,NA,NA,NA,NA
"5863",2012-01-05,NA,NA,NA,NA,NA
"5864",2012-01-06,NA,NA,NA,NA,NA
"5865",2012-01-09,NA,NA,NA,NA,NA
"5866",2012-01-10,NA,NA,NA,NA,NA
"5867",2012-01-11,NA,NA,NA,NA,NA
"5868",2012-01-12,NA,NA,NA,NA,NA
"5869",2012-01-13,NA,NA,NA,NA,NA
"5870",2012-01-16,NA,NA,NA,NA,NA
"5871",2012-01-17,NA,NA,NA,NA,NA
"5872",2012-01-18,NA,NA,NA,NA,NA
"5873",2012-01-19,NA,NA,NA,NA,NA
"5874",2012-01-20,NA,NA,NA,NA,NA
"5875",2012-01-25,NA,NA,NA,NA,NA
"5876",2012-01-26,NA,NA,NA,NA,NA
"5877",2012-01-27,NA,NA,NA,NA,NA
"5878",2012-01-30,NA,NA,NA,NA,NA
"5879",2012-01-31,NA,NA,NA,NA,NA
"5880",2012-02-01,NA,NA,NA,NA,NA
"5881",2012-02-02,NA,NA,NA,NA,NA
"5882",2012-02-03,NA,NA,NA,NA,NA
"5883",2012-02-06,NA,NA,NA,NA,NA
"5884",2012-02-07,NA,NA,NA,NA,NA
"5885",2012-02-08,NA,NA,NA,NA,NA
"5886",2012-02-09,NA,NA,NA,NA,NA
"5887",2012-02-10,NA,NA,NA,NA,NA
"5888",2012-02-13,NA,NA,NA,NA,NA
"5889",2012-02-14,NA,NA,NA,NA,NA
"5890",2012-02-15,NA,NA,NA,NA,NA
"5891",2012-02-16,NA,NA,NA,NA,NA
"5892",2012-02-17,NA,NA,NA,NA,NA
"5893",2012-02-20,NA,NA,NA,NA,NA
"5894",2012-02-21,NA,NA,NA,NA,NA
"5895",2012-02-22,NA,NA,NA,NA,NA
"5896",2012-02-23,NA,NA,NA,NA,NA
"5897",2012-02-24,NA,NA,NA,NA,NA
"5898",2012-02-27,NA,NA,NA,NA,NA
"5899",2012-02-28,NA,NA,NA,NA,NA
"5900",2012-02-29,NA,NA,NA,NA,NA
"5901",2012-03-02,NA,NA,NA,NA,NA
"5902",2012-03-05,NA,NA,NA,NA,NA
"5903",2012-03-06,NA,NA,NA,NA,NA
"5904",2012-03-07,NA,NA,NA,NA,NA
"5905",2012-03-08,NA,NA,NA,NA,NA
"5906",2012-03-09,NA,NA,NA,NA,NA
"5907",2012-03-12,NA,NA,NA,NA,NA
"5908",2012-03-13,NA,NA,NA,NA,NA
"5909",2012-03-14,NA,NA,NA,NA,NA
"5910",2012-03-15,NA,NA,NA,NA,NA
"5911",2012-03-16,NA,NA,NA,NA,NA
"5912",2012-03-19,NA,NA,NA,NA,NA
"5913",2012-03-20,NA,NA,NA,NA,NA
"5914",2012-03-21,NA,NA,NA,NA,NA
"5915",2012-03-22,NA,NA,NA,NA,NA
"5916",2012-03-23,NA,NA,NA,NA,NA
"5917",2012-03-26,NA,NA,NA,NA,NA
"5918",2012-03-27,NA,NA,NA,NA,NA
"5919",2012-03-28,NA,NA,NA,NA,NA
"5920",2012-03-29,NA,NA,NA,NA,NA
"5921",2012-03-30,NA,NA,NA,NA,NA
"5922",2012-04-02,NA,NA,NA,NA,NA
"5923",2012-04-03,NA,NA,NA,NA,NA
"5924",2012-04-04,NA,NA,NA,NA,NA
"5925",2012-04-05,NA,NA,NA,NA,NA
"5926",2012-04-06,NA,NA,NA,NA,NA
"5927",2012-04-09,NA,NA,NA,NA,NA
"5928",2012-04-10,NA,NA,NA,NA,NA
"5929",2012-04-12,NA,NA,NA,NA,NA
"5930",2012-04-13,NA,NA,NA,NA,NA
"5931",2012-04-16,NA,NA,NA,NA,NA
"5932",2012-04-17,NA,NA,NA,NA,NA
"5933",2012-04-18,NA,NA,NA,NA,NA
"5934",2012-04-19,NA,NA,NA,NA,NA
"5935",2012-04-20,NA,NA,NA,NA,NA
"5936",2012-04-23,NA,NA,NA,NA,NA
"5937",2012-04-24,NA,NA,NA,NA,NA
"5938",2012-04-25,NA,NA,NA,NA,NA
"5939",2012-04-26,NA,NA,NA,NA,NA
"5940",2012-04-27,NA,NA,NA,NA,NA
"5941",2012-04-30,NA,NA,NA,NA,NA
"5942",2012-05-02,NA,NA,NA,NA,NA
"5943",2012-05-03,NA,NA,NA,NA,NA
"5944",2012-05-04,NA,NA,NA,NA,NA
"5945",2012-05-07,NA,NA,NA,NA,NA
"5946",2012-05-08,NA,NA,NA,NA,NA
"5947",2012-05-09,NA,NA,NA,NA,NA
"5948",2012-05-10,NA,NA,NA,NA,NA
"5949",2012-05-11,NA,NA,NA,NA,NA
"5950",2012-05-14,NA,NA,NA,NA,NA
"5951",2012-05-15,NA,NA,NA,NA,NA
"5952",2012-05-16,NA,NA,NA,NA,NA
"5953",2012-05-17,NA,NA,NA,NA,NA
"5954",2012-05-18,NA,NA,NA,NA,NA
"5955",2012-05-21,NA,NA,NA,NA,NA
"5956",2012-05-22,NA,NA,NA,NA,NA
"5957",2012-05-23,NA,NA,NA,NA,NA
"5958",2012-05-24,NA,NA,NA,NA,NA
"5959",2012-05-25,NA,NA,NA,NA,NA
"5960",2012-05-29,NA,NA,NA,NA,NA
"5961",2012-05-30,NA,NA,NA,NA,NA
"5962",2012-05-31,NA,NA,NA,NA,NA
"5963",2012-06-01,NA,NA,NA,NA,NA
"5964",2012-06-04,NA,NA,NA,NA,NA
"5965",2012-06-05,NA,NA,NA,NA,NA
"5966",2012-06-07,NA,NA,NA,NA,NA
"5967",2012-06-08,NA,NA,NA,NA,NA
"5968",2012-06-11,NA,NA,NA,NA,NA
"5969",2012-06-12,NA,NA,NA,NA,NA
"5970",2012-06-13,NA,NA,NA,NA,NA
"5971",2012-06-14,NA,NA,NA,NA,NA
"5972",2012-06-15,NA,NA,NA,NA,NA
"5973",2012-06-18,NA,NA,NA,NA,NA
"5974",2012-06-19,NA,NA,NA,NA,NA
"5975",2012-06-20,NA,NA,NA,NA,NA
"5976",2012-06-21,NA,NA,NA,NA,NA
"5977",2012-06-22,NA,NA,NA,NA,NA
"5978",2012-06-25,NA,NA,NA,NA,NA
"5979",2012-06-26,NA,NA,NA,NA,NA
"5980",2012-06-27,NA,NA,NA,NA,NA
"5981",2012-06-28,NA,NA,NA,NA,NA
"5982",2012-06-29,NA,NA,NA,NA,NA
"5983",2012-07-02,NA,NA,NA,NA,NA
"5984",2012-07-03,NA,NA,NA,NA,NA
"5985",2012-07-04,NA,NA,NA,NA,NA
"5986",2012-07-05,NA,NA,NA,NA,NA
"5987",2012-07-06,NA,NA,NA,NA,NA
"5988",2012-07-09,NA,NA,NA,NA,NA
"5989",2012-07-10,NA,NA,NA,NA,NA
"5990",2012-07-11,NA,NA,NA,NA,NA
"5991",2012-07-12,NA,NA,NA,NA,NA
"5992",2012-07-13,NA,NA,NA,NA,NA
"5993",2012-07-16,NA,NA,NA,NA,NA
"5994",2012-07-17,NA,NA,NA,NA,NA
"5995",2012-07-18,NA,NA,NA,NA,NA
"5996",2012-07-19,NA,NA,NA,NA,NA
"5997",2012-07-20,NA,NA,NA,NA,NA
"5998",2012-07-23,NA,NA,NA,NA,NA
"5999",2012-07-24,NA,NA,NA,NA,NA
"6000",2012-07-25,NA,NA,NA,NA,NA
"6001",2012-07-26,NA,NA,NA,NA,NA
"6002",2012-07-27,NA,NA,NA,NA,NA
"6003",2012-07-30,NA,NA,NA,NA,NA
"6004",2012-07-31,NA,NA,NA,NA,NA
"6005",2012-08-01,NA,NA,NA,NA,NA
"6006",2012-08-02,NA,NA,NA,NA,NA
"6007",2012-08-03,NA,NA,NA,NA,NA
"6008",2012-08-06,NA,NA,NA,NA,NA
"6009",2012-08-07,NA,NA,NA,NA,NA
"6010",2012-08-08,NA,NA,NA,NA,NA
"6011",2012-08-09,NA,NA,NA,NA,NA
"6012",2012-08-10,NA,NA,NA,NA,NA
"6013",2012-08-13,NA,NA,NA,NA,NA
"6014",2012-08-14,NA,NA,NA,NA,NA
"6015",2012-08-16,NA,NA,NA,NA,NA
"6016",2012-08-17,NA,NA,NA,NA,NA
"6017",2012-08-20,NA,NA,NA,NA,NA
"6018",2012-08-21,NA,NA,NA,NA,NA
"6019",2012-08-22,NA,NA,NA,NA,NA
"6020",2012-08-23,NA,NA,NA,NA,NA
"6021",2012-08-24,NA,NA,NA,NA,NA
"6022",2012-08-27,NA,NA,NA,NA,NA
"6023",2012-08-28,NA,NA,NA,NA,NA
"6024",2012-08-29,NA,NA,NA,NA,NA
"6025",2012-08-30,NA,NA,NA,NA,NA
"6026",2012-08-31,NA,NA,NA,NA,NA
"6027",2012-09-03,NA,NA,NA,NA,NA
"6028",2012-09-04,NA,NA,NA,NA,NA
"6029",2012-09-05,NA,NA,NA,NA,NA
"6030",2012-09-06,NA,NA,NA,NA,NA
"6031",2012-09-07,NA,NA,NA,NA,NA
"6032",2012-09-10,NA,NA,NA,NA,NA
"6033",2012-09-11,NA,NA,NA,NA,NA
"6034",2012-09-12,NA,NA,NA,NA,NA
"6035",2012-09-13,NA,NA,NA,NA,NA
"6036",2012-09-14,NA,NA,NA,NA,NA
"6037",2012-09-17,NA,NA,NA,NA,NA
"6038",2012-09-18,NA,NA,NA,NA,NA
"6039",2012-09-19,NA,NA,NA,NA,NA
"6040",2012-09-20,NA,NA,NA,NA,NA
"6041",2012-09-21,NA,NA,NA,NA,NA
"6042",2012-09-24,NA,NA,NA,NA,NA
"6043",2012-09-25,NA,NA,NA,NA,NA
"6044",2012-09-26,NA,NA,NA,NA,NA
"6045",2012-09-27,NA,NA,NA,NA,NA
"6046",2012-09-28,NA,NA,NA,NA,NA
"6047",2012-10-02,NA,NA,NA,NA,NA
"6048",2012-10-04,NA,NA,NA,NA,NA
"6049",2012-10-05,NA,NA,NA,NA,NA
"6050",2012-10-08,NA,NA,NA,NA,NA
"6051",2012-10-09,NA,NA,NA,NA,NA
"6052",2012-10-10,NA,NA,NA,NA,NA
"6053",2012-10-11,NA,NA,NA,NA,NA
"6054",2012-10-12,NA,NA,NA,NA,NA
"6055",2012-10-15,NA,NA,NA,NA,NA
"6056",2012-10-16,NA,NA,NA,NA,NA
"6057",2012-10-17,NA,NA,NA,NA,NA
"6058",2012-10-18,NA,NA,NA,NA,NA
"6059",2012-10-19,NA,NA,NA,NA,NA
"6060",2012-10-22,NA,NA,NA,NA,NA
"6061",2012-10-23,NA,NA,NA,NA,NA
"6062",2012-10-24,NA,NA,NA,NA,NA
"6063",2012-10-25,NA,NA,NA,NA,NA
"6064",2012-10-26,NA,NA,NA,NA,NA
"6065",2012-10-29,NA,NA,NA,NA,NA
"6066",2012-10-30,NA,NA,NA,NA,NA
"6067",2012-10-31,NA,NA,NA,NA,NA
"6068",2012-11-01,NA,NA,NA,NA,NA
"6069",2012-11-02,NA,NA,NA,NA,NA
"6070",2012-11-05,NA,NA,NA,NA,NA
"6071",2012-11-06,NA,NA,NA,NA,NA
"6072",2012-11-07,NA,NA,NA,NA,NA
"6073",2012-11-08,NA,NA,NA,NA,NA
"6074",2012-11-09,NA,NA,NA,NA,NA
"6075",2012-11-12,NA,NA,NA,NA,NA
"6076",2012-11-13,NA,NA,NA,NA,NA
"6077",2012-11-14,NA,NA,NA,NA,NA
"6078",2012-11-15,NA,NA,NA,NA,NA
"6079",2012-11-16,NA,NA,NA,NA,NA
"6080",2012-11-19,NA,NA,NA,NA,NA
"6081",2012-11-20,NA,NA,NA,NA,NA
"6082",2012-11-21,NA,NA,NA,NA,NA
"6083",2012-11-22,NA,NA,NA,NA,NA
"6084",2012-11-23,NA,NA,NA,NA,NA
"6085",2012-11-26,NA,NA,NA,NA,NA
"6086",2012-11-27,NA,NA,NA,NA,NA
"6087",2012-11-28,NA,NA,NA,NA,NA
"6088",2012-11-29,NA,NA,NA,NA,NA
"6089",2012-11-30,NA,NA,NA,NA,NA
"6090",2012-12-03,NA,NA,NA,NA,NA
"6091",2012-12-04,NA,NA,NA,NA,NA
"6092",2012-12-05,NA,NA,NA,NA,NA
"6093",2012-12-06,NA,NA,NA,NA,NA
"6094",2012-12-07,NA,NA,NA,NA,NA
"6095",2012-12-10,NA,NA,NA,NA,NA
"6096",2012-12-11,NA,NA,NA,NA,NA
"6097",2012-12-12,NA,NA,NA,NA,NA
"6098",2012-12-13,NA,NA,NA,NA,NA
"6099",2012-12-14,NA,NA,NA,NA,NA
"6100",2012-12-17,NA,NA,NA,NA,NA
"6101",2012-12-18,NA,NA,NA,NA,NA
"6102",2012-12-20,NA,NA,NA,NA,NA
"6103",2012-12-21,NA,NA,NA,NA,NA
"6104",2012-12-24,NA,NA,NA,NA,NA
"6105",2012-12-26,NA,NA,NA,NA,NA
"6106",2012-12-27,NA,NA,NA,NA,NA
"6107",2012-12-28,NA,NA,NA,NA,NA
"6108",2013-01-02,NA,NA,NA,NA,NA
"6109",2013-01-03,NA,NA,NA,NA,NA
"6110",2013-01-04,NA,NA,NA,NA,NA
"6111",2013-01-07,NA,NA,NA,NA,NA
"6112",2013-01-08,NA,NA,NA,NA,NA
"6113",2013-01-09,NA,NA,NA,NA,NA
"6114",2013-01-10,NA,NA,NA,NA,NA
"6115",2013-01-11,NA,NA,NA,NA,NA
"6116",2013-01-14,NA,NA,NA,NA,NA
"6117",2013-01-15,NA,NA,NA,NA,NA
"6118",2013-01-16,NA,NA,NA,NA,NA
"6119",2013-01-17,NA,NA,NA,NA,NA
"6120",2013-01-18,NA,NA,NA,NA,NA
"6121",2013-01-21,NA,NA,NA,NA,NA
"6122",2013-01-22,NA,NA,NA,NA,NA
"6123",2013-01-23,NA,NA,NA,NA,NA
"6124",2013-01-24,NA,NA,NA,NA,NA
"6125",2013-01-25,NA,NA,NA,NA,NA
"6126",2013-01-28,NA,NA,NA,NA,NA
"6127",2013-01-29,NA,NA,NA,NA,NA
"6128",2013-01-30,NA,NA,NA,NA,NA
"6129",2013-01-31,NA,NA,NA,NA,NA
"6130",2013-02-01,NA,NA,NA,NA,NA
"6131",2013-02-04,NA,NA,NA,NA,NA
"6132",2013-02-05,NA,NA,NA,NA,NA
"6133",2013-02-06,NA,NA,NA,NA,NA
"6134",2013-02-07,NA,NA,NA,NA,NA
"6135",2013-02-08,NA,NA,NA,NA,NA
"6136",2013-02-12,NA,NA,NA,NA,NA
"6137",2013-02-13,NA,NA,NA,NA,NA
"6138",2013-02-14,NA,NA,NA,NA,NA
"6139",2013-02-15,NA,NA,NA,NA,NA
"6140",2013-02-18,NA,NA,NA,NA,NA
"6141",2013-02-19,NA,NA,NA,NA,NA
"6142",2013-02-20,NA,NA,NA,NA,NA
"6143",2013-02-21,NA,NA,NA,NA,NA
"6144",2013-02-22,NA,NA,NA,NA,NA
"6145",2013-02-25,NA,NA,NA,NA,NA
"6146",2013-02-26,NA,NA,NA,NA,NA
"6147",2013-02-27,NA,NA,NA,NA,NA
"6148",2013-02-28,NA,NA,NA,NA,NA
"6149",2013-03-04,NA,NA,NA,NA,NA
"6150",2013-03-05,NA,NA,NA,NA,NA
"6151",2013-03-06,NA,NA,NA,NA,NA
"6152",2013-03-07,NA,NA,NA,NA,NA
"6153",2013-03-08,NA,NA,NA,NA,NA
"6154",2013-03-11,NA,NA,NA,NA,NA
"6155",2013-03-12,NA,NA,NA,NA,NA
"6156",2013-03-13,NA,NA,NA,NA,NA
"6157",2013-03-14,NA,NA,NA,NA,NA
"6158",2013-03-15,NA,NA,NA,NA,NA
"6159",2013-03-18,NA,NA,NA,NA,NA
"6160",2013-03-19,NA,NA,NA,NA,NA
"6161",2013-03-20,NA,NA,NA,NA,NA
"6162",2013-03-21,NA,NA,NA,NA,NA
"6163",2013-03-22,NA,NA,NA,NA,NA
"6164",2013-03-25,NA,NA,NA,NA,NA
"6165",2013-03-26,NA,NA,NA,NA,NA
"6166",2013-03-27,NA,NA,NA,NA,NA
"6167",2013-03-28,NA,NA,NA,NA,NA
"6168",2013-03-29,NA,NA,NA,NA,NA
"6169",2013-04-01,NA,NA,NA,NA,NA
"6170",2013-04-02,NA,NA,NA,NA,NA
"6171",2013-04-03,NA,NA,NA,NA,NA
"6172",2013-04-04,NA,NA,NA,NA,NA
"6173",2013-04-05,NA,NA,NA,NA,NA
"6174",2013-04-08,NA,NA,NA,NA,NA
"6175",2013-04-09,NA,NA,NA,NA,NA
"6176",2013-04-10,NA,NA,NA,NA,NA
"6177",2013-04-11,NA,NA,NA,NA,NA
"6178",2013-04-12,NA,NA,NA,NA,NA
"6179",2013-04-15,NA,NA,NA,NA,NA
"6180",2013-04-16,NA,NA,NA,NA,NA
"6181",2013-04-17,NA,NA,NA,NA,NA
"6182",2013-04-18,NA,NA,NA,NA,NA
"6183",2013-04-19,NA,NA,NA,NA,NA
"6184",2013-04-22,NA,NA,NA,NA,NA
"6185",2013-04-23,NA,NA,NA,NA,NA
"6186",2013-04-24,NA,NA,NA,NA,NA
"6187",2013-04-25,NA,NA,NA,NA,NA
"6188",2013-04-26,NA,NA,NA,NA,NA
"6189",2013-04-29,NA,NA,NA,NA,NA
"6190",2013-04-30,NA,NA,NA,NA,NA
"6191",2013-05-02,NA,NA,NA,NA,NA
"6192",2013-05-03,NA,NA,NA,NA,NA
"6193",2013-05-06,NA,NA,NA,NA,NA
"6194",2013-05-07,NA,NA,NA,NA,NA
"6195",2013-05-08,NA,NA,NA,NA,NA
"6196",2013-05-09,NA,NA,NA,NA,NA
"6197",2013-05-10,NA,NA,NA,NA,NA
"6198",2013-05-13,NA,NA,NA,NA,NA
"6199",2013-05-14,NA,NA,NA,NA,NA
"6200",2013-05-15,NA,NA,NA,NA,NA
"6201",2013-05-16,NA,NA,NA,NA,NA
"6202",2013-05-20,NA,NA,NA,NA,NA
"6203",2013-05-21,NA,NA,NA,NA,NA
"6204",2013-05-22,NA,NA,NA,NA,NA
"6205",2013-05-23,NA,NA,NA,NA,NA
"6206",2013-05-24,NA,NA,NA,NA,NA
"6207",2013-05-27,NA,NA,NA,NA,NA
"6208",2013-05-28,NA,NA,NA,NA,NA
"6209",2013-05-29,NA,NA,NA,NA,NA
"6210",2013-05-30,NA,NA,NA,NA,NA
"6211",2013-05-31,NA,NA,NA,NA,NA
"6212",2013-06-03,NA,NA,NA,NA,NA
"6213",2013-06-04,NA,NA,NA,NA,NA
"6214",2013-06-05,NA,NA,NA,NA,NA
"6215",2013-06-07,NA,NA,NA,NA,NA
"6216",2013-06-10,NA,NA,NA,NA,NA
"6217",2013-06-11,NA,NA,NA,NA,NA
"6218",2013-06-12,NA,NA,NA,NA,NA
"6219",2013-06-13,NA,NA,NA,NA,NA
"6220",2013-06-14,NA,NA,NA,NA,NA
"6221",2013-06-17,NA,NA,NA,NA,NA
"6222",2013-06-18,NA,NA,NA,NA,NA
"6223",2013-06-19,NA,NA,NA,NA,NA
"6224",2013-06-20,NA,NA,NA,NA,NA
"6225",2013-06-21,NA,NA,NA,NA,NA
"6226",2013-06-24,NA,NA,NA,NA,NA
"6227",2013-06-25,NA,NA,NA,NA,NA
"6228",2013-06-26,NA,NA,NA,NA,NA
"6229",2013-06-27,NA,NA,NA,NA,NA
"6230",2013-06-28,NA,NA,NA,NA,NA
"6231",2013-07-01,NA,NA,NA,NA,NA
"6232",2013-07-02,NA,NA,NA,NA,NA
"6233",2013-07-03,NA,NA,NA,NA,NA
"6234",2013-07-04,NA,NA,NA,NA,NA
"6235",2013-07-05,NA,NA,NA,NA,NA
"6236",2013-07-08,NA,NA,NA,NA,NA
"6237",2013-07-09,NA,NA,NA,NA,NA
"6238",2013-07-10,NA,NA,NA,NA,NA
"6239",2013-07-11,NA,NA,NA,NA,NA
"6240",2013-07-12,NA,NA,NA,NA,NA
"6241",2013-07-15,NA,NA,NA,NA,NA
"6242",2013-07-16,NA,NA,NA,NA,NA
"6243",2013-07-17,NA,NA,NA,NA,NA
"6244",2013-07-18,NA,NA,NA,NA,NA
"6245",2013-07-19,NA,NA,NA,NA,NA
"6246",2013-07-22,NA,NA,NA,NA,NA
"6247",2013-07-23,NA,NA,NA,NA,NA
"6248",2013-07-24,NA,NA,NA,NA,NA
"6249",2013-07-25,NA,NA,NA,NA,NA
"6250",2013-07-26,NA,NA,NA,NA,NA
"6251",2013-07-29,NA,NA,NA,NA,NA
"6252",2013-07-30,NA,NA,NA,NA,NA
"6253",2013-07-31,NA,NA,NA,NA,NA
"6254",2013-08-01,NA,NA,NA,NA,NA
"6255",2013-08-02,NA,NA,NA,NA,NA
"6256",2013-08-05,NA,NA,NA,NA,NA
"6257",2013-08-06,NA,NA,NA,NA,NA
"6258",2013-08-07,NA,NA,NA,NA,NA
"6259",2013-08-08,NA,NA,NA,NA,NA
"6260",2013-08-09,NA,NA,NA,NA,NA
"6261",2013-08-12,NA,NA,NA,NA,NA
"6262",2013-08-13,NA,NA,NA,NA,NA
"6263",2013-08-14,NA,NA,NA,NA,NA
"6264",2013-08-16,NA,NA,NA,NA,NA
"6265",2013-08-19,NA,NA,NA,NA,NA
"6266",2013-08-20,NA,NA,NA,NA,NA
"6267",2013-08-21,NA,NA,NA,NA,NA
"6268",2013-08-22,NA,NA,NA,NA,NA
"6269",2013-08-23,NA,NA,NA,NA,NA
"6270",2013-08-26,NA,NA,NA,NA,NA
"6271",2013-08-27,NA,NA,NA,NA,NA
"6272",2013-08-28,NA,NA,NA,NA,NA
"6273",2013-08-29,NA,NA,NA,NA,NA
"6274",2013-08-30,NA,NA,NA,NA,NA
"6275",2013-09-02,NA,NA,NA,NA,NA
"6276",2013-09-03,NA,NA,NA,NA,NA
"6277",2013-09-04,NA,NA,NA,NA,NA
"6278",2013-09-05,NA,NA,NA,NA,NA
"6279",2013-09-06,NA,NA,NA,NA,NA
"6280",2013-09-09,NA,NA,NA,NA,NA
"6281",2013-09-10,NA,NA,NA,NA,NA
"6282",2013-09-11,NA,NA,NA,NA,NA
"6283",2013-09-12,NA,NA,NA,NA,NA
"6284",2013-09-13,NA,NA,NA,NA,NA
"6285",2013-09-16,NA,NA,NA,NA,NA
"6286",2013-09-17,NA,NA,NA,NA,NA
"6287",2013-09-23,NA,NA,NA,NA,NA
"6288",2013-09-24,NA,NA,NA,NA,NA
"6289",2013-09-25,NA,NA,NA,NA,NA
"6290",2013-09-26,NA,NA,NA,NA,NA
"6291",2013-09-27,NA,NA,NA,NA,NA
"6292",2013-09-30,NA,NA,NA,NA,NA
"6293",2013-10-01,NA,NA,NA,NA,NA
"6294",2013-10-02,NA,NA,NA,NA,NA
"6295",2013-10-04,NA,NA,NA,NA,NA
"6296",2013-10-07,NA,NA,NA,NA,NA
"6297",2013-10-08,NA,NA,NA,NA,NA
"6298",2013-10-10,NA,NA,NA,NA,NA
"6299",2013-10-11,NA,NA,NA,NA,NA
"6300",2013-10-14,NA,NA,NA,NA,NA
"6301",2013-10-15,NA,NA,NA,NA,NA
"6302",2013-10-16,NA,NA,NA,NA,NA
"6303",2013-10-17,NA,NA,NA,NA,NA
"6304",2013-10-18,NA,NA,NA,NA,NA
"6305",2013-10-21,NA,NA,NA,NA,NA
"6306",2013-10-22,NA,NA,NA,NA,NA
"6307",2013-10-23,NA,NA,NA,NA,NA
"6308",2013-10-24,NA,NA,NA,NA,NA
"6309",2013-10-25,NA,NA,NA,NA,NA
"6310",2013-10-28,NA,NA,NA,NA,NA
"6311",2013-10-29,NA,NA,NA,NA,NA
"6312",2013-10-30,NA,NA,NA,NA,NA
"6313",2013-10-31,NA,NA,NA,NA,NA
"6314",2013-11-01,NA,NA,NA,NA,NA
"6315",2013-11-04,NA,NA,NA,NA,NA
"6316",2013-11-05,NA,NA,NA,NA,NA
"6317",2013-11-06,NA,NA,NA,NA,NA
"6318",2013-11-07,NA,NA,NA,NA,NA
"6319",2013-11-08,NA,NA,NA,NA,NA
"6320",2013-11-11,NA,NA,NA,NA,NA
"6321",2013-11-12,NA,NA,NA,NA,NA
"6322",2013-11-13,NA,NA,NA,NA,NA
"6323",2013-11-14,NA,NA,NA,NA,NA
"6324",2013-11-15,NA,NA,NA,NA,NA
"6325",2013-11-18,NA,NA,NA,NA,NA
"6326",2013-11-19,NA,NA,NA,NA,NA
"6327",2013-11-20,NA,NA,NA,NA,NA
"6328",2013-11-21,NA,NA,NA,NA,NA
"6329",2013-11-22,NA,NA,NA,NA,NA
"6330",2013-11-25,NA,NA,NA,NA,NA
"6331",2013-11-26,NA,NA,NA,NA,NA
"6332",2013-11-27,NA,NA,NA,NA,NA
"6333",2013-11-28,NA,NA,NA,NA,NA
"6334",2013-11-29,NA,NA,NA,NA,NA
"6335",2013-12-02,NA,NA,NA,NA,NA
"6336",2013-12-03,NA,NA,NA,NA,NA
"6337",2013-12-04,NA,NA,NA,NA,NA
"6338",2013-12-05,NA,NA,NA,NA,NA
"6339",2013-12-06,NA,NA,NA,NA,NA
"6340",2013-12-09,NA,NA,NA,NA,NA
"6341",2013-12-10,NA,NA,NA,NA,NA
"6342",2013-12-11,NA,NA,NA,NA,NA
"6343",2013-12-12,NA,NA,NA,NA,NA
"6344",2013-12-13,NA,NA,NA,NA,NA
"6345",2013-12-16,NA,NA,NA,NA,NA
"6346",2013-12-17,NA,NA,NA,NA,NA
"6347",2013-12-18,NA,NA,NA,NA,NA
"6348",2013-12-19,NA,NA,NA,NA,NA
"6349",2013-12-20,NA,NA,NA,NA,NA
"6350",2013-12-23,NA,NA,NA,NA,NA
"6351",2013-12-24,NA,NA,NA,NA,NA
"6352",2013-12-26,NA,NA,NA,NA,NA
"6353",2013-12-27,NA,NA,NA,NA,NA
"6354",2013-12-30,NA,NA,NA,NA,NA
"6355",2014-01-02,NA,NA,NA,NA,NA
"6356",2014-01-03,NA,NA,NA,NA,NA
"6357",2014-01-06,NA,NA,NA,NA,NA
"6358",2014-01-07,NA,NA,NA,NA,NA
"6359",2014-01-08,NA,NA,NA,NA,NA
"6360",2014-01-09,NA,NA,NA,NA,NA
"6361",2014-01-10,NA,NA,NA,NA,NA
"6362",2014-01-13,NA,NA,NA,NA,NA
"6363",2014-01-14,NA,NA,NA,NA,NA
"6364",2014-01-15,NA,NA,NA,NA,NA
"6365",2014-01-16,NA,NA,NA,NA,NA
"6366",2014-01-17,NA,NA,NA,NA,NA
"6367",2014-01-20,NA,NA,NA,NA,NA
"6368",2014-01-21,NA,NA,NA,NA,NA
"6369",2014-01-22,NA,NA,NA,NA,NA
"6370",2014-01-23,NA,NA,NA,NA,NA
"6371",2014-01-24,NA,NA,NA,NA,NA
"6372",2014-01-27,NA,NA,NA,NA,NA
"6373",2014-01-28,NA,NA,NA,NA,NA
"6374",2014-01-29,NA,NA,NA,NA,NA
"6375",2014-02-03,NA,NA,NA,NA,NA
"6376",2014-02-04,NA,NA,NA,NA,NA
"6377",2014-02-05,NA,NA,NA,NA,NA
"6378",2014-02-06,NA,NA,NA,NA,NA
"6379",2014-02-07,NA,NA,NA,NA,NA
"6380",2014-02-10,NA,NA,NA,NA,NA
"6381",2014-02-11,NA,NA,NA,NA,NA
"6382",2014-02-12,NA,NA,NA,NA,NA
"6383",2014-02-13,NA,NA,NA,NA,NA
"6384",2014-02-14,NA,NA,NA,NA,NA
"6385",2014-02-17,NA,NA,NA,NA,NA
"6386",2014-02-18,NA,NA,NA,NA,NA
"6387",2014-02-19,NA,NA,NA,NA,NA
"6388",2014-02-20,NA,NA,NA,NA,NA
"6389",2014-02-21,NA,NA,NA,NA,NA
"6390",2014-02-24,NA,NA,NA,NA,NA
"6391",2014-02-25,NA,NA,NA,NA,NA
"6392",2014-02-26,NA,NA,NA,NA,NA
"6393",2014-02-27,NA,NA,NA,NA,NA
"6394",2014-02-28,NA,NA,NA,NA,NA
"6395",2014-03-03,NA,NA,NA,NA,NA
"6396",2014-03-04,NA,NA,NA,NA,NA
"6397",2014-03-05,NA,NA,NA,NA,NA
"6398",2014-03-06,NA,NA,NA,NA,NA
"6399",2014-03-07,NA,NA,NA,NA,NA
"6400",2014-03-10,NA,NA,NA,NA,NA
"6401",2014-03-11,NA,NA,NA,NA,NA
"6402",2014-03-12,NA,NA,NA,NA,NA
"6403",2014-03-13,NA,NA,NA,NA,NA
"6404",2014-03-14,NA,NA,NA,NA,NA
"6405",2014-03-17,NA,NA,NA,NA,NA
"6406",2014-03-18,NA,NA,NA,NA,NA
"6407",2014-03-19,NA,NA,NA,NA,NA
"6408",2014-03-20,NA,NA,NA,NA,NA
"6409",2014-03-21,NA,NA,NA,NA,NA
"6410",2014-03-24,NA,NA,NA,NA,NA
"6411",2014-03-25,NA,NA,NA,NA,NA
"6412",2014-03-26,NA,NA,NA,NA,NA
"6413",2014-03-27,NA,NA,NA,NA,NA
"6414",2014-03-28,NA,NA,NA,NA,NA
"6415",2014-03-31,NA,NA,NA,NA,NA
"6416",2014-04-01,NA,NA,NA,NA,NA
"6417",2014-04-02,NA,NA,NA,NA,NA
"6418",2014-04-03,NA,NA,NA,NA,NA
"6419",2014-04-04,NA,NA,NA,NA,NA
"6420",2014-04-07,NA,NA,NA,NA,NA
"6421",2014-04-08,NA,NA,NA,NA,NA
"6422",2014-04-09,NA,NA,NA,NA,NA
"6423",2014-04-10,NA,NA,NA,NA,NA
"6424",2014-04-11,NA,NA,NA,NA,NA
"6425",2014-04-14,NA,NA,NA,NA,NA
"6426",2014-04-15,NA,NA,NA,NA,NA
"6427",2014-04-16,NA,NA,NA,NA,NA
"6428",2014-04-17,NA,NA,NA,NA,NA
"6429",2014-04-18,NA,NA,NA,NA,NA
"6430",2014-04-21,NA,NA,NA,NA,NA
"6431",2014-04-22,NA,NA,NA,NA,NA
"6432",2014-04-23,NA,NA,NA,NA,NA
"6433",2014-04-24,NA,NA,NA,NA,NA
"6434",2014-04-25,NA,NA,NA,NA,NA
"6435",2014-04-28,NA,NA,NA,NA,NA
"6436",2014-04-29,NA,NA,NA,NA,NA
"6437",2014-04-30,NA,NA,NA,NA,NA
"6438",2014-05-02,NA,NA,NA,NA,NA
"6439",2014-05-07,NA,NA,NA,NA,NA
"6440",2014-05-08,NA,NA,NA,NA,NA
"6441",2014-05-09,NA,NA,NA,NA,NA
"6442",2014-05-12,NA,NA,NA,NA,NA
"6443",2014-05-13,NA,NA,NA,NA,NA
"6444",2014-05-14,NA,NA,NA,NA,NA
"6445",2014-05-15,NA,NA,NA,NA,NA
"6446",2014-05-16,NA,NA,NA,NA,NA
"6447",2014-05-19,NA,NA,NA,NA,NA
"6448",2014-05-20,NA,NA,NA,NA,NA
"6449",2014-05-21,NA,NA,NA,NA,NA
"6450",2014-05-22,NA,NA,NA,NA,NA
"6451",2014-05-23,NA,NA,NA,NA,NA
"6452",2014-05-26,NA,NA,NA,NA,NA
"6453",2014-05-27,NA,NA,NA,NA,NA
"6454",2014-05-28,NA,NA,NA,NA,NA
"6455",2014-05-29,NA,NA,NA,NA,NA
"6456",2014-05-30,NA,NA,NA,NA,NA
"6457",2014-06-02,NA,NA,NA,NA,NA
"6458",2014-06-03,NA,NA,NA,NA,NA
"6459",2014-06-05,NA,NA,NA,NA,NA
"6460",2014-06-09,NA,NA,NA,NA,NA
"6461",2014-06-10,NA,NA,NA,NA,NA
"6462",2014-06-11,NA,NA,NA,NA,NA
"6463",2014-06-12,NA,NA,NA,NA,NA
"6464",2014-06-13,NA,NA,NA,NA,NA
"6465",2014-06-16,NA,NA,NA,NA,NA
"6466",2014-06-17,NA,NA,NA,NA,NA
"6467",2014-06-18,NA,NA,NA,NA,NA
"6468",2014-06-19,NA,NA,NA,NA,NA
"6469",2014-06-20,NA,NA,NA,NA,NA
"6470",2014-06-23,NA,NA,NA,NA,NA
"6471",2014-06-24,NA,NA,NA,NA,NA
"6472",2014-06-25,NA,NA,NA,NA,NA
"6473",2014-06-26,NA,NA,NA,NA,NA
"6474",2014-06-27,NA,NA,NA,NA,NA
"6475",2014-06-30,NA,NA,NA,NA,NA
"6476",2014-07-01,NA,NA,NA,NA,NA
"6477",2014-07-02,NA,NA,NA,NA,NA
"6478",2014-07-03,NA,NA,NA,NA,NA
"6479",2014-07-04,NA,NA,NA,NA,NA
"6480",2014-07-07,NA,NA,NA,NA,NA
"6481",2014-07-08,NA,NA,NA,NA,NA
"6482",2014-07-09,NA,NA,NA,NA,NA
"6483",2014-07-10,NA,NA,NA,NA,NA
"6484",2014-07-11,NA,NA,NA,NA,NA
"6485",2014-07-14,NA,NA,NA,NA,NA
"6486",2014-07-15,NA,NA,NA,NA,NA
"6487",2014-07-16,NA,NA,NA,NA,NA
"6488",2014-07-17,NA,NA,NA,NA,NA
"6489",2014-07-18,NA,NA,NA,NA,NA
"6490",2014-07-21,NA,NA,NA,NA,NA
"6491",2014-07-22,NA,NA,NA,NA,NA
"6492",2014-07-23,NA,NA,NA,NA,NA
"6493",2014-07-24,NA,NA,NA,NA,NA
"6494",2014-07-25,NA,NA,NA,NA,NA
"6495",2014-07-28,NA,NA,NA,NA,NA
"6496",2014-07-29,NA,NA,NA,NA,NA
"6497",2014-07-30,NA,NA,NA,NA,NA
"6498",2014-07-31,NA,NA,NA,NA,NA
"6499",2014-08-01,NA,NA,NA,NA,NA
"6500",2014-08-04,NA,NA,NA,NA,NA
"6501",2014-08-05,NA,NA,NA,NA,NA
"6502",2014-08-06,NA,NA,NA,NA,NA
"6503",2014-08-07,NA,NA,NA,NA,NA
"6504",2014-08-08,NA,NA,NA,NA,NA
"6505",2014-08-11,NA,NA,NA,NA,NA
"6506",2014-08-12,NA,NA,NA,NA,NA
"6507",2014-08-13,NA,NA,NA,NA,NA
"6508",2014-08-14,NA,NA,NA,NA,NA
"6509",2014-08-18,NA,NA,NA,NA,NA
"6510",2014-08-19,NA,NA,NA,NA,NA
"6511",2014-08-20,NA,NA,NA,NA,NA
"6512",2014-08-21,NA,NA,NA,NA,NA
"6513",2014-08-22,NA,NA,NA,NA,NA
"6514",2014-08-25,NA,NA,NA,NA,NA
"6515",2014-08-26,NA,NA,NA,NA,NA
"6516",2014-08-27,NA,NA,NA,NA,NA
"6517",2014-08-28,NA,NA,NA,NA,NA
"6518",2014-08-29,NA,NA,NA,NA,NA
"6519",2014-09-01,NA,NA,NA,NA,NA
"6520",2014-09-02,NA,NA,NA,NA,NA
"6521",2014-09-03,NA,NA,NA,NA,NA
"6522",2014-09-04,NA,NA,NA,NA,NA
"6523",2014-09-05,NA,NA,NA,NA,NA
"6524",2014-09-11,NA,NA,NA,NA,NA
"6525",2014-09-12,NA,NA,NA,NA,NA
"6526",2014-09-15,NA,NA,NA,NA,NA
"6527",2014-09-16,NA,NA,NA,NA,NA
"6528",2014-09-17,NA,NA,NA,NA,NA
"6529",2014-09-18,NA,NA,NA,NA,NA
"6530",2014-09-19,NA,NA,NA,NA,NA
"6531",2014-09-22,NA,NA,NA,NA,NA
"6532",2014-09-23,NA,NA,NA,NA,NA
"6533",2014-09-24,NA,NA,NA,NA,NA
"6534",2014-09-25,NA,NA,NA,NA,NA
"6535",2014-09-26,NA,NA,NA,NA,NA
"6536",2014-09-29,NA,NA,NA,NA,NA
"6537",2014-09-30,NA,NA,NA,NA,NA
"6538",2014-10-01,NA,NA,NA,NA,NA
"6539",2014-10-02,NA,NA,NA,NA,NA
"6540",2014-10-06,NA,NA,NA,NA,NA
"6541",2014-10-07,NA,NA,NA,NA,NA
"6542",2014-10-08,NA,NA,NA,NA,NA
"6543",2014-10-10,NA,NA,NA,NA,NA
"6544",2014-10-13,NA,NA,NA,NA,NA
"6545",2014-10-14,NA,NA,NA,NA,NA
"6546",2014-10-15,NA,NA,NA,NA,NA
"6547",2014-10-16,NA,NA,NA,NA,NA
"6548",2014-10-17,NA,NA,NA,NA,NA
"6549",2014-10-20,NA,NA,NA,NA,NA
"6550",2014-10-21,NA,NA,NA,NA,NA
"6551",2014-10-22,NA,NA,NA,NA,NA
"6552",2014-10-23,NA,NA,NA,NA,NA
"6553",2014-10-24,NA,NA,NA,NA,NA
"6554",2014-10-27,NA,NA,NA,NA,NA
"6555",2014-10-28,NA,NA,NA,NA,NA
"6556",2014-10-29,NA,NA,NA,NA,NA
"6557",2014-10-30,NA,NA,NA,NA,NA
"6558",2014-10-31,NA,NA,NA,NA,NA
"6559",2014-11-03,NA,NA,NA,NA,NA
"6560",2014-11-04,NA,NA,NA,NA,NA
"6561",2014-11-05,NA,NA,NA,NA,NA
"6562",2014-11-06,NA,NA,NA,NA,NA
"6563",2014-11-07,NA,NA,NA,NA,NA
"6564",2014-11-10,NA,NA,NA,NA,NA
"6565",2014-11-11,NA,NA,NA,NA,NA
"6566",2014-11-12,NA,NA,NA,NA,NA
"6567",2014-11-13,NA,NA,NA,NA,NA
"6568",2014-11-14,NA,NA,NA,NA,NA
"6569",2014-11-17,NA,NA,NA,NA,NA
"6570",2014-11-18,NA,NA,NA,NA,NA
"6571",2014-11-19,NA,NA,NA,NA,NA
"6572",2014-11-20,NA,NA,NA,NA,NA
"6573",2014-11-21,NA,NA,NA,NA,NA
"6574",2014-11-24,NA,NA,NA,NA,NA
"6575",2014-11-25,NA,NA,NA,NA,NA
"6576",2014-11-26,NA,NA,NA,NA,NA
"6577",2014-11-27,NA,NA,NA,NA,NA
"6578",2014-11-28,NA,NA,NA,NA,NA
"6579",2014-12-01,NA,NA,NA,NA,NA
"6580",2014-12-02,NA,NA,NA,NA,NA
"6581",2014-12-03,NA,NA,NA,NA,NA
"6582",2014-12-04,NA,NA,NA,NA,NA
"6583",2014-12-05,NA,NA,NA,NA,NA
"6584",2014-12-08,NA,NA,NA,NA,NA
"6585",2014-12-09,NA,NA,NA,NA,NA
"6586",2014-12-10,NA,NA,NA,NA,NA
"6587",2014-12-11,NA,NA,NA,NA,NA
"6588",2014-12-12,NA,NA,NA,NA,NA
"6589",2014-12-15,NA,NA,NA,NA,NA
"6590",2014-12-16,NA,NA,NA,NA,NA
"6591",2014-12-17,NA,NA,NA,NA,NA
"6592",2014-12-18,NA,NA,NA,NA,NA
"6593",2014-12-19,NA,NA,NA,NA,NA
"6594",2014-12-22,NA,NA,NA,NA,NA
"6595",2014-12-23,NA,NA,NA,NA,NA
"6596",2014-12-24,NA,NA,NA,NA,NA
"6597",2014-12-26,NA,NA,NA,NA,NA
"6598",2014-12-29,NA,NA,NA,NA,NA
"6599",2014-12-30,NA,NA,NA,NA,NA
"6600",2015-01-02,NA,NA,NA,NA,NA
"6601",2015-01-05,NA,NA,NA,NA,NA
"6602",2015-01-06,NA,NA,NA,NA,NA
"6603",2015-01-07,NA,NA,NA,NA,NA
"6604",2015-01-08,NA,NA,NA,NA,NA
"6605",2015-01-09,NA,NA,NA,NA,NA
"6606",2015-01-12,NA,NA,NA,NA,NA
"6607",2015-01-13,NA,NA,NA,NA,NA
"6608",2015-01-14,NA,NA,NA,NA,NA
"6609",2015-01-15,NA,NA,NA,NA,NA
"6610",2015-01-16,NA,NA,NA,NA,NA
"6611",2015-01-19,NA,NA,NA,NA,NA
"6612",2015-01-20,NA,NA,NA,NA,NA
"6613",2015-01-21,NA,NA,NA,NA,NA
"6614",2015-01-22,NA,NA,NA,NA,NA
"6615",2015-01-23,NA,NA,NA,NA,NA
"6616",2015-01-26,NA,NA,NA,NA,NA
"6617",2015-01-27,NA,NA,NA,NA,NA
"6618",2015-01-28,NA,NA,NA,NA,NA
"6619",2015-01-29,NA,NA,NA,NA,NA
"6620",2015-01-30,NA,NA,NA,NA,NA
"6621",2015-02-02,NA,NA,NA,NA,NA
"6622",2015-02-03,NA,NA,NA,NA,NA
"6623",2015-02-04,NA,NA,NA,NA,NA
"6624",2015-02-05,NA,NA,NA,NA,NA
"6625",2015-02-06,NA,NA,NA,NA,NA
"6626",2015-02-09,NA,NA,NA,NA,NA
"6627",2015-02-10,NA,NA,NA,NA,NA
"6628",2015-02-11,NA,NA,NA,NA,NA
"6629",2015-02-12,NA,NA,NA,NA,NA
"6630",2015-02-13,NA,NA,NA,NA,NA
"6631",2015-02-16,NA,NA,NA,NA,NA
"6632",2015-02-17,NA,NA,NA,NA,NA
"6633",2015-02-23,NA,NA,NA,NA,NA
"6634",2015-02-24,NA,NA,NA,NA,NA
"6635",2015-02-25,NA,NA,NA,NA,NA
"6636",2015-02-26,NA,NA,NA,NA,NA
"6637",2015-02-27,NA,NA,NA,NA,NA
"6638",2015-03-02,NA,NA,NA,NA,NA
"6639",2015-03-03,NA,NA,NA,NA,NA
"6640",2015-03-04,NA,NA,NA,NA,NA
"6641",2015-03-05,NA,NA,NA,NA,NA
"6642",2015-03-06,NA,NA,NA,NA,NA
"6643",2015-03-09,NA,NA,NA,NA,NA
"6644",2015-03-10,NA,NA,NA,NA,NA
"6645",2015-03-11,NA,NA,NA,NA,NA
"6646",2015-03-12,NA,NA,NA,NA,NA
"6647",2015-03-13,NA,NA,NA,NA,NA
"6648",2015-03-16,NA,NA,NA,NA,NA
"6649",2015-03-17,NA,NA,NA,NA,NA
"6650",2015-03-18,NA,NA,NA,NA,NA
"6651",2015-03-19,NA,NA,NA,NA,NA
"6652",2015-03-20,NA,NA,NA,NA,NA
"6653",2015-03-23,NA,NA,NA,NA,NA
"6654",2015-03-24,NA,NA,NA,NA,NA
"6655",2015-03-25,NA,NA,NA,NA,NA
"6656",2015-03-26,NA,NA,NA,NA,NA
"6657",2015-03-27,NA,NA,NA,NA,NA
"6658",2015-03-30,NA,NA,NA,NA,NA
"6659",2015-03-31,NA,NA,NA,NA,NA
"6660",2015-04-01,NA,NA,NA,NA,NA
"6661",2015-04-02,NA,NA,NA,NA,NA
"6662",2015-04-03,NA,NA,NA,NA,NA
"6663",2015-04-06,NA,NA,NA,NA,NA
"6664",2015-04-07,NA,NA,NA,NA,NA
"6665",2015-04-08,NA,NA,NA,NA,NA
"6666",2015-04-09,NA,NA,NA,NA,NA
"6667",2015-04-10,NA,NA,NA,NA,NA
"6668",2015-04-13,NA,NA,NA,NA,NA
"6669",2015-04-14,NA,NA,NA,NA,NA
"6670",2015-04-15,NA,NA,NA,NA,NA
"6671",2015-04-16,NA,NA,NA,NA,NA
"6672",2015-04-17,NA,NA,NA,NA,NA
"6673",2015-04-20,NA,NA,NA,NA,NA
"6674",2015-04-21,NA,NA,NA,NA,NA
"6675",2015-04-22,NA,NA,NA,NA,NA
"6676",2015-04-23,NA,NA,NA,NA,NA
"6677",2015-04-24,NA,NA,NA,NA,NA
"6678",2015-04-27,NA,NA,NA,NA,NA
"6679",2015-04-28,NA,NA,NA,NA,NA
"6680",2015-04-29,NA,NA,NA,NA,NA
"6681",2015-04-30,NA,NA,NA,NA,NA
"6682",2015-05-04,NA,NA,NA,NA,NA
"6683",2015-05-06,NA,NA,NA,NA,NA
"6684",2015-05-07,NA,NA,NA,NA,NA
"6685",2015-05-08,NA,NA,NA,NA,NA
"6686",2015-05-11,NA,NA,NA,NA,NA
"6687",2015-05-12,NA,NA,NA,NA,NA
"6688",2015-05-13,NA,NA,NA,NA,NA
"6689",2015-05-14,NA,NA,NA,NA,NA
"6690",2015-05-15,NA,NA,NA,NA,NA
"6691",2015-05-18,NA,NA,NA,NA,NA
"6692",2015-05-19,NA,NA,NA,NA,NA
"6693",2015-05-20,NA,NA,NA,NA,NA
"6694",2015-05-21,NA,NA,NA,NA,NA
"6695",2015-05-22,NA,NA,NA,NA,NA
"6696",2015-05-26,NA,NA,NA,NA,NA
"6697",2015-05-27,NA,NA,NA,NA,NA
"6698",2015-05-28,NA,NA,NA,NA,NA
"6699",2015-05-29,NA,NA,NA,NA,NA
"6700",2015-06-01,NA,NA,NA,NA,NA
"6701",2015-06-02,NA,NA,NA,NA,NA
"6702",2015-06-03,NA,NA,NA,NA,NA
"6703",2015-06-04,NA,NA,NA,NA,NA
"6704",2015-06-05,NA,NA,NA,NA,NA
"6705",2015-06-08,NA,NA,NA,NA,NA
"6706",2015-06-09,NA,NA,NA,NA,NA
"6707",2015-06-10,NA,NA,NA,NA,NA
"6708",2015-06-11,NA,NA,NA,NA,NA
"6709",2015-06-12,NA,NA,NA,NA,NA
"6710",2015-06-15,NA,NA,NA,NA,NA
"6711",2015-06-16,NA,NA,NA,NA,NA
"6712",2015-06-17,NA,NA,NA,NA,NA
"6713",2015-06-18,NA,NA,NA,NA,NA
"6714",2015-06-19,NA,NA,NA,NA,NA
"6715",2015-06-22,NA,NA,NA,NA,NA
"6716",2015-06-23,NA,NA,NA,NA,NA
"6717",2015-06-24,NA,NA,NA,NA,NA
"6718",2015-06-25,NA,NA,NA,NA,NA
"6719",2015-06-26,NA,NA,NA,NA,NA
"6720",2015-06-29,NA,NA,NA,NA,NA
"6721",2015-06-30,NA,NA,NA,NA,NA
"6722",2015-07-01,NA,NA,NA,NA,NA
"6723",2015-07-02,NA,NA,NA,NA,NA
"6724",2015-07-03,NA,NA,NA,NA,NA
"6725",2015-07-06,NA,NA,NA,NA,NA
"6726",2015-07-07,NA,NA,NA,NA,NA
"6727",2015-07-08,NA,NA,NA,NA,NA
"6728",2015-07-09,NA,NA,NA,NA,NA
"6729",2015-07-10,NA,NA,NA,NA,NA
"6730",2015-07-13,NA,NA,NA,NA,NA
"6731",2015-07-14,NA,NA,NA,NA,NA
"6732",2015-07-15,NA,NA,NA,NA,NA
"6733",2015-07-16,NA,NA,NA,NA,NA
"6734",2015-07-17,NA,NA,NA,NA,NA
"6735",2015-07-20,NA,NA,NA,NA,NA
"6736",2015-07-21,NA,NA,NA,NA,NA
"6737",2015-07-22,NA,NA,NA,NA,NA
"6738",2015-07-23,NA,NA,NA,NA,NA
"6739",2015-07-24,NA,NA,NA,NA,NA
"6740",2015-07-27,NA,NA,NA,NA,NA
"6741",2015-07-28,NA,NA,NA,NA,NA
"6742",2015-07-29,NA,NA,NA,NA,NA
"6743",2015-07-30,NA,NA,NA,NA,NA
"6744",2015-07-31,NA,NA,NA,NA,NA
"6745",2015-08-03,NA,NA,NA,NA,NA
"6746",2015-08-04,NA,NA,NA,NA,NA
"6747",2015-08-05,NA,NA,NA,NA,NA
"6748",2015-08-06,NA,NA,NA,NA,NA
"6749",2015-08-07,NA,NA,NA,NA,NA
"6750",2015-08-10,NA,NA,NA,NA,NA
"6751",2015-08-11,NA,NA,NA,NA,NA
"6752",2015-08-12,NA,NA,NA,NA,NA
"6753",2015-08-13,NA,NA,NA,NA,NA
"6754",2015-08-17,NA,NA,NA,NA,NA
"6755",2015-08-18,NA,NA,NA,NA,NA
"6756",2015-08-19,NA,NA,NA,NA,NA
"6757",2015-08-20,NA,NA,NA,NA,NA
"6758",2015-08-21,NA,NA,NA,NA,NA
"6759",2015-08-24,NA,NA,NA,NA,NA
"6760",2015-08-25,NA,NA,NA,NA,NA
"6761",2015-08-26,NA,NA,NA,NA,NA
"6762",2015-08-27,NA,NA,NA,NA,NA
"6763",2015-08-28,NA,NA,NA,NA,NA
"6764",2015-08-31,NA,NA,NA,NA,NA
"6765",2015-09-01,NA,NA,NA,NA,NA
"6766",2015-09-02,NA,NA,NA,NA,NA
"6767",2015-09-03,NA,NA,NA,NA,NA
"6768",2015-09-04,NA,NA,NA,NA,NA
"6769",2015-09-07,NA,NA,NA,NA,NA
"6770",2015-09-08,NA,NA,NA,NA,NA
"6771",2015-09-09,NA,NA,NA,NA,NA
"6772",2015-09-10,NA,NA,NA,NA,NA
"6773",2015-09-11,NA,NA,NA,NA,NA
"6774",2015-09-14,NA,NA,NA,NA,NA
"6775",2015-09-15,NA,NA,NA,NA,NA
"6776",2015-09-16,NA,NA,NA,NA,NA
"6777",2015-09-17,NA,NA,NA,NA,NA
"6778",2015-09-18,NA,NA,NA,NA,NA
"6779",2015-09-21,NA,NA,NA,NA,NA
"6780",2015-09-22,NA,NA,NA,NA,NA
"6781",2015-09-23,NA,NA,NA,NA,NA
"6782",2015-09-24,NA,NA,NA,NA,NA
"6783",2015-09-25,NA,NA,NA,NA,NA
"6784",2015-09-30,NA,NA,NA,NA,NA
"6785",2015-10-01,NA,NA,NA,NA,NA
"6786",2015-10-02,NA,NA,NA,NA,NA
"6787",2015-10-05,NA,NA,NA,NA,NA
"6788",2015-10-06,NA,NA,NA,NA,NA
"6789",2015-10-07,NA,NA,NA,NA,NA
"6790",2015-10-08,NA,NA,NA,NA,NA
"6791",2015-10-12,NA,NA,NA,NA,NA
"6792",2015-10-13,NA,NA,NA,NA,NA
"6793",2015-10-14,NA,NA,NA,NA,NA
"6794",2015-10-15,NA,NA,NA,NA,NA
"6795",2015-10-16,NA,NA,NA,NA,NA
"6796",2015-10-19,NA,NA,NA,NA,NA
"6797",2015-10-20,NA,NA,NA,NA,NA
"6798",2015-10-21,NA,NA,NA,NA,NA
"6799",2015-10-22,NA,NA,NA,NA,NA
"6800",2015-10-23,NA,NA,NA,NA,NA
"6801",2015-10-26,NA,NA,NA,NA,NA
"6802",2015-10-27,NA,NA,NA,NA,NA
"6803",2015-10-28,NA,NA,NA,NA,NA
"6804",2015-10-29,NA,NA,NA,NA,NA
"6805",2015-10-30,NA,NA,NA,NA,NA
"6806",2015-11-02,NA,NA,NA,NA,NA
"6807",2015-11-03,NA,NA,NA,NA,NA
"6808",2015-11-04,NA,NA,NA,NA,NA
"6809",2015-11-05,NA,NA,NA,NA,NA
"6810",2015-11-06,NA,NA,NA,NA,NA
"6811",2015-11-09,NA,NA,NA,NA,NA
"6812",2015-11-10,NA,NA,NA,NA,NA
"6813",2015-11-11,NA,NA,NA,NA,NA
"6814",2015-11-12,NA,NA,NA,NA,NA
"6815",2015-11-13,NA,NA,NA,NA,NA
"6816",2015-11-16,NA,NA,NA,NA,NA
"6817",2015-11-17,NA,NA,NA,NA,NA
"6818",2015-11-18,NA,NA,NA,NA,NA
"6819",2015-11-19,NA,NA,NA,NA,NA
"6820",2015-11-20,NA,NA,NA,NA,NA
"6821",2015-11-23,NA,NA,NA,NA,NA
"6822",2015-11-24,NA,NA,NA,NA,NA
"6823",2015-11-25,NA,NA,NA,NA,NA
"6824",2015-11-26,NA,NA,NA,NA,NA
"6825",2015-11-27,NA,NA,NA,NA,NA
"6826",2015-11-30,NA,NA,NA,NA,NA
"6827",2015-12-01,NA,NA,NA,NA,NA
"6828",2015-12-02,NA,NA,NA,NA,NA
"6829",2015-12-03,NA,NA,NA,NA,NA
"6830",2015-12-04,NA,NA,NA,NA,NA
"6831",2015-12-07,NA,NA,NA,NA,NA
"6832",2015-12-08,NA,NA,NA,NA,NA
"6833",2015-12-09,NA,NA,NA,NA,NA
"6834",2015-12-10,NA,NA,NA,NA,NA
"6835",2015-12-11,NA,NA,NA,NA,NA
"6836",2015-12-14,NA,NA,NA,NA,NA
"6837",2015-12-15,NA,NA,NA,NA,NA
"6838",2015-12-16,NA,NA,NA,NA,NA
"6839",2015-12-17,NA,NA,NA,NA,NA
"6840",2015-12-18,NA,NA,NA,NA,NA
"6841",2015-12-21,NA,NA,NA,NA,NA
"6842",2015-12-22,NA,NA,NA,NA,NA
"6843",2015-12-23,NA,NA,NA,NA,NA
"6844",2015-12-24,NA,NA,NA,NA,NA
"6845",2015-12-28,NA,NA,NA,NA,NA
"6846",2015-12-29,NA,NA,NA,NA,NA
"6847",2015-12-30,NA,NA,NA,NA,NA
"6848",2016-01-04,NA,NA,NA,NA,NA
"6849",2016-01-05,NA,NA,NA,NA,NA
"6850",2016-01-06,NA,NA,NA,NA,NA
"6851",2016-01-07,NA,NA,NA,NA,NA
"6852",2016-01-08,NA,NA,NA,NA,NA
"6853",2016-01-11,NA,NA,NA,NA,NA
"6854",2016-01-12,NA,NA,NA,NA,NA
"6855",2016-01-13,NA,NA,NA,NA,NA
"6856",2016-01-14,NA,NA,NA,NA,NA
"6857",2016-01-15,NA,NA,NA,NA,NA
"6858",2016-01-18,NA,NA,NA,NA,NA
"6859",2016-01-19,NA,NA,NA,NA,NA
"6860",2016-01-20,NA,NA,NA,NA,NA
"6861",2016-01-21,NA,NA,NA,NA,NA
"6862",2016-01-22,NA,NA,NA,NA,NA
"6863",2016-01-25,NA,NA,NA,NA,NA
"6864",2016-01-26,NA,NA,NA,NA,NA
"6865",2016-01-27,NA,NA,NA,NA,NA
"6866",2016-01-28,NA,NA,NA,NA,NA
"6867",2016-01-29,NA,NA,NA,NA,NA
"6868",2016-02-01,NA,NA,NA,NA,NA
"6869",2016-02-02,NA,NA,NA,NA,NA
"6870",2016-02-03,NA,NA,NA,NA,NA
"6871",2016-02-04,NA,NA,NA,NA,NA
"6872",2016-02-05,NA,NA,NA,NA,NA
"6873",2016-02-11,NA,NA,NA,NA,NA
"6874",2016-02-12,NA,NA,NA,NA,NA
"6875",2016-02-15,NA,NA,NA,NA,NA
"6876",2016-02-16,NA,NA,NA,NA,NA
"6877",2016-02-17,NA,NA,NA,NA,NA
"6878",2016-02-18,NA,NA,NA,NA,NA
"6879",2016-02-19,NA,NA,NA,NA,NA
"6880",2016-02-22,NA,NA,NA,NA,NA
"6881",2016-02-23,NA,NA,NA,NA,NA
"6882",2016-02-24,NA,NA,NA,NA,NA
"6883",2016-02-25,NA,NA,NA,NA,NA
"6884",2016-02-26,NA,NA,NA,NA,NA
"6885",2016-02-29,NA,NA,NA,NA,NA
"6886",2016-03-02,NA,NA,NA,NA,NA
"6887",2016-03-03,NA,NA,NA,NA,NA
"6888",2016-03-04,NA,NA,NA,NA,NA
"6889",2016-03-07,NA,NA,NA,NA,NA
"6890",2016-03-08,NA,NA,NA,NA,NA
"6891",2016-03-09,NA,NA,NA,NA,NA
"6892",2016-03-10,NA,NA,NA,NA,NA
"6893",2016-03-11,NA,NA,NA,NA,NA
"6894",2016-03-14,NA,NA,NA,NA,NA
"6895",2016-03-15,NA,NA,NA,NA,NA
"6896",2016-03-16,NA,NA,NA,NA,NA
"6897",2016-03-17,NA,NA,NA,NA,NA
"6898",2016-03-18,NA,NA,NA,NA,NA
"6899",2016-03-21,NA,NA,NA,NA,NA
"6900",2016-03-22,NA,NA,NA,NA,NA
"6901",2016-03-23,NA,NA,NA,NA,NA
"6902",2016-03-24,NA,NA,NA,NA,NA
"6903",2016-03-25,NA,NA,NA,NA,NA
"6904",2016-03-28,NA,NA,NA,NA,NA
"6905",2016-03-29,NA,NA,NA,NA,NA
"6906",2016-03-30,NA,NA,NA,NA,NA
"6907",2016-03-31,NA,NA,NA,NA,NA
"6908",2016-04-01,NA,NA,NA,NA,NA
"6909",2016-04-04,NA,NA,NA,NA,NA
"6910",2016-04-05,NA,NA,NA,NA,NA
"6911",2016-04-06,NA,NA,NA,NA,NA
"6912",2016-04-07,NA,NA,NA,NA,NA
"6913",2016-04-08,NA,NA,NA,NA,NA
"6914",2016-04-11,NA,NA,NA,NA,NA
"6915",2016-04-12,NA,NA,NA,NA,NA
"6916",2016-04-14,NA,NA,NA,NA,NA
"6917",2016-04-15,NA,NA,NA,NA,NA
"6918",2016-04-18,NA,NA,NA,NA,NA
"6919",2016-04-19,NA,NA,NA,NA,NA
"6920",2016-04-20,NA,NA,NA,NA,NA
"6921",2016-04-21,NA,NA,NA,NA,NA
"6922",2016-04-22,NA,NA,NA,NA,NA
"6923",2016-04-25,NA,NA,NA,NA,NA
"6924",2016-04-26,NA,NA,NA,NA,NA
"6925",2016-04-27,NA,NA,NA,NA,NA
"6926",2016-04-28,NA,NA,NA,NA,NA
"6927",2016-04-29,NA,NA,NA,NA,NA
"6928",2016-05-02,NA,NA,NA,NA,NA
"6929",2016-05-03,NA,NA,NA,NA,NA
"6930",2016-05-04,NA,NA,NA,NA,NA
"6931",2016-05-09,NA,NA,NA,NA,NA
"6932",2016-05-10,NA,NA,NA,NA,NA
"6933",2016-05-11,NA,NA,NA,NA,NA
"6934",2016-05-12,NA,NA,NA,NA,NA
"6935",2016-05-13,NA,NA,NA,NA,NA
"6936",2016-05-16,NA,NA,NA,NA,NA
"6937",2016-05-17,NA,NA,NA,NA,NA
"6938",2016-05-18,NA,NA,NA,NA,NA
"6939",2016-05-19,NA,NA,NA,NA,NA
"6940",2016-05-20,NA,NA,NA,NA,NA
"6941",2016-05-23,NA,NA,NA,NA,NA
"6942",2016-05-24,NA,NA,NA,NA,NA
"6943",2016-05-25,NA,NA,NA,NA,NA
"6944",2016-05-26,NA,NA,NA,NA,NA
"6945",2016-05-27,NA,NA,NA,NA,NA
"6946",2016-05-30,NA,NA,NA,NA,NA
"6947",2016-05-31,NA,NA,NA,NA,NA
"6948",2016-06-01,NA,NA,NA,NA,NA
"6949",2016-06-02,NA,NA,NA,NA,NA
"6950",2016-06-03,NA,NA,NA,NA,NA
"6951",2016-06-07,NA,NA,NA,NA,NA
"6952",2016-06-08,NA,NA,NA,NA,NA
"6953",2016-06-09,NA,NA,NA,NA,NA
"6954",2016-06-10,NA,NA,NA,NA,NA
"6955",2016-06-13,NA,NA,NA,NA,NA
"6956",2016-06-14,NA,NA,NA,NA,NA
"6957",2016-06-15,NA,NA,NA,NA,NA
"6958",2016-06-16,NA,NA,NA,NA,NA
"6959",2016-06-17,NA,NA,NA,NA,NA
"6960",2016-06-20,NA,NA,NA,NA,NA
"6961",2016-06-21,NA,NA,NA,NA,NA
"6962",2016-06-22,NA,NA,NA,NA,NA
"6963",2016-06-23,NA,NA,NA,NA,NA
"6964",2016-06-24,NA,NA,NA,NA,NA
"6965",2016-06-27,NA,NA,NA,NA,NA
"6966",2016-06-28,NA,NA,NA,NA,NA
"6967",2016-06-29,NA,NA,NA,NA,NA
"6968",2016-06-30,NA,NA,NA,NA,NA
"6969",2016-07-01,NA,NA,NA,NA,NA
"6970",2016-07-04,NA,NA,NA,NA,NA
"6971",2016-07-05,NA,NA,NA,NA,NA
"6972",2016-07-06,NA,NA,NA,NA,NA
"6973",2016-07-07,NA,NA,NA,NA,NA
"6974",2016-07-08,NA,NA,NA,NA,NA
"6975",2016-07-11,NA,NA,NA,NA,NA
"6976",2016-07-12,NA,NA,NA,NA,NA
"6977",2016-07-13,NA,NA,NA,NA,NA
"6978",2016-07-14,NA,NA,NA,NA,NA
"6979",2016-07-15,NA,NA,NA,NA,NA
"6980",2016-07-18,NA,NA,NA,NA,NA
"6981",2016-07-19,NA,NA,NA,NA,NA
"6982",2016-07-20,NA,NA,NA,NA,NA
"6983",2016-07-21,NA,NA,NA,NA,NA
"6984",2016-07-22,NA,NA,NA,NA,NA
"6985",2016-07-25,NA,NA,NA,NA,NA
"6986",2016-07-26,NA,NA,NA,NA,NA
"6987",2016-07-27,NA,NA,NA,NA,NA
"6988",2016-07-28,NA,NA,NA,NA,NA
"6989",2016-07-29,NA,NA,NA,NA,NA
"6990",2016-08-01,NA,NA,NA,NA,NA
"6991",2016-08-02,NA,NA,NA,NA,NA
"6992",2016-08-03,NA,NA,NA,NA,NA
"6993",2016-08-04,NA,NA,NA,NA,NA
"6994",2016-08-05,NA,NA,NA,NA,NA
"6995",2016-08-08,NA,NA,NA,NA,NA
"6996",2016-08-09,NA,NA,NA,NA,NA
"6997",2016-08-10,NA,NA,NA,NA,NA
"6998",2016-08-11,NA,NA,NA,NA,NA
"6999",2016-08-12,NA,NA,NA,NA,NA
"7000",2016-08-16,NA,NA,NA,NA,NA
"7001",2016-08-17,NA,NA,NA,NA,NA
"7002",2016-08-18,NA,NA,NA,NA,NA
"7003",2016-08-19,NA,NA,NA,NA,NA
"7004",2016-08-22,NA,NA,NA,NA,NA
"7005",2016-08-23,NA,NA,NA,NA,NA
"7006",2016-08-24,NA,NA,NA,NA,NA
"7007",2016-08-25,NA,NA,NA,NA,NA
"7008",2016-08-26,NA,NA,NA,NA,NA
"7009",2016-08-29,NA,NA,NA,NA,NA
"7010",2016-08-30,NA,NA,NA,NA,NA
"7011",2016-08-31,NA,NA,NA,NA,NA
"7012",2016-09-01,NA,NA,NA,NA,NA
"7013",2016-09-02,NA,NA,NA,NA,NA
"7014",2016-09-05,NA,NA,NA,NA,NA
"7015",2016-09-06,NA,NA,NA,NA,NA
"7016",2016-09-07,NA,NA,NA,NA,NA
"7017",2016-09-08,NA,NA,NA,NA,NA
"7018",2016-09-09,NA,NA,NA,NA,NA
"7019",2016-09-12,NA,NA,NA,NA,NA
"7020",2016-09-13,NA,NA,NA,NA,NA
"7021",2016-09-19,NA,NA,NA,NA,NA
"7022",2016-09-20,NA,NA,NA,NA,NA
"7023",2016-09-21,NA,NA,NA,NA,NA
"7024",2016-09-22,NA,NA,NA,NA,NA
"7025",2016-09-23,NA,NA,NA,NA,NA
"7026",2016-09-26,NA,NA,NA,NA,NA
"7027",2016-09-27,NA,NA,NA,NA,NA
"7028",2016-09-28,NA,NA,NA,NA,NA
"7029",2016-09-29,NA,NA,NA,NA,NA
"7030",2016-09-30,NA,NA,NA,NA,NA
"7031",2016-10-04,NA,NA,NA,NA,NA
"7032",2016-10-05,NA,NA,NA,NA,NA
"7033",2016-10-06,NA,NA,NA,NA,NA
"7034",2016-10-07,NA,NA,NA,NA,NA
"7035",2016-10-10,NA,NA,NA,NA,NA
"7036",2016-10-11,NA,NA,NA,NA,NA
"7037",2016-10-12,NA,NA,NA,NA,NA
"7038",2016-10-13,NA,NA,NA,NA,NA
"7039",2016-10-14,NA,NA,NA,NA,NA
"7040",2016-10-17,NA,NA,NA,NA,NA
"7041",2016-10-18,NA,NA,NA,NA,NA
"7042",2016-10-19,NA,NA,NA,NA,NA
"7043",2016-10-20,NA,NA,NA,NA,NA
"7044",2016-10-21,NA,NA,NA,NA,NA
"7045",2016-10-24,NA,NA,NA,NA,NA
"7046",2016-10-25,NA,NA,NA,NA,NA
"7047",2016-10-26,NA,NA,NA,NA,NA
"7048",2016-10-27,NA,NA,NA,NA,NA
"7049",2016-10-28,NA,NA,NA,NA,NA
"7050",2016-10-31,NA,NA,NA,NA,NA
"7051",2016-11-01,NA,NA,NA,NA,NA
"7052",2016-11-02,NA,NA,NA,NA,NA
"7053",2016-11-03,NA,NA,NA,NA,NA
"7054",2016-11-04,NA,NA,NA,NA,NA
"7055",2016-11-07,NA,NA,NA,NA,NA
"7056",2016-11-08,NA,NA,NA,NA,NA
"7057",2016-11-09,NA,NA,NA,NA,NA
"7058",2016-11-10,NA,NA,NA,NA,NA
"7059",2016-11-11,NA,NA,NA,NA,NA
"7060",2016-11-14,NA,NA,NA,NA,NA
"7061",2016-11-15,NA,NA,NA,NA,NA
"7062",2016-11-16,NA,NA,NA,NA,NA
"7063",2016-11-17,NA,NA,NA,NA,NA
"7064",2016-11-18,NA,NA,NA,NA,NA
"7065",2016-11-21,NA,NA,NA,NA,NA
"7066",2016-11-22,NA,NA,NA,NA,NA
"7067",2016-11-23,NA,NA,NA,NA,NA
"7068",2016-11-24,NA,NA,NA,NA,NA
"7069",2016-11-25,NA,NA,NA,NA,NA
"7070",2016-11-28,NA,NA,NA,NA,NA
"7071",2016-11-29,NA,NA,NA,NA,NA
"7072",2016-11-30,NA,NA,NA,NA,NA
"7073",2016-12-01,NA,NA,NA,NA,NA
"7074",2016-12-02,NA,NA,NA,NA,NA
"7075",2016-12-05,NA,NA,NA,NA,NA
"7076",2016-12-06,NA,NA,NA,NA,NA
"7077",2016-12-07,NA,NA,NA,NA,NA
"7078",2016-12-08,NA,NA,NA,NA,NA
"7079",2016-12-09,NA,NA,NA,NA,NA
"7080",2016-12-12,NA,NA,NA,NA,NA
"7081",2016-12-13,NA,NA,NA,NA,NA
"7082",2016-12-14,NA,NA,NA,NA,NA
"7083",2016-12-15,NA,NA,NA,NA,NA
"7084",2016-12-16,NA,NA,NA,NA,NA
"7085",2016-12-19,NA,NA,NA,NA,NA
"7086",2016-12-20,NA,NA,NA,NA,NA
"7087",2016-12-21,NA,NA,NA,NA,NA
"7088",2016-12-22,NA,NA,NA,NA,NA
"7089",2016-12-23,NA,NA,NA,NA,NA
"7090",2016-12-26,NA,NA,NA,NA,NA
"7091",2016-12-27,NA,NA,NA,NA,NA
"7092",2016-12-28,NA,NA,NA,NA,NA
"7093",2016-12-29,NA,NA,NA,NA,NA
"7094",2017-01-02,NA,NA,NA,NA,NA
"7095",2017-01-03,NA,NA,NA,NA,NA
"7096",2017-01-04,NA,NA,NA,NA,NA
"7097",2017-01-05,NA,NA,NA,NA,NA
"7098",2017-01-06,NA,NA,NA,NA,NA
"7099",2017-01-09,NA,NA,NA,NA,NA
"7100",2017-01-10,NA,NA,NA,NA,NA
"7101",2017-01-11,NA,NA,NA,NA,NA
"7102",2017-01-12,NA,NA,NA,NA,NA
"7103",2017-01-13,NA,NA,NA,NA,NA
"7104",2017-01-16,NA,NA,NA,NA,NA
"7105",2017-01-17,NA,NA,NA,NA,NA
"7106",2017-01-18,NA,NA,NA,NA,NA
"7107",2017-01-19,NA,NA,NA,NA,NA
"7108",2017-01-20,NA,NA,NA,NA,NA
"7109",2017-01-23,NA,NA,NA,NA,NA
"7110",2017-01-24,NA,NA,NA,NA,NA
"7111",2017-01-25,NA,NA,NA,NA,NA
"7112",2017-01-26,NA,NA,NA,NA,NA
"7113",2017-01-31,NA,NA,NA,NA,NA
"7114",2017-02-01,NA,NA,NA,NA,NA
"7115",2017-02-02,NA,NA,NA,NA,NA
"7116",2017-02-03,NA,NA,NA,NA,NA
"7117",2017-02-06,NA,NA,NA,NA,NA
"7118",2017-02-07,NA,NA,NA,NA,NA
"7119",2017-02-08,NA,NA,NA,NA,NA
"7120",2017-02-09,NA,NA,NA,NA,NA
"7121",2017-02-10,NA,NA,NA,NA,NA
"7122",2017-02-13,NA,NA,NA,NA,NA
"7123",2017-02-14,NA,NA,NA,NA,NA
"7124",2017-02-15,NA,NA,NA,NA,NA
"7125",2017-02-16,NA,NA,NA,NA,NA
"7126",2017-02-17,NA,NA,NA,NA,NA
"7127",2017-02-20,NA,NA,NA,NA,NA
"7128",2017-02-21,NA,NA,NA,NA,NA
"7129",2017-02-22,NA,NA,NA,NA,NA
"7130",2017-02-23,NA,NA,NA,NA,NA
"7131",2017-02-24,NA,NA,NA,NA,NA
"7132",2017-02-27,NA,NA,NA,NA,NA
"7133",2017-02-28,NA,NA,NA,NA,NA
"7134",2017-03-02,NA,NA,NA,NA,NA
"7135",2017-03-03,NA,NA,NA,NA,NA
"7136",2017-03-06,NA,NA,NA,NA,NA
"7137",2017-03-07,NA,NA,NA,NA,NA
"7138",2017-03-08,NA,NA,NA,NA,NA
"7139",2017-03-09,NA,NA,NA,NA,NA
"7140",2017-03-10,NA,NA,NA,NA,NA
"7141",2017-03-13,NA,NA,NA,NA,NA
"7142",2017-03-14,NA,NA,NA,NA,NA
"7143",2017-03-15,NA,NA,NA,NA,NA
"7144",2017-03-16,NA,NA,NA,NA,NA
"7145",2017-03-17,NA,NA,NA,NA,NA
"7146",2017-03-20,NA,NA,NA,NA,NA
"7147",2017-03-21,NA,NA,NA,NA,NA
"7148",2017-03-22,NA,NA,NA,NA,NA
"7149",2017-03-23,NA,NA,NA,NA,NA
"7150",2017-03-24,NA,NA,NA,NA,NA
"7151",2017-03-27,NA,NA,NA,NA,NA
"7152",2017-03-28,NA,NA,NA,NA,NA
"7153",2017-03-29,NA,NA,NA,NA,NA
"7154",2017-03-30,NA,NA,NA,NA,NA
"7155",2017-03-31,NA,NA,NA,NA,NA
"7156",2017-04-03,NA,NA,NA,NA,NA
"7157",2017-04-04,NA,NA,NA,NA,NA
"7158",2017-04-05,NA,NA,NA,NA,NA
"7159",2017-04-06,NA,NA,NA,NA,NA
"7160",2017-04-07,NA,NA,NA,NA,NA
"7161",2017-04-10,NA,NA,NA,NA,NA
"7162",2017-04-11,NA,NA,NA,NA,NA
"7163",2017-04-12,NA,NA,NA,NA,NA
"7164",2017-04-13,NA,NA,NA,NA,NA
"7165",2017-04-14,NA,NA,NA,NA,NA
"7166",2017-04-17,NA,NA,NA,NA,NA
"7167",2017-04-18,NA,NA,NA,NA,NA
"7168",2017-04-19,NA,NA,NA,NA,NA
"7169",2017-04-20,NA,NA,NA,NA,NA
"7170",2017-04-21,NA,NA,NA,NA,NA
"7171",2017-04-24,NA,NA,NA,NA,NA
"7172",2017-04-25,NA,NA,NA,NA,NA
"7173",2017-04-26,NA,NA,NA,NA,NA
"7174",2017-04-27,NA,NA,NA,NA,NA
"7175",2017-04-28,NA,NA,NA,NA,NA
"7176",2017-05-02,NA,NA,NA,NA,NA
"7177",2017-05-04,NA,NA,NA,NA,NA
"7178",2017-05-08,NA,NA,NA,NA,NA
"7179",2017-05-10,NA,NA,NA,NA,NA
"7180",2017-05-11,NA,NA,NA,NA,NA
"7181",2017-05-12,NA,NA,NA,NA,NA
"7182",2017-05-15,NA,NA,NA,NA,NA
"7183",2017-05-16,NA,NA,NA,NA,NA
"7184",2017-05-17,NA,NA,NA,NA,NA
"7185",2017-05-18,NA,NA,NA,NA,NA
"7186",2017-05-19,NA,NA,NA,NA,NA
"7187",2017-05-22,NA,NA,NA,NA,NA
"7188",2017-05-23,NA,NA,NA,NA,NA
"7189",2017-05-24,NA,NA,NA,NA,NA
"7190",2017-05-25,NA,NA,NA,NA,NA
"7191",2017-05-26,NA,NA,NA,NA,NA
"7192",2017-05-29,NA,NA,NA,NA,NA
"7193",2017-05-30,NA,NA,NA,NA,NA
"7194",2017-05-31,NA,NA,NA,NA,NA
"7195",2017-06-01,NA,NA,NA,NA,NA
"7196",2017-06-02,NA,NA,NA,NA,NA
"7197",2017-06-05,NA,NA,NA,NA,NA
"7198",2017-06-07,NA,NA,NA,NA,NA
"7199",2017-06-08,NA,NA,NA,NA,NA
"7200",2017-06-09,NA,NA,NA,NA,NA
"7201",2017-06-12,NA,NA,NA,NA,NA
"7202",2017-06-13,NA,NA,NA,NA,NA
"7203",2017-06-14,NA,NA,NA,NA,NA
"7204",2017-06-15,NA,NA,NA,NA,NA
"7205",2017-06-16,NA,NA,NA,NA,NA
"7206",2017-06-19,NA,NA,NA,NA,NA
"7207",2017-06-20,NA,NA,NA,NA,NA
"7208",2017-06-21,NA,NA,NA,NA,NA
"7209",2017-06-22,NA,NA,NA,NA,NA
"7210",2017-06-23,NA,NA,NA,NA,NA
"7211",2017-06-26,NA,NA,NA,NA,NA
"7212",2017-06-27,NA,NA,NA,NA,NA
"7213",2017-06-28,NA,NA,NA,NA,NA
"7214",2017-06-29,NA,NA,NA,NA,NA
"7215",2017-06-30,NA,NA,NA,NA,NA
"7216",2017-07-03,NA,NA,NA,NA,NA
"7217",2017-07-04,NA,NA,NA,NA,NA
"7218",2017-07-05,NA,NA,NA,NA,NA
"7219",2017-07-06,NA,NA,NA,NA,NA
"7220",2017-07-07,NA,NA,NA,NA,NA
"7221",2017-07-10,NA,NA,NA,NA,NA
"7222",2017-07-11,NA,NA,NA,NA,NA
"7223",2017-07-12,NA,NA,NA,NA,NA
"7224",2017-07-13,NA,NA,NA,NA,NA
"7225",2017-07-14,NA,NA,NA,NA,NA
"7226",2017-07-17,NA,NA,NA,NA,NA
"7227",2017-07-18,NA,NA,NA,NA,NA
"7228",2017-07-19,NA,NA,NA,NA,NA
"7229",2017-07-20,NA,NA,NA,NA,NA
"7230",2017-07-21,NA,NA,NA,NA,NA
"7231",2017-07-24,NA,NA,NA,NA,NA
"7232",2017-07-25,NA,NA,NA,NA,NA
"7233",2017-07-26,NA,NA,NA,NA,NA
"7234",2017-07-27,NA,NA,NA,NA,NA
"7235",2017-07-28,NA,NA,NA,NA,NA
"7236",2017-07-31,NA,NA,NA,NA,NA
"7237",2017-08-01,NA,NA,NA,NA,NA
"7238",2017-08-02,NA,NA,NA,NA,NA
"7239",2017-08-03,NA,NA,NA,NA,NA
"7240",2017-08-04,NA,NA,NA,NA,NA
"7241",2017-08-07,NA,NA,NA,NA,NA
"7242",2017-08-08,NA,NA,NA,NA,NA
"7243",2017-08-09,NA,NA,NA,NA,NA
"7244",2017-08-10,NA,NA,NA,NA,NA
"7245",2017-08-11,NA,NA,NA,NA,NA
"7246",2017-08-14,NA,NA,NA,NA,NA
"7247",2017-08-16,NA,NA,NA,NA,NA
"7248",2017-08-17,NA,NA,NA,NA,NA
"7249",2017-08-18,NA,NA,NA,NA,NA
"7250",2017-08-21,NA,NA,NA,NA,NA
"7251",2017-08-22,NA,NA,NA,NA,NA
"7252",2017-08-23,NA,NA,NA,NA,NA
"7253",2017-08-24,NA,NA,NA,NA,NA
"7254",2017-08-25,NA,NA,NA,NA,NA
"7255",2017-08-28,NA,NA,NA,NA,NA
"7256",2017-08-29,NA,NA,NA,NA,NA
"7257",2017-08-30,NA,NA,NA,NA,NA
"7258",2017-08-31,NA,NA,NA,NA,NA
"7259",2017-09-01,NA,NA,NA,NA,NA
"7260",2017-09-04,NA,NA,NA,NA,NA
"7261",2017-09-05,NA,NA,NA,NA,NA
"7262",2017-09-06,NA,NA,NA,NA,NA
"7263",2017-09-07,NA,NA,NA,NA,NA
"7264",2017-09-08,NA,NA,NA,NA,NA
"7265",2017-09-11,NA,NA,NA,NA,NA
"7266",2017-09-12,NA,NA,NA,NA,NA
"7267",2017-09-13,NA,NA,NA,NA,NA
"7268",2017-09-14,NA,NA,NA,NA,NA
"7269",2017-09-15,NA,NA,NA,NA,NA
"7270",2017-09-18,NA,NA,NA,NA,NA
"7271",2017-09-19,NA,NA,NA,NA,NA
"7272",2017-09-20,NA,NA,NA,NA,NA
"7273",2017-09-21,NA,NA,NA,NA,NA
"7274",2017-09-22,NA,NA,NA,NA,NA
"7275",2017-09-25,NA,NA,NA,NA,NA
"7276",2017-09-26,NA,NA,NA,NA,NA
"7277",2017-09-27,NA,NA,NA,NA,NA
"7278",2017-09-28,NA,NA,NA,NA,NA
"7279",2017-09-29,NA,NA,NA,NA,NA
"7280",2017-10-10,NA,NA,NA,NA,NA
"7281",2017-10-11,NA,NA,NA,NA,NA
"7282",2017-10-12,NA,NA,NA,NA,NA
"7283",2017-10-13,NA,NA,NA,NA,NA
"7284",2017-10-16,NA,NA,NA,NA,NA
"7285",2017-10-17,NA,NA,NA,NA,NA
"7286",2017-10-18,NA,NA,NA,NA,NA
"7287",2017-10-19,NA,NA,NA,NA,NA
"7288",2017-10-20,NA,NA,NA,NA,NA
"7289",2017-10-23,NA,NA,NA,NA,NA
"7290",2017-10-24,NA,NA,NA,NA,NA
"7291",2017-10-25,NA,NA,NA,NA,NA
"7292",2017-10-26,NA,NA,NA,NA,NA
"7293",2017-10-27,NA,NA,NA,NA,NA
"7294",2017-10-30,NA,NA,NA,NA,NA
"7295",2017-10-31,NA,NA,NA,NA,NA
"7296",2017-11-01,NA,NA,NA,NA,NA
"7297",2017-11-02,NA,NA,NA,NA,NA
"7298",2017-11-03,NA,NA,NA,NA,NA
"7299",2017-11-06,NA,NA,NA,NA,NA
"7300",2017-11-07,NA,NA,NA,NA,NA
"7301",2017-11-08,NA,NA,NA,NA,NA
"7302",2017-11-09,NA,NA,NA,NA,NA
"7303",2017-11-10,NA,NA,NA,NA,NA
"7304",2017-11-13,NA,NA,NA,NA,NA
"7305",2017-11-14,NA,NA,NA,NA,NA
"7306",2017-11-15,NA,NA,NA,NA,NA
"7307",2017-11-16,NA,NA,NA,NA,NA
"7308",2017-11-17,NA,NA,NA,NA,NA
"7309",2017-11-20,NA,NA,NA,NA,NA
"7310",2017-11-21,NA,NA,NA,NA,NA
"7311",2017-11-22,NA,NA,NA,NA,NA
"7312",2017-11-23,NA,NA,NA,NA,NA
"7313",2017-11-24,NA,NA,NA,NA,NA
"7314",2017-11-27,NA,NA,NA,NA,NA
"7315",2017-11-28,NA,NA,NA,NA,NA
"7316",2017-11-29,NA,NA,NA,NA,NA
"7317",2017-11-30,NA,NA,NA,NA,NA
"7318",2017-12-01,NA,NA,NA,NA,NA
"7319",2017-12-04,NA,NA,NA,NA,NA
"7320",2017-12-05,NA,NA,NA,NA,NA
"7321",2017-12-06,NA,NA,NA,NA,NA
"7322",2017-12-07,NA,NA,NA,NA,NA
"7323",2017-12-08,NA,NA,NA,NA,NA
"7324",2017-12-11,NA,NA,NA,NA,NA
"7325",2017-12-12,NA,NA,NA,NA,NA
"7326",2017-12-13,NA,NA,NA,NA,NA
"7327",2017-12-14,NA,NA,NA,NA,NA
"7328",2017-12-15,NA,NA,NA,NA,NA
"7329",2017-12-18,NA,NA,NA,NA,NA
"7330",2017-12-19,NA,NA,NA,NA,NA
"7331",2017-12-20,NA,NA,NA,NA,NA
"7332",2017-12-21,NA,NA,NA,NA,NA
"7333",2017-12-22,NA,NA,NA,NA,NA
"7334",2017-12-26,NA,NA,NA,NA,NA
"7335",2017-12-27,NA,NA,NA,NA,NA
"7336",2017-12-28,NA,NA,NA,NA,NA
"7337",2018-01-02,NA,NA,NA,NA,NA
"7338",2018-01-03,NA,NA,NA,NA,NA
"7339",2018-01-04,NA,NA,NA,NA,NA
"7340",2018-01-05,NA,NA,NA,NA,NA
"7341",2018-01-08,NA,NA,NA,NA,NA
"7342",2018-01-09,NA,NA,NA,NA,NA
"7343",2018-01-10,NA,NA,NA,NA,NA
"7344",2018-01-11,NA,NA,NA,NA,NA
"7345",2018-01-12,NA,NA,NA,NA,NA
"7346",2018-01-15,NA,NA,NA,NA,NA
"7347",2018-01-16,NA,NA,NA,NA,NA
"7348",2018-01-17,NA,NA,NA,NA,NA
"7349",2018-01-18,NA,NA,NA,NA,NA
"7350",2018-01-19,NA,NA,NA,NA,NA
"7351",2018-01-22,NA,NA,NA,NA,NA
"7352",2018-01-23,NA,NA,NA,NA,NA
"7353",2018-01-24,NA,NA,NA,NA,NA
"7354",2018-01-25,NA,NA,NA,NA,NA
"7355",2018-01-26,NA,NA,NA,NA,NA
"7356",2018-01-29,NA,NA,NA,NA,NA
"7357",2018-01-30,NA,NA,NA,NA,NA
"7358",2018-01-31,NA,NA,NA,NA,NA
"7359",2018-02-01,NA,NA,NA,NA,NA
"7360",2018-02-02,NA,NA,NA,NA,NA
"7361",2018-02-05,NA,NA,NA,NA,NA
"7362",2018-02-06,NA,NA,NA,NA,NA
"7363",2018-02-07,NA,NA,NA,NA,NA
"7364",2018-02-08,NA,NA,NA,NA,NA
"7365",2018-02-09,NA,NA,NA,NA,NA
"7366",2018-02-12,NA,NA,NA,NA,NA
"7367",2018-02-13,NA,NA,NA,NA,NA
"7368",2018-02-14,NA,NA,NA,NA,NA
"7369",2018-02-19,NA,NA,NA,NA,NA
"7370",2018-02-20,NA,NA,NA,NA,NA
"7371",2018-02-21,NA,NA,NA,NA,NA
"7372",2018-02-22,NA,NA,NA,NA,NA
"7373",2018-02-23,NA,NA,NA,NA,NA
"7374",2018-02-26,NA,NA,NA,NA,NA
"7375",2018-02-27,NA,NA,NA,NA,NA
"7376",2018-02-28,NA,NA,NA,NA,NA
"7377",2018-03-02,NA,NA,NA,NA,NA
"7378",2018-03-05,NA,NA,NA,NA,NA
"7379",2018-03-06,NA,NA,NA,NA,NA
"7380",2018-03-07,NA,NA,NA,NA,NA
"7381",2018-03-08,NA,NA,NA,NA,NA
"7382",2018-03-09,NA,NA,NA,NA,NA
"7383",2018-03-12,NA,NA,NA,NA,NA
"7384",2018-03-13,NA,NA,NA,NA,NA
"7385",2018-03-14,NA,NA,NA,NA,NA
"7386",2018-03-15,NA,NA,NA,NA,NA
"7387",2018-03-16,NA,NA,NA,NA,NA
"7388",2018-03-19,NA,NA,NA,NA,NA
"7389",2018-03-20,NA,NA,NA,NA,NA
"7390",2018-03-21,NA,NA,NA,NA,NA
"7391",2018-03-22,NA,NA,NA,NA,NA
"7392",2018-03-23,NA,NA,NA,NA,NA
"7393",2018-03-26,NA,NA,NA,NA,NA
"7394",2018-03-27,NA,NA,NA,NA,NA
"7395",2018-03-28,NA,NA,NA,NA,NA
"7396",2018-03-29,NA,NA,NA,NA,NA
"7397",2018-03-30,NA,NA,NA,NA,NA
"7398",2018-04-02,6000,6900,5100,6060,5265
"7399",2018-04-03,6200,6200,5160,5160,4483
"7400",2018-04-04,5180,5180,4390,4485,3896
"7401",2018-04-05,4250,4250,3845,4100,3562
"7402",2018-04-06,4100,4140,4095,4100,3562
"7403",2018-04-09,4100,4100,4100,4100,3562
"7404",2018-04-10,4100,4100,3890,4095,3558
"7405",2018-04-11,3910,4110,3880,4100,3562
"7406",2018-04-12,4100,4100,3990,4100,3562
"7407",2018-04-13,3890,4080,3870,3870,3362
"7408",2018-04-16,3895,3895,3310,3500,3041
"7409",2018-04-17,3700,3700,3400,3695,3210
"7410",2018-04-18,3700,3705,3695,3695,3210
"7411",2018-04-19,3685,3685,3685,3685,3201
"7412",2018-04-20,3695,3700,3600,3685,3201
"7413",2018-04-23,3685,3705,3685,3700,3214
"7414",2018-04-24,3700,3715,3505,3615,3141
"7415",2018-04-25,3635,3925,3505,3925,3410
"7416",2018-04-26,3915,4065,3630,4050,3518
"7417",2018-04-27,4200,4200,3870,4030,3501
"7418",2018-04-30,3855,4045,3835,4010,3484
"7419",2018-05-02,4010,4020,3795,3795,3297
"7420",2018-05-03,3810,3995,3715,3980,3458
"7421",2018-05-04,3995,3995,3635,3985,3462
"7422",2018-05-08,3775,3855,3775,3850,3345
"7423",2018-05-09,4045,4045,3870,3870,3362
"7424",2018-05-10,3870,4000,3870,3995,3471
"7425",2018-05-11,3995,4000,3995,3995,3471
"7426",2018-05-14,3950,3950,3950,3950,3432
"7427",2018-05-15,3930,3930,3800,3900,3388
"7428",2018-05-16,3800,3925,3800,3925,3410
"7429",2018-05-17,3925,3925,3925,3925,3410
"7430",2018-05-18,3925,3935,3805,3935,3419
"7431",2018-05-21,3830,3830,3830,3830,3327
"7432",2018-05-23,3850,4350,3850,4350,3779
"7433",2018-05-24,4360,4700,4130,4640,4031
"7434",2018-05-25,4625,4900,4405,4880,4239
"7435",2018-05-28,4880,4880,4615,4870,4231
"7436",2018-05-29,4610,4850,4605,4750,4127
"7437",2018-05-30,4750,4750,4260,4745,4122
"7438",2018-05-31,4750,4850,4500,4825,4192
"7439",2018-06-01,4825,4830,4825,4830,4196
"7440",2018-06-04,4750,4750,4740,4740,4118
"7441",2018-06-05,4600,4750,4500,4730,4109
"7442",2018-06-07,4735,4845,4735,4840,4205
"7443",2018-06-08,4800,4870,4800,4800,4170
"7444",2018-06-11,4805,4820,4805,4820,4187
"7445",2018-06-12,4900,4900,4700,4700,4083
"7446",2018-06-14,5000,5000,4700,4890,4248
"7447",2018-06-15,4900,4900,4700,4800,4170
"7448",2018-06-18,4700,4995,4605,4995,4339
"7449",2018-06-19,4795,5090,4750,4950,4300
"7450",2018-06-20,4750,4945,4750,4945,4296
"7451",2018-06-21,4700,4895,4605,4890,4248
"7452",2018-06-22,4700,4870,4700,4870,4231
"7453",2018-06-25,4610,4800,4490,4800,4170
"7454",2018-06-26,4700,4785,4600,4745,4122
"7455",2018-06-27,4745,4745,4745,4745,4122
"7456",2018-06-28,4510,4700,4510,4600,3996
"7457",2018-06-29,4600,4600,4360,4595,3992
"7458",2018-07-02,4640,4640,4550,4550,3953
"7459",2018-07-03,4570,4570,4500,4500,3909
"7460",2018-07-04,4525,4530,4525,4530,3935
"7461",2018-07-05,4360,4550,4360,4550,3953
"7462",2018-07-06,4500,4500,4500,4500,3909
"7463",2018-07-09,4500,4515,4400,4515,3922
"7464",2018-07-10,4515,4515,4515,4515,3922
"7465",2018-07-11,4500,4500,4500,4500,3909
"7466",2018-07-12,4460,4460,4460,4460,3875
"7467",2018-07-13,4460,4475,4430,4450,3866
"7468",2018-07-16,4475,4480,4450,4450,3866
"7469",2018-07-17,4450,4500,4405,4500,3909
"7470",2018-07-18,4545,4600,4540,4540,3944
"7471",2018-07-19,4540,4600,4450,4450,3866
"7472",2018-07-20,4410,4410,4400,4400,3822
"7473",2018-07-23,4405,4405,4405,4405,3827
"7474",2018-07-24,4400,4400,4400,4400,3822
"7475",2018-07-25,4400,4400,4400,4400,3822
"7476",2018-07-26,4410,4415,4410,4410,3831
"7477",2018-07-27,4415,4415,4415,4415,3836
"7478",2018-07-30,4445,4445,4445,4445,3862
"7479",2018-07-31,4445,4500,4405,4415,3836
"7480",2018-08-01,4350,4490,4350,4405,3827
"7481",2018-08-02,4500,4500,4450,4450,3866
"7482",2018-08-03,4500,4500,4455,4455,3870
"7483",2018-08-06,4500,4530,4455,4520,3927
"7484",2018-08-07,4540,4600,4520,4600,3996
"7485",2018-08-08,4600,4600,4500,4500,3909
"7486",2018-08-09,4500,4500,4500,4500,3909
"7487",2018-08-10,4500,4500,4500,4500,3909
"7488",2018-08-13,4500,4500,4500,4500,3909
"7489",2018-08-14,4500,4550,4500,4540,3944
"7490",2018-08-16,4540,4540,4540,4540,3944
"7491",2018-08-17,4580,4580,4350,4360,3788
"7492",2018-08-20,4400,4450,4375,4450,3866
"7493",2018-08-21,4500,4500,4450,4450,3866
"7494",2018-08-22,4450,4450,4445,4445,3862
"7495",2018-08-23,4440,4445,4400,4445,3862
"7496",2018-08-24,4500,4500,4500,4500,3909
"7497",2018-08-27,4470,4500,4470,4500,3909
"7498",2018-08-28,4500,4540,4350,4400,3822
"7499",2018-08-29,4500,4500,4490,4500,3909
"7500",2018-08-30,4500,4530,4500,4530,3935
"7501",2018-08-31,4530,4590,4530,4590,3988
"7502",2018-09-03,4600,4600,4600,4600,3996
"7503",2018-09-04,4700,4700,4500,4700,4083
"7504",2018-09-05,4700,4750,4695,4750,4127
"7505",2018-09-06,4620,4735,4620,4735,4114
"7506",2018-09-07,4735,4735,4735,4735,4114
"7507",2018-09-10,4500,4750,4350,4375,3801
"7508",2018-09-11,4480,4690,4390,4690,4074
"7509",2018-09-12,4715,4715,4390,4685,4070
"7510",2018-09-13,4670,4670,4260,4670,4057
"7511",2018-09-14,4700,4700,4200,4600,3996
"7512",2018-09-17,4500,4600,4500,4600,3996
"7513",2018-09-18,4740,4740,4475,4740,4118
"7514",2018-09-19,4580,4745,4580,4745,4122
"7515",2018-09-20,4560,4600,4560,4600,3996
"7516",2018-09-21,4500,4600,4500,4600,3996
"7517",2018-09-27,4445,4545,4000,4545,3948
"7518",2018-09-28,4410,4500,4310,4500,3909
"7519",2018-10-01,4600,5170,4600,5100,4431
"7520",2018-10-02,5090,5290,5010,5050,4387
"7521",2018-10-04,5190,5190,5080,5190,4509
"7522",2018-10-05,5200,5200,5080,5100,4431
"7523",2018-10-08,5100,5170,5100,5100,4431
"7524",2018-10-10,5220,5220,4950,4950,4300
"7525",2018-10-11,5000,5000,4740,4740,4118
"7526",2018-10-12,4825,4825,4565,4815,4183
"7527",2018-10-15,4800,5490,4700,5390,4683
"7528",2018-10-16,5180,5180,5100,5100,4431
"7529",2018-10-17,5150,5150,5100,5100,4431
"7530",2018-10-18,5050,5090,4965,5030,4370
"7531",2018-10-19,5090,5090,4935,5000,4344
"7532",2018-10-22,5260,5260,4975,4990,4335
"7533",2018-10-23,5100,5100,4750,4950,4300
"7534",2018-10-24,4950,4950,4500,4770,4144
"7535",2018-10-25,4585,4830,4585,4820,4187
"7536",2018-10-26,4820,4910,4500,4905,4261
"7537",2018-10-29,4715,4980,4520,4980,4326
"7538",2018-10-30,4840,4980,4655,4895,4253
"7539",2018-10-31,4895,4895,4520,4880,4239
"7540",2018-11-01,4950,5450,4900,5270,4578
"7541",2018-11-02,5090,5200,4905,4905,4261
"7542",2018-11-05,4970,5490,4950,5490,4769
"7543",2018-11-06,5490,5550,5350,5490,4769
"7544",2018-11-07,5450,5500,5450,5500,4778
"7545",2018-11-08,5480,5480,5380,5450,4735
"7546",2018-11-09,5340,5480,5340,5480,4761
"7547",2018-11-12,5340,5500,5340,5500,4778
"7548",2018-11-13,5500,5550,5450,5550,4822
"7549",2018-11-14,5500,5550,5460,5500,4778
"7550",2018-11-15,5550,5550,5500,5500,4778
"7551",2018-11-16,5500,5550,5500,5500,4778
"7552",2018-11-19,5500,5860,5500,5700,4952
"7553",2018-11-20,5800,5940,5600,5800,5039
"7554",2018-11-21,6280,6280,6100,6100,5299
"7555",2018-11-22,6100,6500,6100,6400,5560
"7556",2018-11-23,6400,6400,6200,6200,5386
"7557",2018-11-26,6360,6360,6010,6190,5378
"7558",2018-11-27,6200,6200,6200,6200,5386
"7559",2018-11-28,6020,6290,6010,6200,5386
"7560",2018-11-29,6010,6310,5740,6000,5212
"7561",2018-11-30,6160,6160,5500,5990,5204
"7562",2018-12-03,5770,6000,5770,5770,5013
"7563",2018-12-04,5600,5900,5600,5880,5108
"7564",2018-12-05,5880,5880,5510,5510,4787
"7565",2018-12-06,5350,5590,5340,5340,4639
"7566",2018-12-07,5340,5400,5340,5400,4691
"7567",2018-12-10,5350,6180,5350,5700,4952
"7568",2018-12-11,5700,5700,5690,5700,4952
"7569",2018-12-12,5700,5700,5600,5600,4865
"7570",2018-12-13,5600,5700,5600,5700,4952
"7571",2018-12-14,5700,5700,5670,5670,4926
"7572",2018-12-17,5670,5700,5610,5610,4874
"7573",2018-12-18,5700,5820,5700,5700,4952
"7574",2018-12-19,5700,5750,5610,5630,4891
"7575",2018-12-20,5630,5630,5630,5630,4891
"7576",2018-12-21,5680,5680,5680,5680,4934
"7577",2018-12-24,5650,5650,5650,5650,4908
"7578",2018-12-26,5820,5820,5820,5820,5056
"7579",2018-12-27,5810,5810,5700,5800,5039
"7580",2018-12-28,5800,5800,5760,5760,5004
"7581",2019-01-02,5600,5860,5600,5860,5091
"7582",2019-01-03,5860,5860,5860,5860,5091
"7583",2019-01-04,5660,5850,5660,5850,5082
"7584",2019-01-07,5930,5930,5900,5900,5126
"7585",2019-01-08,5670,5800,5660,5680,4934
"7586",2019-01-09,5750,5750,5750,5750,4995
"7587",2019-01-10,5800,5800,5530,5790,5030
"7588",2019-01-11,5790,5790,5790,5790,5030
"7589",2019-01-14,5790,5790,5790,5790,5030
"7590",2019-01-15,5750,5790,5700,5700,4952
"7591",2019-01-16,5750,5750,5700,5700,4952
"7592",2019-01-17,5700,5700,5700,5700,4952
"7593",2019-01-18,5700,5700,5700,5700,4952
"7594",2019-01-21,5700,5700,5700,5700,4952
"7595",2019-01-22,5700,5700,5700,5700,4952
"7596",2019-01-23,5700,5750,5700,5700,4952
"7597",2019-01-24,5700,5820,5700,5820,5056
"7598",2019-01-25,5710,5710,5710,5710,4961
"7599",2019-01-28,5810,5820,5810,5820,5056
"7600",2019-01-29,5820,5850,5820,5850,5082
"7601",2019-01-30,5850,5850,5850,5850,5082
"7602",2019-01-31,5850,5850,5850,5850,5082
"7603",2019-02-01,5850,5850,5850,5850,5082
"7604",2019-02-07,5950,5950,5950,5950,5169
"7605",2019-02-08,5950,6050,5950,6050,5256
"7606",2019-02-11,6050,6050,6050,6050,5256
"7607",2019-02-12,6100,6100,6100,6100,5299
"7608",2019-02-13,6100,6100,6100,6100,5299
"7609",2019-02-14,6220,6220,6000,6000,5212
"7610",2019-02-15,6100,6100,6100,6100,5299
"7611",2019-02-18,6000,6200,6000,6100,5299
"7612",2019-02-19,6100,6100,6100,6100,5299
"7613",2019-02-20,6100,6200,6050,6150,5343
"7614",2019-02-21,6100,6100,6100,6100,5299
"7615",2019-02-22,7000,7000,6990,6990,6073
"7616",2019-02-25,6710,6710,6710,6710,5829
"7617",2019-02-26,6830,6830,6830,6830,5934
"7618",2019-02-27,6990,7000,6950,6950,6038
"7619",2019-02-28,6940,6940,6940,6940,6029
"7620",2019-03-04,6940,6940,6900,6900,5994
"7621",2019-03-05,6900,6950,6850,6950,6038
"7622",2019-03-06,6850,6950,6850,6950,6038
"7623",2019-03-07,6950,7000,6850,7000,6081
"7624",2019-03-08,6900,6900,6750,6750,5864
"7625",2019-03-11,6600,6600,6500,6500,5647
"7626",2019-03-12,6500,6900,6500,6900,5994
"7627",2019-03-13,6670,6900,6670,6670,5795
"7628",2019-03-14,6700,6700,6700,6700,5821
"7629",2019-03-15,6700,6750,6700,6750,5864
"7630",2019-03-18,6850,6850,6850,6850,5951
"7631",2019-03-19,6800,6800,6800,6800,5907
"7632",2019-03-20,6500,6500,6500,6500,5647
"7633",2019-03-21,6500,6650,6500,6650,5777
"7634",2019-03-22,6450,6700,6450,6700,5821
"7635",2019-03-25,6690,6700,6690,6700,5821
"7636",2019-03-26,6700,6700,6700,6700,5821
"7637",2019-03-27,6700,6700,6460,6460,5612
"7638",2019-03-28,6500,6500,6500,6500,5647
"7639",2019-03-29,6500,6500,6500,6500,5647
"7640",2019-04-01,6550,6550,6550,6550,5690
"7641",2019-04-02,6370,6640,6370,6640,5768
"7642",2019-04-03,6390,6600,6300,6600,5734
"7643",2019-04-04,6350,6490,6350,6490,5638
"7644",2019-04-05,6250,6450,6250,6450,5603
"7645",2019-04-08,6450,6450,6450,6450,5603
"7646",2019-04-09,6450,6450,6450,6450,5603
"7647",2019-04-10,6590,6590,6590,6590,5725
"7648",2019-04-11,6350,6680,6350,6680,5803
"7649",2019-04-12,6680,6680,6680,6680,5803
"7650",2019-04-15,6440,6800,6440,6800,5907
"7651",2019-04-16,6550,6880,6550,6880,5977
"7652",2019-04-17,6590,6860,6590,6860,5960
"7653",2019-04-18,6570,6700,6570,6700,5821
"7654",2019-04-19,6700,6700,6700,6700,5821
"7655",2019-04-22,6700,6700,6670,6670,5795
"7656",2019-04-23,6670,6670,6650,6670,5795
"7657",2019-04-24,6670,6670,6670,6670,5795
"7658",2019-04-25,6590,6590,6590,6590,5725
"7659",2019-04-26,6700,6970,6600,6960,6046
"7660",2019-04-29,6900,7100,6900,7080,6151
"7661",2019-04-30,6810,7070,6810,7070,6142
"7662",2019-05-02,7150,7150,7150,7150,6212
"7663",2019-05-03,7150,7150,7080,7150,6212
"7664",2019-05-07,7000,7240,6650,7000,6081
"7665",2019-05-08,7080,7080,7080,7080,6151
"7666",2019-05-09,6800,7200,6800,7150,6212
"7667",2019-05-10,7200,7200,6850,7000,6081
"7668",2019-05-13,7000,7000,7000,7000,6081
"7669",2019-05-14,7000,7000,7000,7000,6081
"7670",2019-05-15,7100,7500,7000,7450,6472
"7671",2019-05-16,7450,7530,7350,7350,6385
"7672",2019-05-17,7350,7430,7350,7430,6455
"7673",2019-05-20,7540,7550,7540,7550,6559
"7674",2019-05-21,7550,7650,7550,7650,6646
"7675",2019-05-22,7600,7810,7600,7810,6785
"7676",2019-05-23,7810,7950,7810,7950,6907
"7677",2019-05-24,7950,8000,7950,8000,6950
"7678",2019-05-27,8100,8140,8100,8140,7072
"7679",2019-05-28,8000,8140,8000,8140,7072
"7680",2019-05-29,8140,8140,8000,8100,7037
"7681",2019-05-30,8150,8150,8150,8150,7080
"7682",2019-05-31,8150,8150,8150,8150,7080
"7683",2019-06-03,8050,8100,8000,8050,6993
"7684",2019-06-04,7950,8050,7950,8050,6993
"7685",2019-06-05,7950,7950,7950,7950,6907
"7686",2019-06-07,7950,7950,7950,7950,6907
"7687",2019-06-10,7600,8000,7600,8000,6950
"7688",2019-06-11,7990,7990,7990,7990,6941
"7689",2019-06-12,7980,7980,7950,7950,6907
"7690",2019-06-13,7660,7950,7660,7950,6907
"7691",2019-06-14,7950,7950,7950,7950,6907
"7692",2019-06-17,7790,7790,7790,7790,6768
"7693",2019-06-18,7970,8020,7970,8020,6967
"7694",2019-06-19,7940,7940,7940,7940,6898
"7695",2019-06-20,7680,8000,7680,7950,6907
"7696",2019-06-21,7950,7950,7700,7950,6907
"7697",2019-06-24,7950,7950,7950,7950,6907
"7698",2019-06-25,7950,7950,7950,7950,6907
"7699",2019-06-26,7950,7950,7950,7950,6907
"7700",2019-06-27,7680,7890,7680,7890,6854
"7701",2019-06-28,7540,7540,7540,7540,6550
"7702",2019-07-01,7500,7530,7200,7530,6542
"7703",2019-07-02,7520,7520,7520,7520,6533
"7704",2019-07-03,7500,7650,7500,7500,6516
"7705",2019-07-04,7500,7500,7500,7500,6516
"7706",2019-07-05,7650,7990,7500,7970,6924
"7707",2019-07-08,7650,7930,7320,7930,6889
"7708",2019-07-09,7650,7950,7630,7950,6907
"7709",2019-07-10,7890,7890,7890,7890,6854
"7710",2019-07-11,7880,7880,7880,7880,6846
"7711",2019-07-12,7600,7900,7590,7630,6629
"7712",2019-07-15,7520,7790,7520,7790,6768
"7713",2019-07-16,7800,7900,7580,7900,6863
"7714",2019-07-17,7700,7980,7600,7980,6933
"7715",2019-07-18,7600,7890,7600,7890,6854
"7716",2019-07-19,7930,7940,7930,7940,6898
"7717",2019-07-22,7970,7970,7550,7970,6924
"7718",2019-07-23,7970,7970,7970,7970,6924
"7719",2019-07-24,7970,7970,7970,7970,6924
"7720",2019-07-25,7970,7970,7970,7970,6924
"7721",2019-07-26,7540,7970,7520,7520,6533
"7722",2019-07-29,7550,7950,7550,7950,6907
"7723",2019-07-30,7550,7950,7540,7540,6550
"7724",2019-07-31,7970,8040,7690,8040,6985
"7725",2019-08-01,8040,8040,8020,8040,6985
"7726",2019-08-02,8050,8050,7610,7790,6768
"7727",2019-08-05,8200,8200,7660,7660,6655
"7728",2019-08-06,7700,7700,7700,7700,6689
"7729",2019-08-07,7970,7970,7500,7700,6689
"7730",2019-08-08,7700,7790,7700,7790,6768
"7731",2019-08-09,7800,7800,7700,7700,6689
"7732",2019-08-12,7690,7700,7690,7700,6689
"7733",2019-08-13,7690,7700,7690,7700,6689
"7734",2019-08-14,7660,7660,7660,7660,6655
"7735",2019-08-16,7600,7600,7160,7160,6220
"7736",2019-08-19,7170,7650,7170,7650,6646
"7737",2019-08-20,7120,7570,7120,7570,6576
"7738",2019-08-21,7540,7540,7540,7540,6550
"7739",2019-08-22,7520,7520,7520,7520,6533
"7740",2019-08-23,7490,7510,7490,7510,6524
"7741",2019-08-26,7490,7490,7490,7490,6507
"7742",2019-08-27,7500,8000,7500,7800,6776
"7743",2019-08-28,8000,8000,8000,8000,6950
"7744",2019-08-29,7660,7730,7660,7730,6715
"7745",2019-08-30,7400,7780,7110,7110,6177
"7746",2019-09-02,7800,7800,7350,7400,6429
"7747",2019-09-03,7400,7400,7400,7400,6429
"7748",2019-09-04,7300,8000,7300,8000,6950
"7749",2019-09-05,7900,7900,7750,7900,6863
"7750",2019-09-06,7800,7800,7650,7780,6759
"7751",2019-09-09,7990,7990,7550,7900,6863
"7752",2019-09-10,7900,7950,7900,7950,6907
"7753",2019-09-11,7990,8150,7990,8150,7080
"7754",2019-09-16,8250,8250,8130,8190,7115
"7755",2019-09-17,8250,8250,8000,8190,7115
"7756",2019-09-18,8150,8150,8000,8150,7080
"7757",2019-09-19,8000,8150,8000,8150,7080
"7758",2019-09-20,8010,8050,8000,8000,6950
"7759",2019-09-23,8150,8150,8100,8100,7037
"7760",2019-09-24,8250,8250,8100,8100,7037
"7761",2019-09-25,8050,8100,8000,8100,7037
"7762",2019-09-26,8020,8150,8020,8150,7080
"7763",2019-09-27,8150,8230,8150,8230,7150
"7764",2019-09-30,8500,8500,8200,8200,7124
"7765",2019-10-01,8300,8300,8140,8140,7072
"7766",2019-10-02,8300,8500,7920,8500,7384
"7767",2019-10-04,8800,8800,8800,8800,7645
"7768",2019-10-07,8800,10100,8800,10000,8687
"7769",2019-10-08,10500,11500,10000,10000,8687
"7770",2019-10-10,10350,10950,10000,10500,9122
"7771",2019-10-11,10950,10950,10100,10300,8948
"7772",2019-10-14,10300,10300,10100,10300,8948
"7773",2019-10-15,10300,10300,10300,10300,8948
"7774",2019-10-16,10950,11000,10500,11000,9556
"7775",2019-10-17,11000,11000,10500,10850,9426
"7776",2019-10-18,10850,10850,10800,10850,9426
"7777",2019-10-21,11250,11250,10300,10750,9339
"7778",2019-10-22,10750,11000,10200,10750,9339
"7779",2019-10-23,10700,10700,10700,10700,9296
"7780",2019-10-24,10700,10900,10400,10900,9469
"7781",2019-10-25,11000,11000,10700,10800,9382
"7782",2019-10-28,11000,11000,10400,10800,9382
"7783",2019-10-29,11000,11000,10350,10900,9469
"7784",2019-10-30,10900,10900,10500,10900,9469
"7785",2019-10-31,10900,11000,10500,10900,9469
"7786",2019-11-01,11250,11250,10900,11050,9600
"7787",2019-11-04,10950,10950,10700,10950,9513
"7788",2019-11-05,11200,11200,10600,10900,9469
"7789",2019-11-06,11000,11100,10900,11000,9556
"7790",2019-11-07,11000,11100,10650,11100,9643
"7791",2019-11-08,11000,11000,10700,10850,9426
"7792",2019-11-11,10800,10850,10000,10100,8774
"7793",2019-11-12,10400,10400,10000,10050,8731
"7794",2019-11-13,10950,10950,9860,9860,8566
"7795",2019-11-14,10000,10000,8680,9800,8514
"7796",2019-11-15,9770,9800,9770,9800,8514
"7797",2019-11-18,9800,10050,9800,10050,8731
"7798",2019-11-19,10050,10050,10050,10050,8731
"7799",2019-11-20,10500,10500,10500,10500,9122
"7800",2019-11-21,10000,10500,9600,10450,9078
"7801",2019-11-22,10300,10300,10300,10300,8948
"7802",2019-11-25,10900,10950,10500,10900,9469
"7803",2019-11-26,10950,10950,10000,10450,9078
"7804",2019-11-27,10900,11900,10500,10950,9513
"7805",2019-11-28,10950,11100,10250,10750,9339
"7806",2019-11-29,10750,10900,10400,10650,9252
"7807",2019-12-02,10900,11000,10750,10750,9339
"7808",2019-12-03,10900,11450,10800,11350,9860
"7809",2019-12-04,10900,11200,10900,11200,9730
"7810",2019-12-05,11100,11100,11100,11100,9643
"7811",2019-12-06,11200,11200,11000,11000,9556
"7812",2019-12-09,10900,11100,9460,11000,9556
"7813",2019-12-10,10950,10950,10950,10950,9513
"7814",2019-12-11,11100,11100,10900,11000,9556
"7815",2019-12-12,10850,11100,10850,11050,9600
"7816",2019-12-13,11100,11100,10700,10900,9469
"7817",2019-12-16,10900,11150,10900,11050,9600
"7818",2019-12-17,11100,11400,11100,11400,9904
"7819",2019-12-18,11500,11850,11450,11750,10208
"7820",2019-12-19,11750,12400,11750,12000,10425
"7821",2019-12-20,12100,12750,12000,12700,11033
"7822",2019-12-23,12950,13050,12500,12950,11250
"7823",2019-12-24,12500,13000,12500,12850,11163
"7824",2019-12-26,12850,13200,12500,13150,11424
"7825",2019-12-27,13150,13700,13150,13500,11728
"7826",2019-12-30,13500,14650,13500,14500,12597
"7827",2020-01-02,14700,15300,14500,15000,13031
"7828",2020-01-03,15150,15200,14800,15100,13118
"7829",2020-01-06,15200,15200,14500,14700,12771
"7830",2020-01-07,14700,14950,14350,14600,12684
"7831",2020-01-08,14700,14700,13850,14000,12162
"7832",2020-01-09,14000,14250,14000,14100,12249
"7833",2020-01-10,13950,14300,13950,14100,12249
"7834",2020-01-13,14650,14650,13800,14200,12336
"7835",2020-01-14,14250,14450,14000,14300,12423
"7836",2020-01-15,14450,14500,14350,14400,12510
"7837",2020-01-16,14600,14700,14300,14600,12684
"7838",2020-01-17,14700,15400,14600,15350,13335
"7839",2020-01-20,15350,16300,15300,16000,13900
"7840",2020-01-21,16500,16500,15150,16000,13900
"7841",2020-01-22,16350,16350,16000,16150,14030
"7842",2020-01-23,16150,16150,15900,16150,14030
"7843",2020-01-28,16200,16200,15900,16100,13987
"7844",2020-01-29,16300,16300,15900,16200,14074
"7845",2020-01-30,16300,16400,16150,16400,14247
"7846",2020-01-31,16500,16800,16450,16700,14508
"7847",2020-02-03,14200,16200,14200,16100,13987
"7848",2020-02-04,16700,16700,15700,16000,13900
"7849",2020-02-05,15900,16000,15750,16000,13900
"7850",2020-02-06,16300,16300,15650,15850,13770
"7851",2020-02-07,15850,16000,15300,16000,13900
"7852",2020-02-10,13900,14950,12050,12400,12400
"7853",2020-02-11,12800,13150,12000,12550,12550
"7854",2020-02-12,12400,13350,12350,12750,12750
"7855",2020-02-13,12950,12950,12350,12650,12650
"7856",2020-02-14,12850,13000,12450,12500,12500
"7857",2020-02-17,12500,12700,12050,12150,12150
"7858",2020-02-18,12150,12150,11200,11450,11450
"7859",2020-02-19,11400,11450,10750,11000,11000
"7860",2020-02-20,10950,12250,10850,11500,11500
"7861",2020-02-21,11400,12000,11050,11550,11550
"7862",2020-02-24,11150,11350,10400,10700,10700
"7863",2020-02-25,10650,11000,10300,10600,10600
"7864",2020-02-26,10150,10500,9990,10200,10200
"7865",2020-02-27,10200,10400,9750,9750,9750
"7866",2020-02-28,9590,9750,8820,8990,8990
"7867",2020-03-02,8990,9450,8800,9100,9100
"7868",2020-03-03,9400,9600,9150,9150,9150
"7869",2020-03-04,9150,9400,9150,9260,9260
"7870",2020-03-05,9400,9400,9170,9290,9290
"7871",2020-03-06,9250,9250,8810,8920,8920
"7872",2020-03-09,8850,8850,8090,8250,8250
"7873",2020-03-10,8000,8150,7850,8150,8150
"7874",2020-03-11,8150,8280,7800,7970,7970
"7875",2020-03-12,7850,8010,7300,7890,7890
"7876",2020-03-13,7160,8180,6520,7300,7300
"7877",2020-03-16,7780,7780,7150,7150,7150
"7878",2020-03-17,7000,7150,6540,6760,6760
"7879",2020-03-18,6760,7330,6480,6580,6580
"7880",2020-03-19,6600,6980,5300,5790,5790
"7881",2020-03-20,5860,6290,5750,6120,6120
"7882",2020-03-23,5430,5640,5210,5250,5250
"7883",2020-03-24,5500,5710,5220,5690,5690
"7884",2020-03-25,5940,7180,5880,6550,6550
"7885",2020-03-26,6770,7400,6600,7000,7000
"7886",2020-03-27,7130,7200,6700,6910,6910
"7887",2020-03-30,6950,7180,6580,7170,7170
"7888",2020-03-31,7380,7970,7280,7630,7630
"7889",2020-04-01,7630,9510,7630,8380,8380
"7890",2020-04-02,8400,9260,7610,8550,8550
"7891",2020-04-03,8980,8980,8600,8700,8700
"7892",2020-04-06,8840,8850,8580,8710,8710
"7893",2020-04-07,8910,8920,8660,8810,8810
"7894",2020-04-08,8850,9880,8810,9590,9590
"7895",2020-04-09,9750,10950,9750,10900,10900
"7896",2020-04-10,11200,11900,10250,11000,11000
"7897",2020-04-13,10850,10850,10350,10350,10350
"7898",2020-04-14,10900,10950,10250,10750,10750
"7899",2020-04-16,10450,12200,10400,11850,11850
"7900",2020-04-17,12050,12150,11550,11850,11850
"7901",2020-04-20,12800,13200,12400,12650,12650
"7902",2020-04-21,12600,13100,11600,12800,12800
"7903",2020-04-22,12800,13050,12250,12900,12900
"7904",2020-04-23,13000,13300,12850,12950,12950
"7905",2020-04-24,13250,13300,12700,13000,13000
"7906",2020-04-27,13200,13200,12550,13000,13000
"7907",2020-04-28,13100,13100,12350,12500,12500
"7908",2020-04-29,12550,12700,11750,12350,12350
"7909",2020-05-04,12000,12200,11800,12200,12200
"7910",2020-05-06,12200,12550,12200,12400,12400
"7911",2020-05-07,12550,12850,12400,12700,12700
"7912",2020-05-08,12900,12950,12650,12900,12900
"7913",2020-05-11,13300,14850,13050,14350,14350
"7914",2020-05-12,14900,14950,14150,14400,14400
"7915",2020-05-13,14350,14600,14000,14600,14600
"7916",2020-05-14,14600,16200,14200,15250,15250
"7917",2020-05-15,15050,15300,14600,14700,14700
"7918",2020-05-18,14550,15050,13500,14700,14700
"7919",2020-05-19,14700,14850,14050,14100,14100
"7920",2020-05-20,14000,14500,13900,14500,14500
"7921",2020-05-21,14700,14800,14200,14800,14800
"7922",2020-05-22,14800,14800,13950,14350,14350
"7923",2020-05-25,14100,14350,13100,13800,13800
"7924",2020-05-26,14000,15800,13550,15000,15000
"7925",2020-05-27,14950,15350,14500,14550,14550
"7926",2020-05-28,14450,15050,14000,14200,14200
"7927",2020-05-29,14800,15650,14100,15550,15550
"7928",2020-06-01,15600,16850,15450,16750,16750
"7929",2020-06-02,16750,16950,15900,16350,16350
"7930",2020-06-03,16450,17000,16100,16400,16400
"7931",2020-06-04,16400,16450,15600,15850,15850
"7932",2020-06-05,15900,16500,15900,16200,16200
"7933",2020-06-08,16300,16450,15600,15950,15950
"7934",2020-06-09,16200,16200,15300,15500,15500
"7935",2020-06-10,15500,16050,15200,15800,15800
"7936",2020-06-11,15950,16150,15600,15700,15700
"7937",2020-06-12,14800,15500,14550,15350,15350
"7938",2020-06-15,15300,15350,13550,13850,13850
"7939",2020-06-16,14150,14850,14050,14500,14500
"7940",2020-06-17,14350,14900,13450,13850,13850
"7941",2020-06-18,14050,14450,13500,13700,13700
"7942",2020-06-19,14000,14100,13750,13950,13950
"7943",2020-06-22,14200,15750,14000,15750,15750
"7944",2020-06-23,15750,15750,14850,15450,15450
"7945",2020-06-24,15600,15600,14950,15300,15300
"7946",2020-06-25,14950,15150,14350,14500,14500
"7947",2020-06-26,14750,14800,14500,14550,14550
"7948",2020-06-29,14450,14600,14150,14550,14550
"7949",2020-06-30,14950,14950,14450,14500,14500
"7950",2020-07-01,14650,14650,13800,14000,14000
"7951",2020-07-02,14000,14550,14000,14400,14400
"7952",2020-07-03,14400,14600,14150,14250,14250
"7953",2020-07-06,15000,15000,14450,14750,14750
"7954",2020-07-07,15000,15000,14500,14850,14850
"7955",2020-07-08,14950,14950,14550,14750,14750
"7956",2020-07-09,14600,15700,14500,15200,15200
"7957",2020-07-10,15350,15550,14900,15300,15300
"7958",2020-07-13,15300,16250,14900,16100,16100
"7959",2020-07-14,16000,17400,15800,17150,17150
"7960",2020-07-15,17850,22250,17500,22250,22250
"7961",2020-07-16,23600,24450,20000,21950,21950
"7962",2020-07-17,22750,23000,21300,22150,22150
"7963",2020-07-20,21750,22150,20750,22150,22150
"7964",2020-07-21,21650,23200,21650,22450,22450
"7965",2020-07-22,22450,24650,22050,22300,22300
"7966",2020-07-23,22550,22700,20850,21700,21700
"7967",2020-07-24,21250,23350,21100,22700,22700
"7968",2020-07-27,22550,23650,22200,23650,23650
"7969",2020-07-28,24000,24300,23150,23600,23600
"7970",2020-07-29,23500,26700,23150,25650,25650
"7971",2020-07-30,25400,26100,25100,25350,25350
"7972",2020-07-31,25300,25300,24350,24450,24450
"7973",2020-08-03,24400,24400,23200,24100,24100
"7974",2020-08-04,23800,25050,23750,24950,24950
"7975",2020-08-05,24950,24950,23250,23500,23500
"7976",2020-08-06,23350,23700,22600,23400,23400
